  -1.2000000e-02  -1.2000000e-02  -4.0000000e-03   9.9996192e-01  -4.0065555e-03  -7.4300934e-03  -2.2121590e-03
  -1.2000000e-02  -1.2000000e-02  -2.0000000e-03   9.9939083e-01   2.2942088e-02   1.7259398e-02  -1.9843101e-02
  -1.2000000e-02  -1.2000000e-02   0.0000000e+00   9.9984770e-01   7.9268654e-03   5.4732543e-03  -1.4553171e-02
  -1.2000000e-02  -1.2000000e-02   2.0000000e-03   9.9996192e-01   4.0393987e-03   5.5400941e-03  -5.3984292e-03
  -1.2000000e-02  -1.2000000e-02   4.0000000e-03   9.9904822e-01  -3.3233787e-02   2.0627676e-02   1.9304542e-02
  -1.2000000e-02  -1.0000000e-02  -4.0000000e-03   9.9965732e-01  -2.5888026e-02  -3.8285254e-03   6.2057770e-04
  -1.2000000e-02  -1.0000000e-02  -2.0000000e-03   1.0000000e+00   0.0000000e+00   0.0000000e+00   0.0000000e+00
  -1.2000000e-02  -1.0000000e-02   0.0000000e+00   1.0000000e+00   0.0000000e+00  -0.0000000e+00   0.0000000e+00
  -1.2000000e-02  -1.0000000e-02   2.0000000e-03   9.9965732e-01   1.4453855e-03  -1.3989745e-02   2.2077828e-02
  -1.2000000e-02  -1.0000000e-02   4.0000000e-03   9.9996192e-01  -2.7258970e-03   5.9724277e-03  -5.7490882e-03
  -1.2000000e-02  -8.0000000e-03  -4.0000000e-03   9.9904822e-01  -2.9787631e-02   2.2519814e-02   2.2543425e-02
  -1.2000000e-02  -8.0000000e-03  -2.0000000e-03   9.9939083e-01   3.2104883e-02   3.5650220e-03  -1.3211433e-02
  -1.2000000e-02  -8.0000000e-03   0.0000000e+00   9.9939083e-01   2.8067788e-02   2.0570648e-02  -2.6500148e-03
  -1.2000000e-02  -8.0000000e-03   2.0000000e-03   9.9965732e-01   2.4084690e-02   3.0367809e-04  -1.0250274e-02
  -1.2000000e-02  -8.0000000e-03   4.0000000e-03   9.9939083e-01  -2.4471711e-02  -2.4665185e-02  -3.2770235e-03
  -1.2000000e-02  -6.0000000e-03  -4.0000000e-03   9.9984770e-01   3.6917998e-03  -1.2080155e-02  -1.2042714e-02
  -1.2000000e-02  -6.0000000e-03  -2.0000000e-03   9.9965732e-01  -1.4893535e-02   5.6035301e-03  -2.0784987e-02
  -1.2000000e-02  -6.0000000e-03   0.0000000e+00   9.9862953e-01  -1.1372073e-02  -5.0451960e-02   8.0204770e-03
  -1.2000000e-02  -6.0000000e-03   2.0000000e-03   9.9965732e-01  -1.4197904e-02  -5.5807659e-04  -2.1985011e-02
  -1.2000000e-02  -6.0000000e-03   4.0000000e-03   9.9862953e-01  -3.2798556e-03   7.4135934e-03  -5.1704289e-02
  -1.2000000e-02  -4.0000000e-03  -4.0000000e-03   9.9904822e-01   3.1572870e-02  -2.2935468e-02  -1.9487666e-02
  -1.2000000e-02  -4.0000000e-03  -2.0000000e-03   9.9939083e-01  -2.9760798e-02  -1.3881720e-02  -1.1813875e-02
  -1.2000000e-02  -4.0000000e-03   0.0000000e+00   9.9862953e-01  -5.1647239e-02  -8.3895359e-03  -1.1093857e-03
  -1.2000000e-02  -4.0000000e-03   2.0000000e-03   9.9996192e-01  -5.7518267e-03   2.2104987e-03  -6.1792077e-03
  -1.2000000e-02  -4.0000000e-03   4.0000000e-03   9.9996192e-01   7.6218146e-03  -4.3458490e-04   4.2274697e-03
  -1.2000000e-02  -2.0000000e-03  -4.0000000e-03   9.9939083e-01  -1.1585989e-02   9.4939568e-03   3.1521493e-02
  -1.2000000e-02  -2.0000000e-03  -2.0000000e-03   9.9984770e-01   1.1129647e-02   1.2142235e-02  -5.7691911e-03
  -1.2000000e-02  -2.0000000e-03   0.0000000e+00   1.0000000e+00  -0.0000000e+00  -0.0000000e+00   0.0000000e+00
  -1.2000000e-02  -2.0000000e-03   2.0000000e-03   9.9904822e-01  -2.5359450e-02   1.3543857e-02   3.2804164e-02
  -1.2000000e-02  -2.0000000e-03   4.0000000e-03   9.9862953e-01   3.9885449e-02  -1.0948860e-02  -3.2067518e-02
  -1.2000000e-02   0.0000000e+00  -4.0000000e-03   9.9939083e-01  -2.5187413e-02  -2.2251983e-02  -9.4031030e-03
  -1.2000000e-02   0.0000000e+00  -2.0000000e-03   9.9904822e-01   8.1640870e-03   8.4990551e-03   4.1997199e-02
  -1.2000000e-02   0.0000000e+00   0.0000000e+00   9.9996192e-01  -7.2522171e-03   4.5787097e-03   1.6103376e-03
  -1.2000000e-02   0.0000000e+00   2.0000000e-03   1.0000000e+00  -0.0000000e+00  -0.0000000e+00  -0.0000000e+00
  -1.2000000e-02   0.0000000e+00   4.0000000e-03   9.9939083e-01   2.5846028e-02   1.8938478e-02   1.3830827e-02
  -1.2000000e-02   2.0000000e-03  -4.0000000e-03   9.9939083e-01  -8.0029638e-03  -2.4510488e-02  -2.3519427e-02
  -1.2000000e-02   2.0000000e-03  -2.0000000e-03   9.9939083e-01   1.4483524e-02   2.5010683e-02   1.9561906e-02
  -1.2000000e-02   2.0000000e-03   0.0000000e+00   9.9939083e-01  -2.6219334e-02   2.1597325e-02  -8.0048079e-03
  -1.2000000e-02   2.0000000e-03   2.0000000e-03   9.9939083e-01   2.0918862e-02   1.3093309e-02   2.4676737e-02
  -1.2000000e-02   2.0000000e-03   4.0000000e-03   1.0000000e+00   0.0000000e+00  -0.0000000e+00   0.0000000e+00
  -1.2000000e-02   4.0000000e-03  -4.0000000e-03   9.9996192e-01   4.3616154e-03  -2.0008145e-03   7.2887224e-03
  -1.2000000e-02   4.0000000e-03  -2.0000000e-03   9.9904822e-01   2.4651968e-02  -2.1071639e-02   2.9170490e-02
  -1.2000000e-02   4.0000000e-03   0.0000000e+00   9.9904822e-01  -8.5564825e-04  -2.0814502e-02  -3.8323300e-02
  -1.2000000e-02   4.0000000e-03   2.0000000e-03   9.9984770e-01  -6.3139489e-03  -1.0692929e-02   1.2263026e-02
  -1.2000000e-02   4.0000000e-03   4.0000000e-03   9.9904822e-01  -4.1474175e-02   8.9391715e-03   1.0130890e-02
  -1.2000000e-02   6.0000000e-03  -4.0000000e-03   9.9862953e-01   2.1678178e-02   4.1667680e-02  -2.3084916e-02
  -1.2000000e-02   6.0000000e-03  -2.0000000e-03   9.9904822e-01   3.7259319e-02  -8.7985236e-05  -2.2680088e-02
  -1.2000000e-02   6.0000000e-03   0.0000000e+00   9.9862953e-01  -7.4065246e-04  -1.0274767e-02   5.1312113e-02
  -1.2000000e-02   6.0000000e-03   2.0000000e-03   9.9965732e-01  -8.2955526e-03  -2.3295158e-02  -8.5879021e-03
  -1.2000000e-02   6.0000000e-03   4.0000000e-03   9.9965732e-01  -1.2934896e-03   2.0717126e-02  -1.5948674e-02
  -1.2000000e-02   8.0000000e-03  -4.0000000e-03   9.9996192e-01   3.5113139e-03  -7.9586412e-03   6.9507259e-04
  -1.2000000e-02   8.0000000e-03  -2.0000000e-03   9.9965732e-01   1.9863255e-02  -3.9299314e-03   1.6590339e-02
  -1.2000000e-02   8.0000000e-03   0.0000000e+00   9.9862953e-01  -1.5832980e-02   4.1856891e-02   2.7136133e-02
  -1.2000000e-02   8.0000000e-03   2.0000000e-03   9.9965732e-01   1.5530902e-02  -6.5920445e-03   2.0014211e-02
  -1.2000000e-02   8.0000000e-03   4.0000000e-03   9.9862953e-01  -3.7126645e-02   3.3878564e-02   1.4591348e-02
  -1.2000000e-02   1.0000000e-02  -4.0000000e-03   9.9904822e-01   1.3439620e-02   2.6494378e-02   3.1938621e-02
  -1.2000000e-02   1.0000000e-02  -2.0000000e-03   9.9996192e-01   4.1193477e-03   7.6791822e-03   4.6212203e-04
  -1.2000000e-02   1.0000000e-02   0.0000000e+00   9.9984770e-01  -1.1432032e-02   9.2379515e-04  -1.3154533e-02
  -1.2000000e-02   1.0000000e-02   2.0000000e-03   9.9965732e-01  -7.1179930e-03  -1.8514382e-02  -1.7081700e-02
  -1.2000000e-02   1.0000000e-02   4.0000000e-03   9.9939083e-01   7.5094859e-03  -2.8866465e-02   1.8119318e-02
  -1.2000000e-02   1.2000000e-02  -4.0000000e-03   9.9862953e-01   1.2930588e-02  -3.6315644e-02   3.5398111e-02
  -1.2000000e-02   1.2000000e-02  -2.0000000e-03   9.9984770e-01   1.5446957e-03  -8.2690895e-03  -1.5291258e-02
  -1.2000000e-02   1.2000000e-02   0.0000000e+00   9.9965732e-01   6.9532610e-03  -6.6813111e-03  -2.4336082e-02
  -1.2000000e-02   1.2000000e-02   2.0000000e-03   9.9939083e-01  -1.9299850e-02  -2.9002490e-02   2.0847647e-03
  -1.2000000e-02   1.2000000e-02   4.0000000e-03   9.9939083e-01  -2.1946538e-02   1.6582149e-03   2.7084584e-02
  -1.0000000e-02  -1.2000000e-02  -4.0000000e-03   9.9904822e-01   1.0006272e-02  -2.9808569e-02   3.0232014e-02
  -1.0000000e-02  -1.2000000e-02  -2.0000000e-03   9.9862953e-01   3.4580973e-02  -3.6708618e-02  -1.3988781e-02
  -1.0000000e-02  -1.2000000e-02   0.0000000e+00   9.9984770e-01  -1.4444909e-04  -8.8019161e-03   1.5069569e-02
  -1.0000000e-02  -1.2000000e-02   2.0000000e-03   9.9965732e-01   2.3809251e-02  -4.8616106e-03   9.7322635e-03
  -1.0000000e-02  -1.2000000e-02   4.0000000e-03   9.9984770e-01   1.0586092e-02   3.2399217e-03  -1.3491629e-02
  -1.0000000e-02  -1.0000000e-02  -4.0000000e-03   9.9939083e-01   1.0260602e-02   1.2950979e-02   3.0740317e-02
  -1.0000000e-02  -1.0000000e-02  -2.0000000e-03   1.0000000e+00   0.0000000e+00   0.0000000e+00   0.0000000e+00
  -1.0000000e-02  -1.0000000e-02   0.0000000e+00   9.9984770e-01   7.4765683e-03  -7.0963672e-03  -1.4082933e-02
  -1.0000000e-02  -1.0000000e-02   2.0000000e-03   9.9862953e-01  -3.9120149e-02  -1.6187194e-03  -3.4728174e-02
  -1.0000000e-02  -1.0000000e-02   4.0000000e-03   9.9965732e-01  -1.6239796e-02   1.2846081e-02   1.6014988e-02
  -1.0000000e-02  -8.0000000e-03  -4.0000000e-03   9.9996192e-01  -4.4312751e-03  -2.8196745e-03   6.9689065e-03
  -1.0000000e-02  -8.0000000e-03  -2.0000000e-03   9.9939083e-01   2.5721383e-02  -1.1855991e-02   2.0391684e-02
  -1.0000000e-02  -8.0000000e-03   0.0000000e+00   9.9939083e-01  -1.7507071e-02  -2.6153857e-02  -1.5081548e-02
  -1.0000000e-02  -8.0000000e-03   2.0000000e-03   9.9984770e-01   5.1210700e-03   1.2406972e-02  -1.1154738e-02
  -1.0000000e-02  -8.0000000e-03   4.0000000e-03   1.0000000e+00  -0.0000000e+00   0.0000000e+00  -0.0000000e+00
  -1.0000000e-02  -6.0000000e-03  -4.0000000e-03   9.9939083e-01   2.2695186e-02   2.4824794e-02  -9.3076855e-03
  -1.0000000e-02  -6.0000000e-03  -2.0000000e-03   9.9984770e-01  -1.7047265e-02   1.7027135e-03  -3.3283657e-03
  -1.0000000e-02  -6.0000000e-03   0.0000000e+00   9.9965732e-01   2.4982615e-02   2.5102538e-03   7.4027165e-03
  -1.0000000e-02  -6.0000000e-03   2.0000000e-03   9.9996192e-01   5.7256619e-03   4.8764679e-03  -4.4259777e-03
  -1.0000000e-02  -6.0000000e-03   4.0000000e-03   9.9939083e-01   1.9097704e-02  -1.8746548e-02   2.2401328e-02
  -1.0000000e-02  -4.0000000e-03  -4.0000000e-03   9.9862953e-01   2.0821375e-02  -3.2235774e-02   3.5586198e-02
  -1.0000000e-02  -4.0000000e-03  -2.0000000e-03   9.9904822e-01   4.2732555e-02   6.5348647e-03   5.8202406e-03
  -1.0000000e-02  -4.0000000e-03   0.0000000e+00   9.9939083e-01  -1.4103565e-03  -4.9976155e-03   3.4511007e-02
  -1.0000000e-02  -4.0000000e-03   2.0000000e-03   1.0000000e+00   0.0000000e+00  -0.0000000e+00   0.0000000e+00
  -1.0000000e-02  -4.0000000e-03   4.0000000e-03   9.9862953e-01   3.7507438e-02  -6.8303877e-03   3.5855128e-02
  -1.0000000e-02  -2.0000000e-03  -4.0000000e-03   9.9996192e-01  -2.1180538e-03  -5.6005867e-03   6.3482044e-03
  -1.0000000e-02  -2.0000000e-03  -2.0000000e-03   9.9984770e-01   8.1443941e-03   8.9936516e-03   1.2544703e-02
  -1.0000000e-02  -2.0000000e-03   0.0000000e+00   9.9939083e-01   1.5780043e-03  -3.2979958e-02  -1.1305181e-02
  -1.0000000e-02  -2.0000000e-03   2.0000000e-03   9.9939083e-01  -1.9262918e-02  -9.9659683e-03   2.7342172e-02
  -1.0000000e-02  -2.0000000e-03   4.0000000e-03   9.9939083e-01  -1.3480588e-02   2.4251054e-02  -2.1169199e-02
  -1.0000000e-02   0.0000000e+00  -4.0000000e-03   9.9996192e-01   2.0264873e-03   2.1121817e-03   8.2209768e-03
  -1.0000000e-02   0.0000000e+00  -2.0000000e-03   9.9996192e-01  -1.7260415e-03  -7.4191509e-03   4.2578636e-03
  -1.0000000e-02   0.0000000e+00   0.0000000e+00   9.9984770e-01   9.2334330e-03   8.2358162e-03   1.2308596e-02
  -1.0000000e-02   0.0000000e+00   2.0000000e-03   9.9862953e-01   5.8592882e-03   2.9687948e-02  -4.2700665e-02
  -1.0000000e-02   0.0000000e+00   4.0000000e-03   1.0000000e+00   0.0000000e+00   0.0000000e+00   0.0000000e+00
  -1.0000000e-02   2.0000000e-03  -4.0000000e-03   9.9904822e-01  -3.2009098e-02  -7.0212594e-03  -2.8788375e-02
  -1.0000000e-02   2.0000000e-03  -2.0000000e-03   9.9996192e-01  -1.5260593e-03   6.1071806e-03  -6.0436669e-03
  -1.0000000e-02   2.0000000e-03   0.0000000e+00   9.9984770e-01  -1.5157654e-02   7.6736787e-03  -3.9933266e-03
  -1.0000000e-02   2.0000000e-03   2.0000000e-03   9.9904822e-01   2.6592313e-02   2.3395880e-02   2.5458449e-02
  -1.0000000e-02   2.0000000e-03   4.0000000e-03   9.9965732e-01   2.5201605e-02   4.6889118e-03   5.3033811e-03
  -1.0000000e-02   4.0000000e-03  -4.0000000e-03   9.9984770e-01   1.6495920e-02   4.5627989e-03   3.4135009e-03
  -1.0000000e-02   4.0000000e-03  -2.0000000e-03   9.9904822e-01   6.2929794e-03  -1.4620952e-02   4.0611293e-02
  -1.0000000e-02   4.0000000e-03   0.0000000e+00   9.9996192e-01  -2.9408688e-03  -6.3792215e-03  -5.1777645e-03
  -1.0000000e-02   4.0000000e-03   2.0000000e-03   9.9939083e-01   2.4302561e-02   1.3099986e-02  -2.1348320e-02
  -1.0000000e-02   4.0000000e-03   4.0000000e-03   9.9996192e-01  -1.0833944e-03  -2.1347712e-03   8.3917477e-03
  -1.0000000e-02   6.0000000e-03  -4.0000000e-03   9.9984770e-01   7.2451407e-03  -1.5570675e-02  -3.1062047e-03
  -1.0000000e-02   6.0000000e-03  -2.0000000e-03   1.0000000e+00  -0.0000000e+00  -0.0000000e+00  -0.0000000e+00
  -1.0000000e-02   6.0000000e-03   0.0000000e+00   9.9939083e-01  -1.6733254e-02   3.0502716e-02  -2.7490674e-03
  -1.0000000e-02   6.0000000e-03   2.0000000e-03   9.9965732e-01   1.9245057e-02   7.5889601e-04   1.7728070e-02
  -1.0000000e-02   6.0000000e-03   4.0000000e-03   9.9939083e-01  -2.3220947e-02   2.5963996e-02   2.1525290e-03
  -1.0000000e-02   8.0000000e-03  -4.0000000e-03   9.9862953e-01  -2.8982206e-02   3.0158297e-02   3.1457291e-02
  -1.0000000e-02   8.0000000e-03  -2.0000000e-03   9.9939083e-01  -1.6737107e-02   2.5025368e-02   1.7651489e-02
  -1.0000000e-02   8.0000000e-03   0.0000000e+00   9.9965732e-01   4.9958053e-05   1.7786418e-02  -1.9206078e-02
  -1.0000000e-02   8.0000000e-03   2.0000000e-03   9.9996192e-01  -1.8649319e-03  -1.6794167e-03  -8.3578712e-03
  -1.0000000e-02   8.0000000e-03   4.0000000e-03   9.9904822e-01   1.2438490e-02   3.0982341e-02  -2.8071862e-02
  -1.0000000e-02   1.0000000e-02  -4.0000000e-03   9.9965732e-01   1.4145345e-02  -2.0327484e-02  -8.4814633e-03
  -1.0000000e-02   1.0000000e-02  -2.0000000e-03   9.9904822e-01   4.2565412e-04  -4.0062889e-02  -1.7246295e-02
  -1.0000000e-02   1.0000000e-02   0.0000000e+00   9.9984770e-01   5.4256138e-03   8.9145890e-03   1.3988542e-02
  -1.0000000e-02   1.0000000e-02   2.0000000e-03   9.9984770e-01  -1.1869037e-02   2.7240283e-03  -1.2501684e-02
  -1.0000000e-02   1.0000000e-02   4.0000000e-03   9.9904822e-01  -4.0115412e-02  -1.5325064e-02   7.6516052e-03
  -1.0000000e-02   1.2000000e-02  -4.0000000e-03   1.0000000e+00   0.0000000e+00   0.0000000e+00  -0.0000000e+00
  -1.0000000e-02   1.2000000e-02  -2.0000000e-03   9.9965732e-01  -2.2547030e-02   1.0146217e-02   8.5975767e-03
  -1.0000000e-02   1.2000000e-02   0.0000000e+00   9.9939083e-01   1.9158603e-02   2.0115744e-02   2.1125332e-02
  -1.0000000e-02   1.2000000e-02   2.0000000e-03   9.9939083e-01  -1.9684167e-02   2.0944619e-02  -1.9794731e-02
  -1.0000000e-02   1.2000000e-02   4.0000000e-03   9.9862953e-01  -4.8028459e-02   2.0634574e-02  -2.5561327e-03
  -8.0000000e-03  -1.2000000e-02  -4.0000000e-03   9.9904822e-01   3.2695371e-02  -2.5650327e-02   1.3256107e-02
  -8.0000000e-03  -1.2000000e-02  -2.0000000e-03   9.9862953e-01   3.5818989e-02  -2.9521027e-02  -2.4177702e-02
  -8.0000000e-03  -1.2000000e-02   0.0000000e+00   9.9965732e-01  -1.8960441e-02  -1.8042308e-02  -4.5764825e-04
  -8.0000000e-03  -1.2000000e-02   2.0000000e-03   9.9904822e-01   3.0831341e-02  -3.0742386e-02   2.6429290e-03
  -8.0000000e-03  -1.2000000e-02   4.0000000e-03   9.9904822e-01   2.7208965e-02   2.2966842e-02   2.5196177e-02
  -8.0000000e-03  -1.0000000e-02  -4.0000000e-03   9.9965732e-01  -1.9787217e-02   4.6671998e-04  -1.7131283e-02
  -8.0000000e-03  -1.0000000e-02  -2.0000000e-03   9.9939083e-01   2.2526907e-02  -1.7395571e-02   2.0196719e-02
  -8.0000000e-03  -1.0000000e-02   0.0000000e+00   9.9996192e-01   2.2836759e-03   4.4445632e-03  -7.1542368e-03
  -8.0000000e-03  -1.0000000e-02   2.0000000e-03   9.9965732e-01  -2.7618728e-03   1.1107350e-02   2.3542121e-02
  -8.0000000e-03  -1.0000000e-02   4.0000000e-03   9.9939083e-01   2.0989779e-02  -1.1581942e-02  -2.5362623e-02
  -8.0000000e-03  -8.0000000e-03  -4.0000000e-03   9.9904822e-01  -7.6851521e-03  -2.9003929e-02  -3.1660093e-02
  -8.0000000e-03  -8.0000000e-03  -2.0000000e-03   9.9984770e-01  -1.0959459e-02   9.5094875e-03  -9.6977521e-03
  -8.0000000e-03  -8.0000000e-03   0.0000000e+00   9.9984770e-01  -1.1877743e-02   7.1633466e-03   1.0592081e-02
  -8.0000000e-03  -8.0000000e-03   2.0000000e-03   1.0000000e+00   0.0000000e+00  -0.0000000e+00   0.0000000e+00
  -8.0000000e-03  -8.0000000e-03   4.0000000e-03   9.9862953e-01   3.4759945e-02  -2.5136796e-02  -2.9982328e-02
  -8.0000000e-03  -6.0000000e-03  -4.0000000e-03   1.0000000e+00  -0.0000000e+00  -0.0000000e+00   0.0000000e+00
  -8.0000000e-03  -6.0000000e-03  -2.0000000e-03   9.9996192e-01   8.6409192e-03  -1.8562922e-04  -1.2051885e-03
  -8.0000000e-03  -6.0000000e-03   0.0000000e+00   9.9939083e-01   1.6620695e-02  -3.8881773e-03  -3.0440260e-02
  -8.0000000e-03  -6.0000000e-03   2.0000000e-03   9.9904822e-01  -2.2568104e-02  -1.1783103e-02   3.5418782e-02
  -8.0000000e-03  -6.0000000e-03   4.0000000e-03   9.9996192e-01   3.6224011e-03  -6.4206020e-03  -4.6697433e-03
  -8.0000000e-03  -4.0000000e-03  -4.0000000e-03   9.9939083e-01  -1.8678417e-02   1.9741268e-02   2.1894609e-02
  -8.0000000e-03  -4.0000000e-03  -2.0000000e-03   9.9862953e-01   1.8036143e-02   4.8773684e-02  -5.9057284e-03
  -8.0000000e-03  -4.0000000e-03   0.0000000e+00   9.9904822e-01   2.5474586e-02  -2.3953896e-02  -2.6075032e-02
  -8.0000000e-03  -4.0000000e-03   2.0000000e-03   9.9984770e-01  -4.6512111e-03   1.3935458e-02   9.4210267e-03
  -8.0000000e-03  -4.0000000e-03   4.0000000e-03   9.9862953e-01   2.6552098e-03   3.0321337e-02  -4.2574860e-02
  -8.0000000e-03  -2.0000000e-03  -4.0000000e-03   9.9996192e-01  -7.7311989e-03  -3.8072126e-03  -1.3733602e-03
  -8.0000000e-03  -2.0000000e-03  -2.0000000e-03   9.9996192e-01   2.9592790e-03  -7.1298146e-03   4.0695004e-03
  -8.0000000e-03  -2.0000000e-03   0.0000000e+00   9.9862953e-01  -3.9773291e-02   2.6258742e-02   2.1624432e-02
  -8.0000000e-03  -2.0000000e-03   2.0000000e-03   9.9862953e-01  -2.7413065e-02   4.2228998e-02   1.4292932e-02
  -8.0000000e-03  -2.0000000e-03   4.0000000e-03   9.9904822e-01   2.1723881e-02  -2.4722796e-02  -2.8627038e-02
  -8.0000000e-03   0.0000000e+00  -4.0000000e-03   9.9904822e-01   2.5943559e-03   2.4101321e-02  -3.6263571e-02
  -8.0000000e-03   0.0000000e+00  -2.0000000e-03   9.9984770e-01  -1.0888166e-02   7.3133115e-03  -1.1513028e-02
  -8.0000000e-03   0.0000000e+00   0.0000000e+00   9.9939083e-01  -1.6332277e-02   2.9509113e-02  -8.9690503e-03
  -8.0000000e-03   0.0000000e+00   2.0000000e-03   9.9996192e-01  -2.5193850e-03  -5.8596864e-03   5.9556021e-03
  -8.0000000e-03   0.0000000e+00   4.0000000e-03   9.9904822e-01   8.1746392e-04   3.6677799e-02   2.3594952e-02
  -8.0000000e-03   2.0000000e-03  -4.0000000e-03   1.0000000e+00   0.0000000e+00  -0.0000000e+00   0.0000000e+00
  -8.0000000e-03   2.0000000e-03  -2.0000000e-03   9.9984770e-01  -1.2261248e-02  -2.9349451e-04   1.2416205e-02
  -8.0000000e-03   2.0000000e-03   0.0000000e+00   9.9904822e-01  -3.5922535e-02  -2.0462481e-02  -1.3910762e-02
  -8.0000000e-03   2.0000000e-03   2.0000000e-03   1.0000000e+00   0.0000000e+00  -0.0000000e+00  -0.0000000e+00
  -8.0000000e-03   2.0000000e-03   4.0000000e-03   9.9965732e-01  -3.5280088e-03  -7.6693777e-03  -2.4778346e-02
  -8.0000000e-03   4.0000000e-03  -4.0000000e-03   9.9862953e-01  -4.7337613e-02   1.8838782e-02   1.1970921e-02
  -8.0000000e-03   4.0000000e-03  -2.0000000e-03   1.0000000e+00  -0.0000000e+00  -0.0000000e+00   0.0000000e+00
  -8.0000000e-03   4.0000000e-03   0.0000000e+00   9.9862953e-01  -4.1717895e-02   3.0228068e-02   9.2159358e-03
  -8.0000000e-03   4.0000000e-03   2.0000000e-03   9.9904822e-01  -2.7410319e-02  -1.4204754e-02  -3.0814775e-02
  -8.0000000e-03   4.0000000e-03   4.0000000e-03   1.0000000e+00   0.0000000e+00  -0.0000000e+00  -0.0000000e+00
  -8.0000000e-03   6.0000000e-03  -4.0000000e-03   9.9984770e-01   3.3693590e-03  -1.7109245e-02  -7.1249803e-04
  -8.0000000e-03   6.0000000e-03  -2.0000000e-03   9.9984770e-01  -1.1226655e-02  -1.2881639e-02  -3.5513512e-03
  -8.0000000e-03   6.0000000e-03   0.0000000e+00   9.9904822e-01  -9.9502577e-03   9.8390754e-03  -4.1313871e-02
  -8.0000000e-03   6.0000000e-03   2.0000000e-03   9.9965732e-01  -1.4536127e-02  -2.4819528e-03   2.1628073e-02
  -8.0000000e-03   6.0000000e-03   4.0000000e-03   9.9984770e-01  -1.1006630e-02  -7.7262942e-03  -1.1124071e-02
  -8.0000000e-03   8.0000000e-03  -4.0000000e-03   9.9904822e-01   2.8561744e-02  -3.2096329e-02  -7.5301658e-03
  -8.0000000e-03   8.0000000e-03  -2.0000000e-03   9.9904822e-01  -6.0914910e-03  -3.7971427e-02   2.0584349e-02
  -8.0000000e-03   8.0000000e-03   0.0000000e+00   9.9862953e-01  -2.1392181e-02  -4.1515819e-02   2.3619138e-02
  -8.0000000e-03   8.0000000e-03   2.0000000e-03   9.9862953e-01   1.3642817e-02  -4.8529594e-02  -1.4064293e-02
  -8.0000000e-03   8.0000000e-03   4.0000000e-03   9.9939083e-01   1.4233411e-02   2.3718194e-02  -2.1279853e-02
  -8.0000000e-03   1.0000000e-02  -4.0000000e-03   9.9939083e-01  -1.0145293e-02   2.6528916e-02   2.0279657e-02
  -8.0000000e-03   1.0000000e-02  -2.0000000e-03   9.9984770e-01  -4.1323563e-03  -5.4908041e-03  -1.6042481e-02
  -8.0000000e-03   1.0000000e-02   0.0000000e+00   9.9984770e-01  -5.3634383e-03   4.3476202e-03  -1.6028669e-02
  -8.0000000e-03   1.0000000e-02   2.0000000e-03   1.0000000e+00   0.0000000e+00  -0.0000000e+00  -0.0000000e+00
  -8.0000000e-03   1.0000000e-02   4.0000000e-03   9.9996192e-01  -4.8950712e-03   1.7420727e-03  -7.0111256e-03
  -8.0000000e-03   1.2000000e-02  -4.0000000e-03   9.9996192e-01   8.5913243e-03  -6.8768392e-06  -1.5302032e-03
  -8.0000000e-03   1.2000000e-02  -2.0000000e-03   9.9904822e-01   3.3552514e-02  -1.8256395e-02  -2.1061429e-02
  -8.0000000e-03   1.2000000e-02   0.0000000e+00   9.9965732e-01   1.9319263e-02   6.2712575e-03  -1.6512724e-02
  -8.0000000e-03   1.2000000e-02   2.0000000e-03   9.9939083e-01   8.7396300e-03   2.4337272e-02   2.3436957e-02
  -8.0000000e-03   1.2000000e-02   4.0000000e-03   9.9904822e-01  -1.4105991e-02   1.8260337e-03   4.1235150e-02
  -6.0000000e-03  -1.2000000e-02  -4.0000000e-03   9.9904822e-01  -2.3386715e-04   2.2906828e-02  -3.7119718e-02
  -6.0000000e-03  -1.2000000e-02  -2.0000000e-03   9.9965732e-01  -9.4192189e-03   2.2844902e-02  -8.6383668e-03
  -6.0000000e-03  -1.2000000e-02   0.0000000e+00   9.9996192e-01  -7.0545797e-03  -4.0600808e-03   3.1465967e-03
  -6.0000000e-03  -1.2000000e-02   2.0000000e-03   9.9965732e-01   9.2885279e-03  -2.4341299e-02   2.5410722e-03
  -6.0000000e-03  -1.2000000e-02   4.0000000e-03   9.9996192e-01   7.5653719e-04  -7.3530160e-03   4.6382355e-03
  -6.0000000e-03  -1.0000000e-02  -4.0000000e-03   9.9904822e-01  -3.6661139e-02  -1.2082447e-02   2.0313205e-02
  -6.0000000e-03  -1.0000000e-02  -2.0000000e-03   9.9984770e-01  -4.0959299e-03   1.6196267e-03   1.6887470e-02
  -6.0000000e-03  -1.0000000e-02   0.0000000e+00   9.9996192e-01   3.7002038e-03   5.4433790e-03  -5.7297940e-03
  -6.0000000e-03  -1.0000000e-02   2.0000000e-03   1.0000000e+00   0.0000000e+00   0.0000000e+00  -0.0000000e+00
  -6.0000000e-03  -1.0000000e-02   4.0000000e-03   9.9904822e-01  -1.1368559e-02  -2.0043061e-02  -3.7036232e-02
  -6.0000000e-03  -8.0000000e-03  -4.0000000e-03   9.9904822e-01   2.3211605e-02  -3.0183721e-02   2.1279458e-02
  -6.0000000e-03  -8.0000000e-03  -2.0000000e-03   9.9904822e-01  -1.9923404e-02  -3.5103894e-02   1.6535585e-02
  -6.0000000e-03  -8.0000000e-03   0.0000000e+00   9.9939083e-01  -2.8378682e-02  -1.9341166e-02   6.2084259e-03
  -6.0000000e-03  -8.0000000e-03   2.0000000e-03   9.9862953e-01   3.2805785e-02   2.1166264e-02  -3.4854297e-02
  -6.0000000e-03  -8.0000000e-03   4.0000000e-03   9.9996192e-01  -5.4264844e-03  -6.5461671e-03  -1.9630039e-03
  -6.0000000e-03  -6.0000000e-03  -4.0000000e-03   9.9904822e-01   4.1775470e-02   5.2009349e-04   1.2537566e-02
  -6.0000000e-03  -6.0000000e-03  -2.0000000e-03   9.9965732e-01  -1.8832830e-02   2.9641446e-03  -1.7937976e-02
  -6.0000000e-03  -6.0000000e-03   0.0000000e+00   9.9996192e-01   4.3546255e-04   6.4426740e-03   5.8698166e-03
  -6.0000000e-03  -6.0000000e-03   2.0000000e-03   9.9862953e-01   9.2374220e-03  -3.6038489e-02  -3.6809641e-02
  -6.0000000e-03  -6.0000000e-03   4.0000000e-03   9.9904822e-01   3.6858948e-02   1.5694671e-02   1.7255324e-02
  -6.0000000e-03  -4.0000000e-03  -4.0000000e-03   9.9939083e-01  -1.2485657e-03  -3.3144330e-03  -3.4719310e-02
  -6.0000000e-03  -4.0000000e-03  -2.0000000e-03   9.9904822e-01   1.8615809e-02   3.5743354e-02   1.6688775e-02
  -6.0000000e-03  -4.0000000e-03   0.0000000e+00   9.9862953e-01   4.5235294e-02  -2.3555941e-02   1.1744709e-02
  -6.0000000e-03  -4.0000000e-03   2.0000000e-03   9.9965732e-01  -1.0260109e-04   1.9616912e-02  -1.7332018e-02
  -6.0000000e-03  -4.0000000e-03   4.0000000e-03   9.9904822e-01   3.5711511e-02   2.4926270e-02  -2.4535623e-03
  -6.0000000e-03  -2.0000000e-03  -4.0000000e-03   1.0000000e+00  -0.0000000e+00  -0.0000000e+00  -0.0000000e+00
  -6.0000000e-03  -2.0000000e-03  -2.0000000e-03   9.9939083e-01   1.6347632e-02  -6.1012730e-03  -3.0224233e-02
  -6.0000000e-03  -2.0000000e-03   0.0000000e+00   9.9939083e-01   2.3572041e-02   2.5625304e-02  -2.3827541e-03
  -6.0000000e-03  -2.0000000e-03   2.0000000e-03   9.9862953e-01   2.9645426e-02  -3.6613442e-02  -2.2795983e-02
  -6.0000000e-03  -2.0000000e-03   4.0000000e-03   9.9939083e-01  -7.1063141e-03  -2.5421331e-03   3.4073637e-02
  -6.0000000e-03   0.0000000e+00  -4.0000000e-03   9.9862953e-01   2.7827772e-02   7.8184020e-03   4.3629577e-02
  -6.0000000e-03   0.0000000e+00  -2.0000000e-03   1.0000000e+00  -0.0000000e+00  -0.0000000e+00  -0.0000000e+00
  -6.0000000e-03   0.0000000e+00   0.0000000e+00   9.9996192e-01  -5.4259829e-03  -5.4071524e-03  -4.1801715e-03
  -6.0000000e-03   0.0000000e+00   2.0000000e-03   9.9862953e-01   2.7052704e-02   1.8301535e-02   4.0893243e-02
  -6.0000000e-03   0.0000000e+00   4.0000000e-03   9.9862953e-01   3.3783154e-02  -2.4250821e-02   3.1774967e-02
  -6.0000000e-03   2.0000000e-03  -4.0000000e-03   1.0000000e+00  -0.0000000e+00  -0.0000000e+00   0.0000000e+00
  -6.0000000e-03   2.0000000e-03  -2.0000000e-03   9.9939083e-01  -2.8977092e-02   8.1640981e-03   1.7653627e-02
  -6.0000000e-03   2.0000000e-03   0.0000000e+00   9.9965732e-01   1.7952976e-02   9.7554702e-03   1.6363193e-02
  -6.0000000e-03   2.0000000e-03   2.0000000e-03   1.0000000e+00  -0.0000000e+00  -0.0000000e+00   0.0000000e+00
  -6.0000000e-03   2.0000000e-03   4.0000000e-03   9.9996192e-01   3.2849011e-03   6.8663689e-03   4.2678829e-03
  -6.0000000e-03   4.0000000e-03  -4.0000000e-03   9.9965732e-01   1.7341127e-02  -7.4527085e-03   1.8137670e-02
  -6.0000000e-03   4.0000000e-03  -2.0000000e-03   9.9996192e-01  -2.6060793e-03  -7.1185028e-03   4.3229261e-03
  -6.0000000e-03   4.0000000e-03   0.0000000e+00   9.9984770e-01   1.3295474e-02  -1.1930832e-03   1.1242482e-02
  -6.0000000e-03   4.0000000e-03   2.0000000e-03   9.9904822e-01   1.5564266e-02   3.2515042e-02   2.4559655e-02
  -6.0000000e-03   4.0000000e-03   4.0000000e-03   9.9939083e-01   1.4856004e-02   2.3512985e-02   2.1081118e-02
  -6.0000000e-03   6.0000000e-03  -4.0000000e-03   9.9984770e-01  -9.4906116e-04  -1.1191177e-02   1.3358269e-02
  -6.0000000e-03   6.0000000e-03  -2.0000000e-03   1.0000000e+00  -0.0000000e+00   0.0000000e+00   0.0000000e+00
  -6.0000000e-03   6.0000000e-03   0.0000000e+00   9.9862953e-01   1.2649321e-02   5.0572812e-02  -4.6300814e-03
  -6.0000000e-03   6.0000000e-03   2.0000000e-03   9.9996192e-01  -4.8354202e-03   2.0261363e-03   6.9760952e-03
  -6.0000000e-03   6.0000000e-03   4.0000000e-03   1.0000000e+00  -0.0000000e+00   0.0000000e+00  -0.0000000e+00
  -6.0000000e-03   8.0000000e-03  -4.0000000e-03   9.9904822e-01  -4.1034863e-02   9.5357687e-04   1.4760815e-02
  -6.0000000e-03   8.0000000e-03  -2.0000000e-03   9.9996192e-01  -9.0654650e-04  -7.5535391e-03   4.2748851e-03
  -6.0000000e-03   8.0000000e-03   0.0000000e+00   9.9904822e-01   1.2689661e-02   3.1059413e-02  -2.7873578e-02
  -6.0000000e-03   8.0000000e-03   2.0000000e-03   1.0000000e+00  -0.0000000e+00   0.0000000e+00   0.0000000e+00
  -6.0000000e-03   8.0000000e-03   4.0000000e-03   9.9904822e-01  -2.4416426e-02   8.8802379e-03  -3.5037558e-02
  -6.0000000e-03   1.0000000e-02  -4.0000000e-03   9.9965732e-01   1.7216997e-02   1.1003251e-02   1.6362644e-02
  -6.0000000e-03   1.0000000e-02  -2.0000000e-03   9.9862953e-01  -3.2142104e-02  -2.5609214e-02  -3.2405334e-02
  -6.0000000e-03   1.0000000e-02   0.0000000e+00   9.9939083e-01   3.3485800e-02  -9.7631936e-03  -1.1645257e-03
  -6.0000000e-03   1.0000000e-02   2.0000000e-03   9.9965732e-01   1.5191402e-02   2.0294516e-02   6.5258389e-03
  -6.0000000e-03   1.0000000e-02   4.0000000e-03   9.9862953e-01  -2.4581077e-02   5.0610173e-03   4.5926127e-02
  -6.0000000e-03   1.2000000e-02  -4.0000000e-03   9.9965732e-01   2.1431636e-02  -1.5003634e-02   8.9920610e-04
  -6.0000000e-03   1.2000000e-02  -2.0000000e-03   9.9996192e-01   2.2687673e-03  -4.8456413e-03  -6.8938289e-03
  -6.0000000e-03   1.2000000e-02   0.0000000e+00   9.9984770e-01  -1.1122880e-02  -1.3155977e-02   2.7907533e-03
  -6.0000000e-03   1.2000000e-02   2.0000000e-03   9.9984770e-01   1.0167433e-02  -2.2035061e-03   1.4012650e-02
  -6.0000000e-03   1.2000000e-02   4.0000000e-03   9.9984770e-01  -1.1431983e-02  -1.1988549e-02  -5.4928072e-03
  -4.0000000e-03  -1.2000000e-02  -4.0000000e-03   9.9904822e-01  -3.2363953e-02  -2.8003781e-02   8.4269676e-03
  -4.0000000e-03  -1.2000000e-02  -2.0000000e-03   9.9939083e-01   9.5801323e-03   1.1540877e-02  -3.1511967e-02
  -4.0000000e-03  -1.2000000e-02   0.0000000e+00   9.9996192e-01  -5.1876173e-03  -4.7303793e-03  -5.1831033e-03
  -4.0000000e-03  -1.2000000e-02   2.0000000e-03   9.9984770e-01   6.9477817e-03  -1.2808764e-02   9.6047061e-03
  -4.0000000e-03  -1.2000000e-02   4.0000000e-03   9.9904822e-01  -2.1433576e-03  -4.2359936e-02   1.0182965e-02
  -4.0000000e-03  -1.0000000e-02  -4.0000000e-03   9.9939083e-01   2.3989239e-02  -2.4661169e-02  -5.8581576e-03
  -4.0000000e-03  -1.0000000e-02  -2.0000000e-03   9.9984770e-01  -7.6846876e-03  -1.3614087e-02   7.7581386e-03
  -4.0000000e-03  -1.0000000e-02   0.0000000e+00   9.9965732e-01  -1.3238040e-02   2.0502331e-02   9.4679103e-03
  -4.0000000e-03  -1.0000000e-02   2.0000000e-03   9.9939083e-01   4.4018013e-03  -1.0230380e-02  -3.3074739e-02
  -4.0000000e-03  -1.0000000e-02   4.0000000e-03   1.0000000e+00   0.0000000e+00   0.0000000e+00   0.0000000e+00
  -4.0000000e-03  -8.0000000e-03  -4.0000000e-03   9.9904822e-01   1.4391820e-02   2.8625736e-02  -2.9598880e-02
  -4.0000000e-03  -8.0000000e-03  -2.0000000e-03   9.9904822e-01  -1.1568147e-03   3.7922591e-02  -2.1521845e-02
  -4.0000000e-03  -8.0000000e-03   0.0000000e+00   9.9996192e-01  -2.1655120e-03   7.7267709e-03   3.4292844e-03
  -4.0000000e-03  -8.0000000e-03   2.0000000e-03   9.9939083e-01  -2.6072397e-02  -1.4762523e-02   1.7896170e-02
  -4.0000000e-03  -8.0000000e-03   4.0000000e-03   9.9939083e-01   2.5334506e-02   3.4498727e-03  -2.3753653e-02
  -4.0000000e-03  -6.0000000e-03  -4.0000000e-03   9.9965732e-01  -3.6626629e-03   7.3755274e-03   2.4847920e-02
  -4.0000000e-03  -6.0000000e-03  -2.0000000e-03   1.0000000e+00   0.0000000e+00  -0.0000000e+00  -0.0000000e+00
  -4.0000000e-03  -6.0000000e-03   0.0000000e+00   9.9965732e-01  -1.4840942e-02   1.5751179e-02  -1.4726827e-02
  -4.0000000e-03  -6.0000000e-03   2.0000000e-03   9.9862953e-01  -2.1683606e-02   1.0826615e-02   4.6385967e-02
  -4.0000000e-03  -6.0000000e-03   4.0000000e-03   9.9996192e-01  -2.7874300e-03  -5.4295160e-03  -6.2372279e-03
  -4.0000000e-03  -4.0000000e-03  -4.0000000e-03   9.9862953e-01   3.3585737e-02   3.0992235e-02   2.5505528e-02
  -4.0000000e-03  -4.0000000e-03  -2.0000000e-03   9.9996192e-01  -1.7194616e-03  -7.9029400e-03   3.2771043e-03
  -4.0000000e-03  -4.0000000e-03   0.0000000e+00   9.9904822e-01  -1.6600694e-02   2.5052876e-02  -3.1613626e-02
  -4.0000000e-03  -4.0000000e-03   2.0000000e-03   9.9984770e-01   9.2488785e-03   1.3846707e-02  -5.2262272e-03
  -4.0000000e-03  -4.0000000e-03   4.0000000e-03   9.9984770e-01  -1.5485807e-02   4.4726239e-05  -8.0482466e-03
  -4.0000000e-03  -2.0000000e-03  -4.0000000e-03   9.9862953e-01  -1.6517902e-02  -1.1986495e-02  -4.8192688e-02
  -4.0000000e-03  -2.0000000e-03  -2.0000000e-03   9.9984770e-01   1.0114729e-02   1.0760412e-02  -9.3001228e-03
  -4.0000000e-03  -2.0000000e-03   0.0000000e+00   9.9939083e-01  -1.8864181e-02   2.8479834e-02   7.1425900e-03
  -4.0000000e-03  -2.0000000e-03   2.0000000e-03   9.9965732e-01  -1.1246669e-02   1.9008154e-02  -1.4051162e-02
  -4.0000000e-03  -2.0000000e-03   4.0000000e-03   9.9939083e-01   2.2798008e-03  -1.7356407e-02  -3.0191597e-02
  -4.0000000e-03   0.0000000e+00  -4.0000000e-03   9.9984770e-01  -1.1135871e-02  -1.0260568e-02  -8.6775349e-03
  -4.0000000e-03   0.0000000e+00  -2.0000000e-03   9.9996192e-01  -3.8013402e-03  -7.8550021e-03   3.4290436e-05
  -4.0000000e-03   0.0000000e+00   0.0000000e+00   9.9862953e-01   2.6349014e-02  -2.0045598e-02  -4.0533391e-02
  -4.0000000e-03   0.0000000e+00   2.0000000e-03   9.9965732e-01   1.6792380e-04  -2.5081153e-02  -7.4926756e-03
  -4.0000000e-03   0.0000000e+00   4.0000000e-03   1.0000000e+00  -0.0000000e+00  -0.0000000e+00   0.0000000e+00
  -4.0000000e-03   2.0000000e-03  -4.0000000e-03   9.9984770e-01   2.8865352e-03   1.0203218e-02  -1.3861773e-02
  -4.0000000e-03   2.0000000e-03  -2.0000000e-03   9.9996192e-01   7.2444561e-03  -4.2414941e-04  -4.8466870e-03
  -4.0000000e-03   2.0000000e-03   0.0000000e+00   1.0000000e+00  -0.0000000e+00  -0.0000000e+00   0.0000000e+00
  -4.0000000e-03   2.0000000e-03   2.0000000e-03   9.9939083e-01   1.8391894e-02   2.1333783e-02   2.0605407e-02
  -4.0000000e-03   2.0000000e-03   4.0000000e-03   9.9939083e-01   1.4006117e-02   2.4815884e-02  -2.0148833e-02
  -4.0000000e-03   4.0000000e-03  -4.0000000e-03   9.9996192e-01   1.3260507e-04   4.0403665e-03   7.7337104e-03
  -4.0000000e-03   4.0000000e-03  -2.0000000e-03   9.9862953e-01   2.1665227e-02  -3.3683952e-02  -3.3690676e-02
  -4.0000000e-03   4.0000000e-03   0.0000000e+00   9.9965732e-01  -6.9392063e-03  -2.4699230e-02  -5.1988536e-03
  -4.0000000e-03   4.0000000e-03   2.0000000e-03   9.9904822e-01  -1.8085450e-02  -2.6031140e-02   2.9965768e-02
  -4.0000000e-03   4.0000000e-03   4.0000000e-03   9.9984770e-01   6.7936413e-03  -9.3753149e-03   1.3058959e-02
  -4.0000000e-03   6.0000000e-03  -4.0000000e-03   9.9965732e-01   1.7914157e-02   1.5398329e-02  -1.1278612e-02
  -4.0000000e-03   6.0000000e-03  -2.0000000e-03   9.9965732e-01   1.6523983e-02   7.2252883e-03   1.8973292e-02
  -4.0000000e-03   6.0000000e-03   0.0000000e+00   9.9862953e-01   1.8440996e-02   4.8837409e-02   3.7268570e-03
  -4.0000000e-03   6.0000000e-03   2.0000000e-03   9.9904822e-01  -1.8002116e-02   8.1379453e-03  -3.8888927e-02
  -4.0000000e-03   6.0000000e-03   4.0000000e-03   9.9939083e-01  -2.0817912e-02   1.9022092e-02  -2.0560871e-02
  -4.0000000e-03   8.0000000e-03  -4.0000000e-03   9.9984770e-01  -5.5983790e-03   1.4645123e-02  -7.6658334e-03
  -4.0000000e-03   8.0000000e-03  -2.0000000e-03   1.0000000e+00   0.0000000e+00  -0.0000000e+00  -0.0000000e+00
  -4.0000000e-03   8.0000000e-03   0.0000000e+00   9.9904822e-01  -3.2334824e-02   4.6944677e-03   2.8897613e-02
  -4.0000000e-03   8.0000000e-03   2.0000000e-03   9.9965732e-01   5.7989265e-04  -1.4687650e-02   2.1660316e-02
  -4.0000000e-03   8.0000000e-03   4.0000000e-03   9.9939083e-01  -3.3445461e-02   4.6749371e-03  -8.8045987e-03
  -4.0000000e-03   1.0000000e-02  -4.0000000e-03   9.9939083e-01  -5.8829948e-03  -2.5611960e-02   2.2965034e-02
  -4.0000000e-03   1.0000000e-02  -2.0000000e-03   9.9904822e-01   6.1368170e-03  -8.8338214e-03  -4.2272379e-02
  -4.0000000e-03   1.0000000e-02   0.0000000e+00   9.9965732e-01   8.7185364e-03  -5.4306868e-03   2.4077529e-02
  -4.0000000e-03   1.0000000e-02   2.0000000e-03   9.9939083e-01   2.9120792e-02   1.7860320e-02  -7.1388601e-03
  -4.0000000e-03   1.0000000e-02   4.0000000e-03   9.9996192e-01   3.0909190e-03  -8.1603728e-03  -8.3414653e-05
  -4.0000000e-03   1.2000000e-02  -4.0000000e-03   9.9984770e-01  -3.0046330e-03  -1.6963298e-02   2.7937786e-03
  -4.0000000e-03   1.2000000e-02  -2.0000000e-03   9.9862953e-01  -3.6216755e-02  -3.5841323e-02   1.1949834e-02
  -4.0000000e-03   1.2000000e-02   0.0000000e+00   9.9965732e-01  -2.5556533e-02  -1.0318704e-03  -5.5705893e-03
  -4.0000000e-03   1.2000000e-02   2.0000000e-03   9.9984770e-01  -1.0048690e-02   9.1852285e-03   1.0919794e-02
  -4.0000000e-03   1.2000000e-02   4.0000000e-03   9.9904822e-01  -2.0801955e-02  -2.4621740e-02   2.9388765e-02
  -2.0000000e-03  -1.2000000e-02  -4.0000000e-03   1.0000000e+00   0.0000000e+00  -0.0000000e+00   0.0000000e+00
  -2.0000000e-03  -1.2000000e-02  -2.0000000e-03   9.9965732e-01   7.3670185e-03   1.2840566e-02  -2.1588875e-02
  -2.0000000e-03  -1.2000000e-02   0.0000000e+00   9.9939083e-01  -6.9786033e-03   1.2554361e-02   3.1806634e-02
  -2.0000000e-03  -1.2000000e-02   2.0000000e-03   9.9965732e-01   2.0570713e-02  -1.1250645e-02   1.1640506e-02
  -2.0000000e-03  -1.2000000e-02   4.0000000e-03   9.9904822e-01  -2.0034223e-02   3.8315886e-02   5.7596613e-03
  -2.0000000e-03  -1.0000000e-02  -4.0000000e-03   9.9862953e-01  -3.9636964e-02  -1.8610557e-03  -3.4124769e-02
  -2.0000000e-03  -1.0000000e-02  -2.0000000e-03   9.9984770e-01  -1.0954689e-02   6.9805965e-03  -1.1655580e-02
  -2.0000000e-03  -1.0000000e-02   0.0000000e+00   9.9904822e-01  -2.5347513e-02   3.1226423e-02   1.6883870e-02
  -2.0000000e-03  -1.0000000e-02   2.0000000e-03   9.9904822e-01  -1.8134322e-02  -3.1476912e-02   2.4145420e-02
  -2.0000000e-03  -1.0000000e-02   4.0000000e-03   9.9965732e-01   1.9030523e-02  -1.0510988e-02   1.4580500e-02
  -2.0000000e-03  -8.0000000e-03  -4.0000000e-03   9.9939083e-01   2.2395477e-02   2.5995916e-02  -6.3741527e-03
  -2.0000000e-03  -8.0000000e-03  -2.0000000e-03   9.9939083e-01  -2.8784367e-02   1.0507280e-02   1.6704256e-02
  -2.0000000e-03  -8.0000000e-03   0.0000000e+00   9.9904822e-01  -2.9834354e-03  -3.7180212e-02   2.2613755e-02
  -2.0000000e-03  -8.0000000e-03   2.0000000e-03   9.9965732e-01  -1.8293077e-02   2.4020270e-04   1.8722667e-02
  -2.0000000e-03  -8.0000000e-03   4.0000000e-03   9.9939083e-01  -2.0508745e-02  -8.1732191e-03   2.7028961e-02
  -2.0000000e-03  -6.0000000e-03  -4.0000000e-03   9.9984770e-01   1.1775789e-02  -1.1959242e-02  -4.7847471e-03
  -2.0000000e-03  -6.0000000e-03  -2.0000000e-03   9.9984770e-01  -8.0333959e-03   1.0406393e-02  -1.1478590e-02
  -2.0000000e-03  -6.0000000e-03   0.0000000e+00   9.9965732e-01   3.4613233e-05  -2.2204388e-02  -1.3863498e-02
  -2.0000000e-03  -6.0000000e-03   2.0000000e-03   9.9904822e-01  -1.4002276e-02   2.6419873e-02  -3.1758110e-02
  -2.0000000e-03  -6.0000000e-03   4.0000000e-03   9.9904822e-01   1.2841955e-03   1.5355005e-02   4.0807176e-02
  -2.0000000e-03  -4.0000000e-03  -4.0000000e-03   9.9904822e-01  -2.2014511e-02  -2.8543454e-02  -2.4561830e-02
  -2.0000000e-03  -4.0000000e-03  -2.0000000e-03   9.9939083e-01   4.7806324e-03   3.2528692e-02   1.1704898e-02
  -2.0000000e-03  -4.0000000e-03   0.0000000e+00   9.9904822e-01   7.0795774e-03  -1.0340536e-02  -4.1780424e-02
  -2.0000000e-03  -4.0000000e-03   2.0000000e-03   9.9996192e-01  -4.8583262e-04  -6.3565779e-03  -5.9590524e-03
  -2.0000000e-03  -4.0000000e-03   4.0000000e-03   9.9996192e-01   5.1780306e-03  -5.7853814e-03   3.9836896e-03
  -2.0000000e-03  -2.0000000e-03  -4.0000000e-03   9.9984770e-01   1.0572534e-02  -1.2563185e-02   5.9139155e-03
  -2.0000000e-03  -2.0000000e-03  -2.0000000e-03   9.9939083e-01   2.4214247e-02  -2.3367706e-02  -9.2517788e-03
  -2.0000000e-03  -2.0000000e-03   0.0000000e+00   9.9904822e-01   3.0301891e-02   1.2435205e-02   2.8806458e-02
  -2.0000000e-03  -2.0000000e-03   2.0000000e-03   9.9965732e-01  -1.6705653e-02  -1.8196990e-02   8.6616020e-03
  -2.0000000e-03  -2.0000000e-03   4.0000000e-03   9.9862953e-01  -2.5718195e-02   3.9918962e-02  -2.2002345e-02
  -2.0000000e-03   0.0000000e+00  -4.0000000e-03   9.9996192e-01  -3.6178770e-03   7.9055348e-03  -7.5226772e-04
  -2.0000000e-03   0.0000000e+00  -2.0000000e-03   9.9984770e-01  -1.3645320e-02  -8.3204219e-04   1.0848937e-02
  -2.0000000e-03   0.0000000e+00   0.0000000e+00   9.9904822e-01   9.4143293e-03  -2.6141080e-02   3.3625367e-02
  -2.0000000e-03   0.0000000e+00   2.0000000e-03   9.9862953e-01   2.8565340e-02  -4.3107381e-02   8.0515450e-03
  -2.0000000e-03   0.0000000e+00   4.0000000e-03   9.9904822e-01   5.3446679e-03   2.3309637e-02   3.6479396e-02
  -2.0000000e-03   2.0000000e-03  -4.0000000e-03   9.9939083e-01  -2.1687752e-02  -1.8262697e-02  -2.0349206e-02
  -2.0000000e-03   2.0000000e-03  -2.0000000e-03   9.9862953e-01   5.0176061e-02  -9.8582595e-03  -1.1145849e-02
  -2.0000000e-03   2.0000000e-03   0.0000000e+00   9.9904822e-01   3.3209773e-02  -2.8273061e-02  -6.2922358e-04
  -2.0000000e-03   2.0000000e-03   2.0000000e-03   9.9965732e-01  -1.1916801e-02   1.9613057e-02  -1.2591683e-02
  -2.0000000e-03   2.0000000e-03   4.0000000e-03   9.9939083e-01   2.7948686e-02  -1.8560380e-02   9.6103128e-03
  -2.0000000e-03   4.0000000e-03  -4.0000000e-03   1.0000000e+00  -0.0000000e+00   0.0000000e+00   0.0000000e+00
  -2.0000000e-03   4.0000000e-03  -2.0000000e-03   9.9965732e-01  -2.0470319e-02   1.3788007e-02   8.7229316e-03
  -2.0000000e-03   4.0000000e-03   0.0000000e+00   9.9996192e-01   5.0836662e-03   5.8830108e-03  -3.9621892e-03
  -2.0000000e-03   4.0000000e-03   2.0000000e-03   9.9939083e-01  -3.7399893e-03   3.4134151e-02   6.2327430e-03
  -2.0000000e-03   4.0000000e-03   4.0000000e-03   9.9862953e-01  -2.1133331e-02  -3.7117007e-02   3.0245040e-02
  -2.0000000e-03   6.0000000e-03  -4.0000000e-03   9.9984770e-01   6.5568155e-04   9.6778668e-04  -1.7413212e-02
  -2.0000000e-03   6.0000000e-03  -2.0000000e-03   9.9862953e-01  -3.4065524e-02   3.0251855e-02  -2.5756895e-02
  -2.0000000e-03   6.0000000e-03   0.0000000e+00   9.9862953e-01  -9.2075854e-03  -1.8523722e-03   5.1486322e-02
  -2.0000000e-03   6.0000000e-03   2.0000000e-03   9.9862953e-01  -3.0034218e-02   3.9703774e-02   1.6143371e-02
  -2.0000000e-03   6.0000000e-03   4.0000000e-03   9.9939083e-01   2.9709248e-02   5.4377275e-03   1.7486182e-02
  -2.0000000e-03   8.0000000e-03  -4.0000000e-03   9.9965732e-01   8.0273321e-03   8.7518873e-03   2.3328074e-02
  -2.0000000e-03   8.0000000e-03  -2.0000000e-03   1.0000000e+00  -0.0000000e+00   0.0000000e+00  -0.0000000e+00
  -2.0000000e-03   8.0000000e-03   0.0000000e+00   9.9904822e-01   2.0361641e-02  -1.5956320e-02   3.5120512e-02
  -2.0000000e-03   8.0000000e-03   2.0000000e-03   9.9996192e-01  -8.6859978e-03  -7.7237357e-04   3.3061108e-04
  -2.0000000e-03   8.0000000e-03   4.0000000e-03   9.9904822e-01   3.7528820e-02   7.8991005e-03  -2.0780829e-02
  -2.0000000e-03   1.0000000e-02  -4.0000000e-03   9.9965732e-01   1.6707107e-02   1.4657806e-02  -1.3829459e-02
  -2.0000000e-03   1.0000000e-02  -2.0000000e-03   9.9862953e-01  -3.0069994e-02   4.1952550e-02   8.6505110e-03
  -2.0000000e-03   1.0000000e-02   0.0000000e+00   9.9965732e-01   1.9793758e-02   9.2108244e-03  -1.4443008e-02
  -2.0000000e-03   1.0000000e-02   2.0000000e-03   9.9862953e-01   1.4565192e-02   3.6830525e-02   3.4211401e-02
  -2.0000000e-03   1.0000000e-02   4.0000000e-03   9.9862953e-01  -2.2251519e-02   4.5586860e-02  -1.2874796e-02
  -2.0000000e-03   1.2000000e-02  -4.0000000e-03   9.9939083e-01  -2.0062947e-02   1.7274606e-04   2.8555616e-02
  -2.0000000e-03   1.2000000e-02  -2.0000000e-03   9.9939083e-01   1.5077516e-02   2.0751692e-02  -2.3664544e-02
  -2.0000000e-03   1.2000000e-02   0.0000000e+00   9.9984770e-01  -1.1570052e-02  -9.2434405e-03  -9.2346732e-03
  -2.0000000e-03   1.2000000e-02   2.0000000e-03   9.9984770e-01   1.1574106e-02   6.8388718e-03   1.1129079e-02
  -2.0000000e-03   1.2000000e-02   4.0000000e-03   9.9996192e-01   2.0914932e-03  -3.7102919e-03  -7.6165486e-03
   0.0000000e+00  -1.2000000e-02  -4.0000000e-03   9.9965732e-01  -1.6941528e-02  -1.1843345e-02  -1.6060897e-02
   0.0000000e+00  -1.2000000e-02  -2.0000000e-03   9.9939083e-01   3.0851944e-02  -7.8343387e-03  -1.4309282e-02
   0.0000000e+00  -1.2000000e-02   0.0000000e+00   9.9904822e-01   3.3902497e-02  -8.2063432e-03  -2.6190219e-02
   0.0000000e+00  -1.2000000e-02   2.0000000e-03   9.9939083e-01  -2.3087821e-02   1.3005850e-02   2.2710686e-02
   0.0000000e+00  -1.2000000e-02   4.0000000e-03   9.9996192e-01   6.7835960e-03   4.0880832e-03  -3.6637171e-03
   0.0000000e+00  -1.0000000e-02  -4.0000000e-03   9.9862953e-01   8.5535704e-03  -4.5574347e-03  -5.1430716e-02
   0.0000000e+00  -1.0000000e-02  -2.0000000e-03   9.9939083e-01   2.3599264e-02  -8.9939398e-03   2.4086482e-02
   0.0000000e+00  -1.0000000e-02   0.0000000e+00   9.9862953e-01  -3.1489453e-02   1.3308182e-02   3.9627755e-02
   0.0000000e+00  -1.0000000e-02   2.0000000e-03   9.9939083e-01  -7.8014680e-04   1.8557840e-02   2.9546113e-02
   0.0000000e+00  -1.0000000e-02   4.0000000e-03   9.9904822e-01  -3.0692277e-02   5.0545910e-03   3.0579179e-02
   0.0000000e+00  -8.0000000e-03  -4.0000000e-03   9.9939083e-01  -3.2925148e-02   3.2595563e-03  -1.1103368e-02
   0.0000000e+00  -8.0000000e-03  -2.0000000e-03   9.9965732e-01   1.7467480e-02   8.4930184e-03  -1.7549598e-02
   0.0000000e+00  -8.0000000e-03   0.0000000e+00   1.0000000e+00  -0.0000000e+00   0.0000000e+00   0.0000000e+00
   0.0000000e+00  -8.0000000e-03   2.0000000e-03   9.9862953e-01  -3.8689314e-02  -3.0358998e-02   1.7903088e-02
   0.0000000e+00  -8.0000000e-03   4.0000000e-03   9.9984770e-01  -6.7930753e-03   1.4337794e-02  -7.2710582e-03
   0.0000000e+00  -6.0000000e-03  -4.0000000e-03   9.9939083e-01  -2.9491008e-02   2.7505011e-03  -1.8457792e-02
   0.0000000e+00  -6.0000000e-03  -2.0000000e-03   9.9862953e-01  -1.7886914e-02  -4.0520347e-02   2.7878524e-02
   0.0000000e+00  -6.0000000e-03   0.0000000e+00   9.9984770e-01  -2.7746486e-03   1.0324743e-02   1.3794473e-02
   0.0000000e+00  -6.0000000e-03   2.0000000e-03   9.9904822e-01  -3.5651015e-02   2.1708826e-02   1.2664239e-02
   0.0000000e+00  -6.0000000e-03   4.0000000e-03   9.9984770e-01   1.2793079e-02   1.0733085e-02  -5.0719330e-03
   0.0000000e+00  -4.0000000e-03  -4.0000000e-03   9.9939083e-01  -9.1096380e-03   3.0866360e-02   1.3500265e-02
   0.0000000e+00  -4.0000000e-03  -2.0000000e-03   9.9984770e-01   3.0472926e-03  -5.7822139e-03   1.6182290e-02
   0.0000000e+00  -4.0000000e-03   0.0000000e+00   9.9904822e-01  -2.4399104e-02   3.5519518e-02   6.7600685e-03
   0.0000000e+00  -4.0000000e-03   2.0000000e-03   9.9939083e-01  -1.0866244e-02  -3.2869486e-02   4.4154824e-03
   0.0000000e+00  -4.0000000e-03   4.0000000e-03   9.9965732e-01   2.2994948e-02  -1.2477541e-02   8.8088067e-04
   0.0000000e+00  -2.0000000e-03  -4.0000000e-03   9.9939083e-01   2.2532824e-02   1.6861567e-02   2.0638175e-02
   0.0000000e+00  -2.0000000e-03  -2.0000000e-03   9.9984770e-01  -1.5197808e-02  -1.0838296e-03   8.5110780e-03
   0.0000000e+00  -2.0000000e-03   0.0000000e+00   9.9996192e-01  -7.1358080e-03  -2.0128446e-03  -4.6022954e-03
   0.0000000e+00  -2.0000000e-03   2.0000000e-03   9.9904822e-01  -1.1812890e-02   2.4650340e-02  -3.3992166e-02
   0.0000000e+00  -2.0000000e-03   4.0000000e-03   9.9862953e-01   2.2318252e-02  -4.4161763e-02   1.7049536e-02
   0.0000000e+00   0.0000000e+00  -4.0000000e-03   9.9862953e-01   1.1740058e-02  -1.8032113e-02   4.7708136e-02
   0.0000000e+00   0.0000000e+00  -2.0000000e-03   9.9904822e-01   3.2026249e-02  -2.2209578e-02  -1.9588389e-02
   0.0000000e+00   0.0000000e+00   0.0000000e+00   9.9939083e-01   1.3802018e-02  -5.1318297e-04   3.2050208e-02
   0.0000000e+00   0.0000000e+00   2.0000000e-03   1.0000000e+00   0.0000000e+00  -0.0000000e+00   0.0000000e+00
   0.0000000e+00   0.0000000e+00   4.0000000e-03   9.9965732e-01  -7.5766989e-03  -3.1643558e-03  -2.4855847e-02
   0.0000000e+00   2.0000000e-03  -4.0000000e-03   9.9965732e-01   5.0316480e-03   1.1464166e-02   2.2988868e-02
   0.0000000e+00   2.0000000e-03  -2.0000000e-03   9.9939083e-01  -2.1575058e-02  -2.4398645e-02   1.2537856e-02
   0.0000000e+00   2.0000000e-03   0.0000000e+00   9.9965732e-01  -9.7405942e-03  -1.3791106e-02  -2.0003971e-02
   0.0000000e+00   2.0000000e-03   2.0000000e-03   9.9984770e-01   1.5463769e-03   1.4195360e-02  -1.0034289e-02
   0.0000000e+00   2.0000000e-03   4.0000000e-03   9.9939083e-01   8.1571192e-03   2.8858345e-03  -3.3809884e-02
   0.0000000e+00   4.0000000e-03  -4.0000000e-03   9.9904822e-01   2.9525823e-02  -8.3913558e-03   3.0991319e-02
   0.0000000e+00   4.0000000e-03  -2.0000000e-03   9.9904822e-01  -4.2479279e-02  -3.4233443e-03  -9.2974477e-03
   0.0000000e+00   4.0000000e-03   0.0000000e+00   9.9939083e-01   2.7777713e-02   1.7659474e-04  -2.1126816e-02
   0.0000000e+00   4.0000000e-03   2.0000000e-03   9.9904822e-01  -2.2405499e-02  -2.7255873e-02  -2.5646871e-02
   0.0000000e+00   4.0000000e-03   4.0000000e-03   9.9984770e-01  -1.0659390e-02  -1.1072894e-02  -8.2677034e-03
   0.0000000e+00   6.0000000e-03  -4.0000000e-03   9.9862953e-01  -2.6611504e-02   4.2098447e-02  -1.6081072e-02
   0.0000000e+00   6.0000000e-03  -2.0000000e-03   9.9939083e-01   6.5972880e-03  -1.2206755e-02   3.2022583e-02
   0.0000000e+00   6.0000000e-03   0.0000000e+00   9.9965732e-01   1.4012903e-02  -2.2108531e-02  -2.8987005e-04
   0.0000000e+00   6.0000000e-03   2.0000000e-03   9.9965732e-01  -1.0361365e-02   1.5022219e-02  -1.8767197e-02
   0.0000000e+00   6.0000000e-03   4.0000000e-03   9.9939083e-01   2.2218542e-02   2.2747186e-02  -1.4383213e-02
   0.0000000e+00   8.0000000e-03  -4.0000000e-03   9.9939083e-01   1.4449655e-02   1.5520838e-02   2.7717972e-02
   0.0000000e+00   8.0000000e-03  -2.0000000e-03   1.0000000e+00   0.0000000e+00  -0.0000000e+00   0.0000000e+00
   0.0000000e+00   8.0000000e-03   0.0000000e+00   9.9862953e-01  -4.9385839e-02  -7.2030537e-03   1.5754594e-02
   0.0000000e+00   8.0000000e-03   2.0000000e-03   9.9996192e-01  -4.0772813e-03  -6.9428062e-03   3.3653590e-03
   0.0000000e+00   8.0000000e-03   4.0000000e-03   9.9984770e-01   1.2345265e-02  -6.3909426e-03  -1.0551624e-02
   0.0000000e+00   1.0000000e-02  -4.0000000e-03   9.9984770e-01   5.6755546e-03  -1.4157987e-02  -8.4809188e-03
   0.0000000e+00   1.0000000e-02  -2.0000000e-03   9.9965732e-01  -6.1862621e-03  -1.5499428e-02  -2.0167561e-02
   0.0000000e+00   1.0000000e-02   0.0000000e+00   9.9904822e-01   7.9634161e-03  -3.5900414e-02  -2.3460504e-02
   0.0000000e+00   1.0000000e-02   2.0000000e-03   9.9904822e-01  -1.1096243e-02   2.0853009e-02   3.6669829e-02
   0.0000000e+00   1.0000000e-02   4.0000000e-03   9.9965732e-01  -2.5215867e-03   1.2528622e-02   2.2845303e-02
   0.0000000e+00   1.2000000e-02  -4.0000000e-03   9.9965732e-01  -2.2803106e-02  -5.0977482e-03  -1.1801015e-02
   0.0000000e+00   1.2000000e-02  -2.0000000e-03   9.9939083e-01  -8.5235782e-03  -2.1783942e-02   2.5899485e-02
   0.0000000e+00   1.2000000e-02   0.0000000e+00   9.9965732e-01   1.1306941e-02   1.5386747e-02   1.7906248e-02
   0.0000000e+00   1.2000000e-02   2.0000000e-03   9.9904822e-01  -2.3612241e-03  -4.0077183e-02  -1.7055644e-02
   0.0000000e+00   1.2000000e-02   4.0000000e-03   9.9862953e-01   3.0080319e-02   3.1404803e-02  -2.9119841e-02
   2.0000000e-03  -1.2000000e-02  -4.0000000e-03   9.9996192e-01   2.8566206e-03   5.8348633e-03   5.8263634e-03
   2.0000000e-03  -1.2000000e-02  -2.0000000e-03   9.9939083e-01   1.3082043e-03   2.3468449e-02   2.5797197e-02
   2.0000000e-03  -1.2000000e-02   0.0000000e+00   9.9996192e-01   3.6641369e-03   7.7697967e-03   1.5351813e-03
   2.0000000e-03  -1.2000000e-02   2.0000000e-03   9.9965732e-01   4.2339040e-03   6.9449231e-03   2.4881212e-02
   2.0000000e-03  -1.2000000e-02   4.0000000e-03   9.9904822e-01   1.8210043e-02  -1.5467099e-03   3.9606224e-02
   2.0000000e-03  -1.0000000e-02  -4.0000000e-03   9.9984770e-01  -3.2524836e-03  -3.6771690e-03   1.6747724e-02
   2.0000000e-03  -1.0000000e-02  -2.0000000e-03   9.9939083e-01   2.2930504e-02   2.6308812e-02   1.1527917e-04
   2.0000000e-03  -1.0000000e-02   0.0000000e+00   9.9996192e-01   2.3127697e-03  -7.1109777e-03  -4.4986126e-03
   2.0000000e-03  -1.0000000e-02   2.0000000e-03   9.9984770e-01  -8.4183577e-03   1.1522910e-02  -1.0046905e-02
   2.0000000e-03  -1.0000000e-02   4.0000000e-03   9.9862953e-01   2.0698645e-02  -5.7348054e-03  -4.7725574e-02
   2.0000000e-03  -8.0000000e-03  -4.0000000e-03   9.9984770e-01   1.6664214e-02   4.5147217e-03   2.5510285e-03
   2.0000000e-03  -8.0000000e-03  -2.0000000e-03   9.9904822e-01  -1.4872036e-02  -5.8336931e-03  -4.0588687e-02
   2.0000000e-03  -8.0000000e-03   0.0000000e+00   9.9965732e-01   4.8727370e-03  -1.4882837e-02   2.0975944e-02
   2.0000000e-03  -8.0000000e-03   2.0000000e-03   9.9904822e-01   4.0800105e-02  -8.0462540e-03  -1.3162833e-02
   2.0000000e-03  -8.0000000e-03   4.0000000e-03   9.9996192e-01   8.2681499e-03   2.7430536e-03   5.1553464e-04
   2.0000000e-03  -6.0000000e-03  -4.0000000e-03   9.9965732e-01   1.9368965e-02  -1.0009675e-02   1.4487313e-02
   2.0000000e-03  -6.0000000e-03  -2.0000000e-03   9.9965732e-01   2.5332845e-02  -4.9593132e-03  -4.3456649e-03
   2.0000000e-03  -6.0000000e-03   0.0000000e+00   9.9939083e-01   1.9453778e-02   1.5134376e-02   2.4707814e-02
   2.0000000e-03  -6.0000000e-03   2.0000000e-03   9.9939083e-01  -2.2167555e-02   2.3415920e-02   1.3351743e-02
   2.0000000e-03  -6.0000000e-03   4.0000000e-03   9.9862953e-01  -2.0153607e-02  -4.7545187e-02  -8.5052731e-03
   2.0000000e-03  -4.0000000e-03  -4.0000000e-03   9.9939083e-01  -2.5899521e-04  -7.4099185e-03   3.4102799e-02
   2.0000000e-03  -4.0000000e-03  -2.0000000e-03   9.9984770e-01  -8.9508310e-03  -2.1929353e-03   1.4820936e-02
   2.0000000e-03  -4.0000000e-03   0.0000000e+00   9.9984770e-01   3.6279635e-03  -2.6918113e-03   1.6857595e-02
   2.0000000e-03  -4.0000000e-03   2.0000000e-03   9.9996192e-01   5.9992154e-03  -5.4569093e-03   3.2224179e-03
   2.0000000e-03  -4.0000000e-03   4.0000000e-03   9.9862953e-01   1.8109996e-02   3.6535095e-02  -3.2806512e-02
   2.0000000e-03  -2.0000000e-03  -4.0000000e-03   9.9996192e-01   8.1095406e-03   2.0570810e-03   2.4811673e-03
   2.0000000e-03  -2.0000000e-03  -2.0000000e-03   9.9965732e-01  -1.8689443e-02   2.9193721e-03  -1.8094602e-02
   2.0000000e-03  -2.0000000e-03   0.0000000e+00   9.9939083e-01  -1.1530475e-02  -2.2933795e-02  -2.3644535e-02
   2.0000000e-03  -2.0000000e-03   2.0000000e-03   9.9984770e-01  -3.1406360e-03   1.6821451e-02  -3.4295319e-03
   2.0000000e-03  -2.0000000e-03   4.0000000e-03   9.9939083e-01  -2.9860045e-03  -3.2629520e-02  -1.2015535e-02
   2.0000000e-03   0.0000000e+00  -4.0000000e-03   9.9996192e-01   3.4244291e-03  -4.9433767e-03  -6.3236646e-03
   2.0000000e-03   0.0000000e+00  -2.0000000e-03   9.9984770e-01   1.3919132e-02   1.0242437e-02  -2.4365444e-03
   2.0000000e-03   0.0000000e+00   0.0000000e+00   9.9939083e-01   2.7833662e-02   5.1163744e-03   2.0422655e-02
   2.0000000e-03   0.0000000e+00   2.0000000e-03   9.9984770e-01   1.2894076e-03   8.4953353e-03   1.5190563e-02
   2.0000000e-03   0.0000000e+00   4.0000000e-03   9.9984770e-01  -1.2801296e-02   1.1355551e-02  -3.4299813e-03
   2.0000000e-03   2.0000000e-03  -4.0000000e-03   9.9984770e-01  -9.0013710e-03  -9.0137084e-03   1.1929580e-02
   2.0000000e-03   2.0000000e-03  -2.0000000e-03   9.9904822e-01   2.9060900e-02  -1.1359053e-02  -3.0480928e-02
   2.0000000e-03   2.0000000e-03   0.0000000e+00   1.0000000e+00  -0.0000000e+00   0.0000000e+00   0.0000000e+00
   2.0000000e-03   2.0000000e-03   2.0000000e-03   9.9939083e-01  -2.2401571e-02   1.7401613e-02  -2.0330478e-02
   2.0000000e-03   2.0000000e-03   4.0000000e-03   9.9904822e-01   2.6063648e-03  -2.5238320e-03   4.3468242e-02
   2.0000000e-03   4.0000000e-03  -4.0000000e-03   9.9862953e-01  -1.8808300e-03  -2.4026798e-02  -4.6456730e-02
   2.0000000e-03   4.0000000e-03  -2.0000000e-03   9.9939083e-01   2.5400247e-02   1.9178481e-02  -1.4317408e-02
   2.0000000e-03   4.0000000e-03   0.0000000e+00   9.9862953e-01  -1.1070367e-02   4.8252272e-02  -1.6976972e-02
   2.0000000e-03   4.0000000e-03   2.0000000e-03   9.9904822e-01   2.6825558e-02  -1.4579558e-02  -3.1152478e-02
   2.0000000e-03   4.0000000e-03   4.0000000e-03   9.9996192e-01  -3.1015263e-03  -5.7111870e-03  -5.8236844e-03
   2.0000000e-03   6.0000000e-03  -4.0000000e-03   9.9904822e-01  -2.0734078e-02   3.4723168e-03   3.8219000e-02
   2.0000000e-03   6.0000000e-03  -2.0000000e-03   9.9965732e-01  -1.8979000e-02   1.8009584e-02   8.2769200e-04
   2.0000000e-03   6.0000000e-03   0.0000000e+00   9.9996192e-01  -6.2378643e-03   6.0763133e-03   5.6558539e-04
   2.0000000e-03   6.0000000e-03   2.0000000e-03   9.9996192e-01  -1.3968615e-03   3.9626442e-03  -7.6484411e-03
   2.0000000e-03   6.0000000e-03   4.0000000e-03   9.9996192e-01   7.9739212e-03  -1.1278504e-03   3.3610944e-03
   2.0000000e-03   8.0000000e-03  -4.0000000e-03   9.9965732e-01  -7.2577211e-03   1.4935463e-02  -2.0235861e-02
   2.0000000e-03   8.0000000e-03  -2.0000000e-03   9.9939083e-01   3.4487387e-02  -4.2274534e-03  -3.2747016e-03
   2.0000000e-03   8.0000000e-03   0.0000000e+00   9.9996192e-01   4.5334714e-03  -6.2030179e-03  -4.1379496e-03
   2.0000000e-03   8.0000000e-03   2.0000000e-03   9.9862953e-01   4.2838291e-02  -4.4964697e-03   2.9727343e-02
   2.0000000e-03   8.0000000e-03   4.0000000e-03   9.9862953e-01   3.8535538e-02  -2.8484377e-02  -2.1040554e-02
   2.0000000e-03   1.0000000e-02  -4.0000000e-03   9.9996192e-01  -3.1917014e-03   6.2404467e-04  -8.0979029e-03
   2.0000000e-03   1.0000000e-02  -2.0000000e-03   9.9984770e-01   6.5374834e-03  -1.6076173e-02  -1.8451193e-03
   2.0000000e-03   1.0000000e-02   0.0000000e+00   9.9965732e-01  -1.7258095e-02  -2.1515034e-03  -1.9564299e-02
   2.0000000e-03   1.0000000e-02   2.0000000e-03   9.9984770e-01   7.2157751e-03   1.4844236e-02   5.6716601e-03
   2.0000000e-03   1.0000000e-02   4.0000000e-03   9.9984770e-01   1.7263428e-02  -1.5665516e-03  -2.0264417e-03
   2.0000000e-03   1.2000000e-02  -4.0000000e-03   9.9939083e-01   1.7359574e-02  -1.6546920e-02  -2.5353885e-02
   2.0000000e-03   1.2000000e-02  -2.0000000e-03   9.9862953e-01   3.7278000e-02   3.4304321e-02  -1.3138363e-02
   2.0000000e-03   1.2000000e-02   0.0000000e+00   9.9862953e-01   3.4036167e-03  -2.1951591e-02   4.7387713e-02
   2.0000000e-03   1.2000000e-02   2.0000000e-03   9.9965732e-01   1.2918729e-02   2.0043547e-02   1.0797930e-02
   2.0000000e-03   1.2000000e-02   4.0000000e-03   9.9939083e-01  -2.0279217e-02   2.7896277e-02   5.3409735e-03
   4.0000000e-03  -1.2000000e-02  -4.0000000e-03   9.9996192e-01   3.7456861e-03   4.4436365e-03   6.5097121e-03
   4.0000000e-03  -1.2000000e-02  -2.0000000e-03   9.9904822e-01  -2.0161115e-02   2.1292983e-02   3.2292248e-02
   4.0000000e-03  -1.2000000e-02   0.0000000e+00   9.9904822e-01   2.3510893e-02   2.3859112e-02  -2.7939786e-02
   4.0000000e-03  -1.2000000e-02   2.0000000e-03   9.9965732e-01  -1.9480991e-02  -6.0795907e-03  -1.6393968e-02
   4.0000000e-03  -1.2000000e-02   4.0000000e-03   9.9984770e-01   1.1184458e-02   1.3257017e-02  -1.9354282e-03
   4.0000000e-03  -1.0000000e-02  -4.0000000e-03   9.9965732e-01   9.6049758e-03   2.3963489e-02  -4.3276168e-03
   4.0000000e-03  -1.0000000e-02  -2.0000000e-03   9.9862953e-01   2.9605702e-02  -4.1640331e-02   1.1341851e-02
   4.0000000e-03  -1.0000000e-02   0.0000000e+00   9.9984770e-01   1.6966623e-02  -1.7944284e-03   3.6742641e-03
   4.0000000e-03  -1.0000000e-02   2.0000000e-03   1.0000000e+00   0.0000000e+00  -0.0000000e+00  -0.0000000e+00
   4.0000000e-03  -1.0000000e-02   4.0000000e-03   9.9862953e-01   1.3053219e-02  -2.4398074e-02   4.4422964e-02
   4.0000000e-03  -8.0000000e-03  -4.0000000e-03   9.9984770e-01  -8.5584583e-03   4.1431611e-03  -1.4634668e-02
   4.0000000e-03  -8.0000000e-03  -2.0000000e-03   9.9996192e-01   7.0220897e-03   3.9046913e-03   3.4052994e-03
   4.0000000e-03  -8.0000000e-03   0.0000000e+00   1.0000000e+00  -0.0000000e+00  -0.0000000e+00   0.0000000e+00
   4.0000000e-03  -8.0000000e-03   2.0000000e-03   9.9996192e-01   8.4577156e-03   2.0936771e-03   4.8578237e-04
   4.0000000e-03  -8.0000000e-03   4.0000000e-03   9.9939083e-01  -1.7908788e-02   2.9349034e-02   5.9903564e-03
   4.0000000e-03  -6.0000000e-03  -4.0000000e-03   9.9862953e-01   4.8910286e-02  -1.8159740e-02   4.1303885e-03
   4.0000000e-03  -6.0000000e-03  -2.0000000e-03   9.9939083e-01   2.2743513e-02  -2.4417215e-02  -1.0222870e-02
   4.0000000e-03  -6.0000000e-03   0.0000000e+00   9.9904822e-01  -3.9203625e-02   1.7865493e-02   6.8228204e-03
   4.0000000e-03  -6.0000000e-03   2.0000000e-03   9.9965732e-01  -3.9597170e-03  -1.9464592e-02  -1.7049426e-02
   4.0000000e-03  -6.0000000e-03   4.0000000e-03   9.9996192e-01  -7.9760991e-04   6.3016000e-03  -5.9838180e-03
   4.0000000e-03  -4.0000000e-03  -4.0000000e-03   9.9984770e-01  -1.4269722e-03   1.2046475e-02  -1.2547218e-02
   4.0000000e-03  -4.0000000e-03  -2.0000000e-03   9.9984770e-01   1.0951847e-02   3.5267754e-03  -1.3122705e-02
   4.0000000e-03  -4.0000000e-03   0.0000000e+00   9.9984770e-01   1.1283677e-02  -3.7637464e-03   1.2771035e-02
   4.0000000e-03  -4.0000000e-03   2.0000000e-03   9.9984770e-01  -2.0044017e-03  -1.7276088e-02   1.4510874e-03
   4.0000000e-03  -4.0000000e-03   4.0000000e-03   9.9965732e-01   2.0035674e-02  -1.1767458e-02  -1.2055343e-02
   4.0000000e-03  -2.0000000e-03  -4.0000000e-03   9.9984770e-01  -6.0977588e-03  -1.3239104e-02  -9.5984353e-03
   4.0000000e-03  -2.0000000e-03  -2.0000000e-03   9.9904822e-01   2.6710222e-02  -2.3542578e-02   2.5198453e-02
   4.0000000e-03  -2.0000000e-03   0.0000000e+00   9.9862953e-01   2.2337987e-02   3.1002484e-02  -3.5761888e-02
   4.0000000e-03  -2.0000000e-03   2.0000000e-03   9.9984770e-01  -6.9547136e-03   5.5489122e-03   1.5014261e-02
   4.0000000e-03  -2.0000000e-03   4.0000000e-03   9.9984770e-01  -1.0920857e-02   1.3589305e-02  -8.0757446e-04
   4.0000000e-03   0.0000000e+00  -4.0000000e-03   9.9984770e-01   1.0010442e-02  -9.0600119e-03  -1.1058649e-02
   4.0000000e-03   0.0000000e+00  -2.0000000e-03   9.9904822e-01   1.1361568e-02  -4.0180804e-02   1.2612246e-02
   4.0000000e-03   0.0000000e+00   0.0000000e+00   9.9939083e-01  -1.9843881e-02  -2.6115620e-02   1.1923493e-02
   4.0000000e-03   0.0000000e+00   2.0000000e-03   9.9904822e-01  -2.8533638e-02   1.9496235e-02   2.6615395e-02
   4.0000000e-03   0.0000000e+00   4.0000000e-03   9.9939083e-01   3.3828582e-02  -4.0744935e-03   7.5498626e-03
   4.0000000e-03   2.0000000e-03  -4.0000000e-03   9.9965732e-01  -7.3954506e-04  -6.6481387e-03  -2.5307863e-02
   4.0000000e-03   2.0000000e-03  -2.0000000e-03   9.9939083e-01  -3.7061913e-03   7.5482736e-03  -3.3871265e-02
   4.0000000e-03   2.0000000e-03   0.0000000e+00   9.9862953e-01   7.9433093e-03  -5.3169162e-03   5.1455676e-02
   4.0000000e-03   2.0000000e-03   2.0000000e-03   9.9996192e-01   5.3680188e-03  -4.5360737e-03  -5.1730872e-03
   4.0000000e-03   2.0000000e-03   4.0000000e-03   9.9862953e-01  -1.5357026e-02   4.5897116e-02   1.9916546e-02
   4.0000000e-03   4.0000000e-03  -4.0000000e-03   9.9862953e-01   3.3701030e-02  -3.2640949e-02   2.3191839e-02
   4.0000000e-03   4.0000000e-03  -2.0000000e-03   9.9904822e-01  -1.0267150e-02  -2.8237241e-02  -3.1621113e-02
   4.0000000e-03   4.0000000e-03   0.0000000e+00   9.9984770e-01   8.7781513e-04  -1.1510986e-02  -1.3088664e-02
   4.0000000e-03   4.0000000e-03   2.0000000e-03   9.9996192e-01   2.3865528e-03   3.8636817e-03   7.4517616e-03
   4.0000000e-03   4.0000000e-03   4.0000000e-03   9.9996192e-01   5.3359329e-03   1.6161497e-03  -6.7132930e-03
   4.0000000e-03   6.0000000e-03  -4.0000000e-03   1.0000000e+00   0.0000000e+00  -0.0000000e+00   0.0000000e+00
   4.0000000e-03   6.0000000e-03  -2.0000000e-03   9.9904822e-01   2.2885095e-02  -3.4951828e-02  -1.2541655e-02
   4.0000000e-03   6.0000000e-03   0.0000000e+00   1.0000000e+00  -0.0000000e+00  -0.0000000e+00  -0.0000000e+00
   4.0000000e-03   6.0000000e-03   2.0000000e-03   9.9939083e-01   1.1732975e-02   2.5029195e-02  -2.1303792e-02
   4.0000000e-03   6.0000000e-03   4.0000000e-03   9.9862953e-01  -2.5499537e-02   1.8652284e-02  -4.1724312e-02
   4.0000000e-03   8.0000000e-03  -4.0000000e-03   9.9984770e-01   4.2245587e-03  -1.1543878e-02  -1.2388643e-02
   4.0000000e-03   8.0000000e-03  -2.0000000e-03   9.9904822e-01  -3.7003372e-02   2.2867676e-02  -3.2358611e-03
   4.0000000e-03   8.0000000e-03   0.0000000e+00   1.0000000e+00   0.0000000e+00  -0.0000000e+00  -0.0000000e+00
   4.0000000e-03   8.0000000e-03   2.0000000e-03   9.9996192e-01  -6.3628960e-03   5.8151109e-03   1.3603166e-03
   4.0000000e-03   8.0000000e-03   4.0000000e-03   9.9939083e-01   7.2319610e-03  -1.4622557e-02   3.0852138e-02
   4.0000000e-03   1.0000000e-02  -4.0000000e-03   9.9904822e-01   1.7338812e-02  -3.7074370e-02  -1.5083357e-02
   4.0000000e-03   1.0000000e-02  -2.0000000e-03   9.9984770e-01  -7.8822105e-04  -1.0854663e-02   1.3643368e-02
   4.0000000e-03   1.0000000e-02   0.0000000e+00   9.9904822e-01  -7.1251466e-03   3.8148351e-02  -1.9914481e-02
   4.0000000e-03   1.0000000e-02   2.0000000e-03   9.9984770e-01  -7.6571753e-03   1.0406217e-02  -1.1733065e-02
   4.0000000e-03   1.0000000e-02   4.0000000e-03   9.9862953e-01   2.1457769e-02   4.7355628e-02   6.0050768e-03
   4.0000000e-03   1.2000000e-02  -4.0000000e-03   9.9939083e-01   2.8057435e-02   2.2563133e-03   2.0631632e-02
   4.0000000e-03   1.2000000e-02  -2.0000000e-03   9.9996192e-01   3.9685092e-03  -7.7632788e-03  -3.6723067e-04
   4.0000000e-03   1.2000000e-02   0.0000000e+00   9.9965732e-01   8.6265476e-03  -2.0971065e-02   1.3077834e-02
   4.0000000e-03   1.2000000e-02   2.0000000e-03   1.0000000e+00  -0.0000000e+00   0.0000000e+00   0.0000000e+00
   4.0000000e-03   1.2000000e-02   4.0000000e-03   9.9904822e-01  -2.9675683e-02   2.4548640e-02   2.0478502e-02
   6.0000000e-03  -1.2000000e-02  -4.0000000e-03   9.9984770e-01  -1.1147115e-02  -1.2551587e-02   4.7734659e-03
   6.0000000e-03  -1.2000000e-02  -2.0000000e-03   9.9862953e-01  -5.0496280e-02  -4.0934649e-03   1.3130941e-02
   6.0000000e-03  -1.2000000e-02   0.0000000e+00   9.9965732e-01   2.3365422e-02  -6.1478979e-03   1.0074375e-02
   6.0000000e-03  -1.2000000e-02   2.0000000e-03   9.9996192e-01   7.6137830e-03   2.5401857e-03  -3.4249361e-03
   6.0000000e-03  -1.2000000e-02   4.0000000e-03   9.9904822e-01  -1.8676734e-02   2.0222102e-02   3.3836329e-02
   6.0000000e-03  -1.0000000e-02  -4.0000000e-03   9.9965732e-01  -1.9640771e-02  -1.5370673e-02   7.9507941e-03
   6.0000000e-03  -1.0000000e-02  -2.0000000e-03   1.0000000e+00   0.0000000e+00   0.0000000e+00   0.0000000e+00
   6.0000000e-03  -1.0000000e-02   0.0000000e+00   9.9996192e-01   8.5068572e-03  -1.5339806e-03  -1.1969570e-03
   6.0000000e-03  -1.0000000e-02   2.0000000e-03   9.9984770e-01  -1.5841771e-02  -5.1887784e-03  -5.1673372e-03
   6.0000000e-03  -1.0000000e-02   4.0000000e-03   9.9965732e-01   2.0539798e-02   9.9624672e-03   1.2810096e-02
   6.0000000e-03  -8.0000000e-03  -4.0000000e-03   9.9984770e-01  -1.0224301e-02   9.9645131e-03   1.0037860e-02
   6.0000000e-03  -8.0000000e-03  -2.0000000e-03   1.0000000e+00   0.0000000e+00  -0.0000000e+00   0.0000000e+00
   6.0000000e-03  -8.0000000e-03   0.0000000e+00   9.9939083e-01   2.3931666e-02  -1.9960800e-02  -1.5710401e-02
   6.0000000e-03  -8.0000000e-03   2.0000000e-03   9.9939083e-01   6.4299420e-03   2.1216750e-02   2.6953297e-02
   6.0000000e-03  -8.0000000e-03   4.0000000e-03   9.9862953e-01  -2.8802393e-02  -3.4622522e-02   2.6659997e-02
   6.0000000e-03  -6.0000000e-03  -4.0000000e-03   9.9862953e-01   4.0860920e-02  -3.0998698e-02  -1.0417208e-02
   6.0000000e-03  -6.0000000e-03  -2.0000000e-03   9.9939083e-01  -3.3797401e-02   7.5047315e-03  -4.4033560e-03
   6.0000000e-03  -6.0000000e-03   0.0000000e+00   1.0000000e+00  -0.0000000e+00  -0.0000000e+00  -0.0000000e+00
   6.0000000e-03  -6.0000000e-03   2.0000000e-03   9.9862953e-01   2.0771188e-02  -1.8486632e-02  -4.4337958e-02
   6.0000000e-03  -6.0000000e-03   4.0000000e-03   9.9862953e-01  -2.7282763e-02   4.2981120e-02  -1.2137811e-02
   6.0000000e-03  -4.0000000e-03  -4.0000000e-03   9.9996192e-01   3.7726147e-03  -6.1463182e-03   4.9135091e-03
   6.0000000e-03  -4.0000000e-03  -2.0000000e-03   9.9984770e-01   8.3877773e-03   1.4588007e-02  -4.6283633e-03
   6.0000000e-03  -4.0000000e-03   0.0000000e+00   9.9965732e-01   1.4593691e-02   1.6454601e-02  -1.4195172e-02
   6.0000000e-03  -4.0000000e-03   2.0000000e-03   9.9984770e-01   1.2635111e-02   1.1409461e-02  -3.8424821e-03
   6.0000000e-03  -4.0000000e-03   4.0000000e-03   9.9939083e-01  -3.0988690e-02   1.5606599e-02  -3.7563314e-03
   6.0000000e-03  -2.0000000e-03  -4.0000000e-03   9.9904822e-01  -3.7117671e-02  -2.1938569e-02  -6.6051961e-03
   6.0000000e-03  -2.0000000e-03  -2.0000000e-03   9.9996192e-01   5.1565668e-03  -3.6368226e-03   6.0279152e-03
   6.0000000e-03  -2.0000000e-03   0.0000000e+00   9.9996192e-01  -7.4863470e-03  -6.6325297e-04   4.4347633e-03
   6.0000000e-03  -2.0000000e-03   2.0000000e-03   9.9996192e-01  -3.1141799e-03  -5.9483696e-03  -5.5741550e-03
   6.0000000e-03  -2.0000000e-03   4.0000000e-03   9.9904822e-01   2.9184962e-02  -3.0211206e-02  -1.1754658e-02
   6.0000000e-03   0.0000000e+00  -4.0000000e-03   9.9862953e-01  -6.0096176e-04  -5.0265751e-02   1.4561780e-02
   6.0000000e-03   0.0000000e+00  -2.0000000e-03   9.9965732e-01   1.6666690e-02   1.8740174e-02   7.5006618e-03
   6.0000000e-03   0.0000000e+00   0.0000000e+00   9.9996192e-01  -5.0310306e-03   2.6596519e-03   6.6156938e-03
   6.0000000e-03   0.0000000e+00   2.0000000e-03   9.9904822e-01  -3.6446192e-02  -2.3623897e-02   4.0295814e-03
   6.0000000e-03   0.0000000e+00   4.0000000e-03   9.9862953e-01  -4.2786364e-02   1.0507640e-02  -2.8248343e-02
   6.0000000e-03   2.0000000e-03  -4.0000000e-03   9.9862953e-01  -1.1741202e-02  -5.0311230e-02  -8.3652043e-03
   6.0000000e-03   2.0000000e-03  -2.0000000e-03   9.9939083e-01  -2.2576711e-02   9.2782838e-03  -2.4943545e-02
   6.0000000e-03   2.0000000e-03   0.0000000e+00   9.9965732e-01   1.8252919e-02  -7.6384624e-03  -1.7138188e-02
   6.0000000e-03   2.0000000e-03   2.0000000e-03   9.9965732e-01   1.9801964e-02   3.2464256e-03  -1.6809984e-02
   6.0000000e-03   2.0000000e-03   4.0000000e-03   9.9965732e-01   9.6978223e-03  -2.1019083e-02   1.2222234e-02
   6.0000000e-03   4.0000000e-03  -4.0000000e-03   1.0000000e+00  -0.0000000e+00  -0.0000000e+00  -0.0000000e+00
   6.0000000e-03   4.0000000e-03  -2.0000000e-03   9.9984770e-01  -8.6963944e-03  -9.2668022e-03  -1.1961839e-02
   6.0000000e-03   4.0000000e-03   0.0000000e+00   9.9996192e-01   4.6678111e-03   3.0605908e-03  -6.7079613e-03
   6.0000000e-03   4.0000000e-03   2.0000000e-03   9.9904822e-01   2.3548547e-02   2.2368276e-02   2.9116613e-02
   6.0000000e-03   4.0000000e-03   4.0000000e-03   9.9965732e-01   1.1150262e-02  -2.2426100e-02   7.6140864e-03
   6.0000000e-03   6.0000000e-03  -4.0000000e-03   9.9965732e-01   7.3950910e-03   1.5302022e-02  -1.9909630e-02
   6.0000000e-03   6.0000000e-03  -2.0000000e-03   9.9984770e-01   1.5635206e-02  -4.8844878e-03   6.0223421e-03
   6.0000000e-03   6.0000000e-03   0.0000000e+00   9.9984770e-01   1.3255394e-02  -1.1278663e-02   1.2933657e-03
   6.0000000e-03   6.0000000e-03   2.0000000e-03   9.9904822e-01  -3.7269941e-02   2.0093247e-02  -1.0481596e-02
   6.0000000e-03   6.0000000e-03   4.0000000e-03   9.9984770e-01  -9.1296380e-03   1.3999507e-02   5.0249382e-03
   6.0000000e-03   8.0000000e-03  -4.0000000e-03   9.9996192e-01   5.3044579e-03   8.2013934e-04  -6.8805901e-03
   6.0000000e-03   8.0000000e-03  -2.0000000e-03   1.0000000e+00   0.0000000e+00   0.0000000e+00   0.0000000e+00
   6.0000000e-03   8.0000000e-03   0.0000000e+00   9.9862953e-01  -4.1525994e-02   9.6211591e-03  -3.0365727e-02
   6.0000000e-03   8.0000000e-03   2.0000000e-03   9.9965732e-01   1.2727094e-02  -1.9664306e-02   1.1686264e-02
   6.0000000e-03   8.0000000e-03   4.0000000e-03   9.9996192e-01  -6.0346701e-03  -3.5360678e-03  -5.2183717e-03
   6.0000000e-03   1.0000000e-02  -4.0000000e-03   9.9996192e-01   5.4788001e-04  -5.7631022e-03   6.5298470e-03
   6.0000000e-03   1.0000000e-02  -2.0000000e-03   9.9965732e-01   9.0717293e-03   9.8001166e-03   2.2514308e-02
   6.0000000e-03   1.0000000e-02   0.0000000e+00   1.0000000e+00  -0.0000000e+00  -0.0000000e+00   0.0000000e+00
   6.0000000e-03   1.0000000e-02   2.0000000e-03   9.9904822e-01  -3.9881460e-02   9.6814073e-03  -1.4778040e-02
   6.0000000e-03   1.0000000e-02   4.0000000e-03   9.9965732e-01   2.5643184e-03  -2.6040143e-02  -7.5354737e-04
   6.0000000e-03   1.2000000e-02  -4.0000000e-03   9.9904822e-01   1.9258121e-02  -2.5821782e-02  -2.9411075e-02
   6.0000000e-03   1.2000000e-02  -2.0000000e-03   9.9984770e-01  -1.4764048e-02  -7.5298238e-03  -5.4691060e-03
   6.0000000e-03   1.2000000e-02   0.0000000e+00   9.9904822e-01   3.2198778e-02  -2.8788888e-02   6.0901172e-03
   6.0000000e-03   1.2000000e-02   2.0000000e-03   1.0000000e+00  -0.0000000e+00   0.0000000e+00  -0.0000000e+00
   6.0000000e-03   1.2000000e-02   4.0000000e-03   9.9965732e-01  -1.8005222e-02  -1.8418169e-02  -4.6707220e-03
   8.0000000e-03  -1.2000000e-02  -4.0000000e-03   9.9984770e-01  -3.9086432e-03  -6.6797118e-03  -1.5642584e-02
   8.0000000e-03  -1.2000000e-02  -2.0000000e-03   9.9904822e-01  -1.1923529e-02   2.1869306e-02  -3.5808014e-02
   8.0000000e-03  -1.2000000e-02   0.0000000e+00   9.9996192e-01  -3.4833988e-03  -5.0250580e-03  -6.2263269e-03
   8.0000000e-03  -1.2000000e-02   2.0000000e-03   9.9862953e-01   2.5110649e-02  -3.9571075e-02   2.3294585e-02
   8.0000000e-03  -1.2000000e-02   4.0000000e-03   9.9984770e-01   1.6665363e-02   5.0043418e-03   1.3448928e-03
   8.0000000e-03  -1.0000000e-02  -4.0000000e-03   9.9965732e-01  -1.0793892e-02  -1.7506994e-02  -1.6193507e-02
   8.0000000e-03  -1.0000000e-02  -2.0000000e-03   9.9996192e-01   3.0148080e-03   8.0851062e-03  -1.3016956e-03
   8.0000000e-03  -1.0000000e-02   0.0000000e+00   9.9965732e-01  -1.2679157e-02   1.9668134e-02  -1.1731842e-02
   8.0000000e-03  -1.0000000e-02   2.0000000e-03   9.9862953e-01  -4.4254011e-02   2.6236561e-02  -9.6061275e-03
   8.0000000e-03  -1.0000000e-02   4.0000000e-03   9.9984770e-01  -5.6161351e-03   1.2174562e-02   1.1172536e-02
   8.0000000e-03  -8.0000000e-03  -4.0000000e-03   9.9862953e-01  -4.8398337e-02  -1.9677524e-02   3.0738113e-03
   8.0000000e-03  -8.0000000e-03  -2.0000000e-03   9.9965732e-01  -3.9407318e-03  -2.5800440e-02  -2.0101093e-03
   8.0000000e-03  -8.0000000e-03   0.0000000e+00   9.9862953e-01  -4.3564010e-02  -1.0275270e-02  -2.7122835e-02
   8.0000000e-03  -8.0000000e-03   2.0000000e-03   9.9996192e-01  -6.1217482e-03  -5.7623657e-03  -2.3391799e-03
   8.0000000e-03  -8.0000000e-03   4.0000000e-03   9.9904822e-01   2.4781859e-02   9.6764619e-03   3.4566986e-02
   8.0000000e-03  -6.0000000e-03  -4.0000000e-03   9.9965732e-01   6.5618485e-03  -1.5131899e-02  -2.0327331e-02
   8.0000000e-03  -6.0000000e-03  -2.0000000e-03   9.9996192e-01   6.7753138e-04   5.4538021e-03  -6.7785999e-03
   8.0000000e-03  -6.0000000e-03   0.0000000e+00   9.9996192e-01  -6.6714700e-03   5.5866606e-03  -6.5812890e-04
   8.0000000e-03  -6.0000000e-03   2.0000000e-03   9.9862953e-01   2.8102866e-02  -3.5575539e-02  -2.6146937e-02
   8.0000000e-03  -6.0000000e-03   4.0000000e-03   9.9996192e-01  -8.1495288e-03  -3.0574781e-03  -6.2404225e-04
   8.0000000e-03  -4.0000000e-03  -4.0000000e-03   9.9904822e-01  -1.5924403e-02   3.9060538e-02   1.1105798e-02
   8.0000000e-03  -4.0000000e-03  -2.0000000e-03   9.9996192e-01  -5.7501025e-03  -5.9868069e-03  -2.6920042e-03
   8.0000000e-03  -4.0000000e-03   0.0000000e+00   1.0000000e+00   0.0000000e+00  -0.0000000e+00   0.0000000e+00
   8.0000000e-03  -4.0000000e-03   2.0000000e-03   9.9939083e-01  -3.9374741e-03   3.4228458e-02   5.5573241e-03
   8.0000000e-03  -4.0000000e-03   4.0000000e-03   9.9965732e-01  -2.0240185e-02   3.1753068e-03   1.6293709e-02
   8.0000000e-03  -2.0000000e-03  -4.0000000e-03   9.9862953e-01  -3.1586840e-02   1.1105024e-03   4.1714393e-02
   8.0000000e-03  -2.0000000e-03  -2.0000000e-03   9.9984770e-01   1.4108826e-02  -3.7341404e-03   9.5699376e-03
   8.0000000e-03  -2.0000000e-03   0.0000000e+00   9.9904822e-01  -1.7541470e-02  -3.8438161e-02  -1.0837690e-02
   8.0000000e-03  -2.0000000e-03   2.0000000e-03   9.9965732e-01   1.0126742e-02  -2.3294518e-02  -6.3282830e-03
   8.0000000e-03  -2.0000000e-03   4.0000000e-03   9.9996192e-01  -7.4899096e-03   4.0042028e-03   2.0050025e-03
   8.0000000e-03   0.0000000e+00  -4.0000000e-03   1.0000000e+00  -0.0000000e+00  -0.0000000e+00  -0.0000000e+00
   8.0000000e-03   0.0000000e+00  -2.0000000e-03   9.9904822e-01  -2.4444799e-02   2.9226050e-02  -2.1235366e-02
   8.0000000e-03   0.0000000e+00   0.0000000e+00   1.0000000e+00  -0.0000000e+00  -0.0000000e+00   0.0000000e+00
   8.0000000e-03   0.0000000e+00   2.0000000e-03   9.9904822e-01  -4.1420569e-02  -1.3253463e-02   3.3664754e-03
   8.0000000e-03   0.0000000e+00   4.0000000e-03   9.9904822e-01  -2.3705484e-02   3.2380438e-02  -1.7094099e-02
   8.0000000e-03   2.0000000e-03  -4.0000000e-03   9.9862953e-01  -2.5559241e-02   4.5657513e-02   1.0812294e-03
   8.0000000e-03   2.0000000e-03  -2.0000000e-03   9.9996192e-01   7.2633285e-03   3.9865932e-03  -2.7392619e-03
   8.0000000e-03   2.0000000e-03   0.0000000e+00   9.9862953e-01   4.2614027e-02  -2.9249915e-02   8.2182416e-03
   8.0000000e-03   2.0000000e-03   2.0000000e-03   9.9984770e-01  -9.9919497e-04  -1.6943019e-02   4.0647522e-03
   8.0000000e-03   2.0000000e-03   4.0000000e-03   9.9996192e-01  -6.2780494e-03  -2.5412800e-03  -5.5027642e-03
   8.0000000e-03   4.0000000e-03  -4.0000000e-03   9.9965732e-01   8.2273113e-03   1.5613302e-02   1.9333100e-02
   8.0000000e-03   4.0000000e-03  -2.0000000e-03   9.9984770e-01   9.0806780e-03  -8.8313405e-03   1.2005632e-02
   8.0000000e-03   4.0000000e-03   0.0000000e+00   9.9965732e-01   2.0017591e-03   2.5855057e-02   3.5695369e-03
   8.0000000e-03   4.0000000e-03   2.0000000e-03   9.9939083e-01  -2.3031354e-02  -2.3304052e-02   1.2018850e-02
   8.0000000e-03   4.0000000e-03   4.0000000e-03   9.9984770e-01  -1.0548592e-02   2.3166320e-04   1.3901799e-02
   8.0000000e-03   6.0000000e-03  -4.0000000e-03   9.9939083e-01  -8.9633942e-03  -2.6896939e-02  -2.0351587e-02
   8.0000000e-03   6.0000000e-03  -2.0000000e-03   9.9984770e-01  -8.6828797e-03   1.3587502e-02  -6.6763678e-03
   8.0000000e-03   6.0000000e-03   0.0000000e+00   9.9904822e-01  -2.4761238e-02   1.8132819e-02  -3.0995692e-02
   8.0000000e-03   6.0000000e-03   2.0000000e-03   9.9984770e-01  -1.1573769e-02   1.2714584e-02   2.9956179e-03
   8.0000000e-03   6.0000000e-03   4.0000000e-03   9.9984770e-01   1.3674643e-02  -1.0415993e-02  -3.0162440e-03
   8.0000000e-03   8.0000000e-03  -4.0000000e-03   9.9904822e-01   3.1152060e-04  -3.3207910e-02   2.8280534e-02
   8.0000000e-03   8.0000000e-03  -2.0000000e-03   9.9996192e-01  -3.8661072e-03   5.8049193e-03  -5.2448593e-03
   8.0000000e-03   8.0000000e-03   0.0000000e+00   9.9904822e-01   3.1060656e-02   2.8734053e-02  -1.0594377e-02
   8.0000000e-03   8.0000000e-03   2.0000000e-03   9.9965732e-01   9.0925128e-03   1.1769865e-02  -2.1541335e-02
   8.0000000e-03   8.0000000e-03   4.0000000e-03   9.9965732e-01  -1.4647237e-02  -2.1529524e-02   2.6778058e-03
   8.0000000e-03   1.0000000e-02  -4.0000000e-03   9.9996192e-01   9.3889273e-04   3.5934919e-03   7.8966903e-03
   8.0000000e-03   1.0000000e-02  -2.0000000e-03   9.9862953e-01   3.5416438e-02   9.1430923e-03   3.7431699e-02
   8.0000000e-03   1.0000000e-02   0.0000000e+00   9.9904822e-01   1.4132478e-02   4.1125684e-02  -3.4061948e-03
   8.0000000e-03   1.0000000e-02   2.0000000e-03   9.9965732e-01  -1.6103200e-02  -3.7256856e-03  -2.0298740e-02
   8.0000000e-03   1.0000000e-02   4.0000000e-03   9.9965732e-01  -1.8793648e-02  -2.4797036e-03  -1.8052216e-02
   8.0000000e-03   1.2000000e-02  -4.0000000e-03   9.9984770e-01   1.0197995e-02  -1.1395389e-02  -8.4102626e-03
   8.0000000e-03   1.2000000e-02  -2.0000000e-03   9.9996192e-01  -3.1664337e-03  -5.1889393e-03   6.2610724e-03
   8.0000000e-03   1.2000000e-02   0.0000000e+00   9.9904822e-01   1.1983209e-02  -4.1763297e-02  -3.8575422e-03
   8.0000000e-03   1.2000000e-02   2.0000000e-03   9.9965732e-01  -2.2101861e-02   1.1561388e-02   7.9419566e-03
   8.0000000e-03   1.2000000e-02   4.0000000e-03   9.9862953e-01  -1.9002060e-02  -3.8896729e-02   2.9411197e-02
   1.0000000e-02  -1.2000000e-02  -4.0000000e-03   9.9984770e-01   1.0888689e-02  -7.5568387e-03   1.1354168e-02
   1.0000000e-02  -1.2000000e-02  -2.0000000e-03   9.9862953e-01  -3.4473105e-02  -3.2845996e-02   2.1720910e-02
   1.0000000e-02  -1.2000000e-02   0.0000000e+00   9.9904822e-01   1.0974360e-02   4.2092342e-02   3.2325117e-03
   1.0000000e-02  -1.2000000e-02   2.0000000e-03   9.9996192e-01  -4.9493933e-03   5.5075898e-05  -7.1869948e-03
   1.0000000e-02  -1.2000000e-02   4.0000000e-03   9.9862953e-01   1.9386287e-02  -1.5398769e-02  -4.6109675e-02
   1.0000000e-02  -1.0000000e-02  -4.0000000e-03   9.9984770e-01   8.0200112e-03   8.4735818e-03   1.2979381e-02
   1.0000000e-02  -1.0000000e-02  -2.0000000e-03   9.9984770e-01   7.4655251e-04  -6.3008554e-03   1.6258179e-02
   1.0000000e-02  -1.0000000e-02   0.0000000e+00   9.9965732e-01  -8.5284628e-04  -1.8289080e-02   1.8708684e-02
   1.0000000e-02  -1.0000000e-02   2.0000000e-03   9.9939083e-01   3.0392275e-03   3.2669792e-02  -1.1892126e-02
   1.0000000e-02  -1.0000000e-02   4.0000000e-03   9.9862953e-01   3.7879498e-02   7.7668798e-03  -3.5268563e-02
   1.0000000e-02  -8.0000000e-03  -4.0000000e-03   9.9984770e-01   9.2275055e-03   9.6287915e-03   1.1257265e-02
   1.0000000e-02  -8.0000000e-03  -2.0000000e-03   9.9862953e-01  -5.0982075e-02   6.0324405e-03  -1.0173004e-02
   1.0000000e-02  -8.0000000e-03   0.0000000e+00   9.9984770e-01  -1.0349380e-02  -1.0137288e-02  -9.7320208e-03
   1.0000000e-02  -8.0000000e-03   2.0000000e-03   9.9984770e-01   1.4024362e-02  -1.0291236e-02   1.4121688e-03
   1.0000000e-02  -8.0000000e-03   4.0000000e-03   9.9965732e-01  -1.0428328e-02  -1.3276267e-02   2.0005583e-02
   1.0000000e-02  -6.0000000e-03  -4.0000000e-03   9.9939083e-01   2.6348233e-02  -1.1045101e-02  -2.0043733e-02
   1.0000000e-02  -6.0000000e-03  -2.0000000e-03   9.9939083e-01  -2.9628126e-02  -1.8344651e-02  -1.9033649e-03
   1.0000000e-02  -6.0000000e-03   0.0000000e+00   9.9984770e-01   5.2269558e-03   1.4283465e-02  -8.5585071e-03
   1.0000000e-02  -6.0000000e-03   2.0000000e-03   9.9996192e-01  -3.1429839e-03  -9.2105246e-04   8.0886177e-03
   1.0000000e-02  -6.0000000e-03   4.0000000e-03   9.9965732e-01  -1.8852182e-02  -1.7476291e-02   4.9403550e-03
   1.0000000e-02  -4.0000000e-03  -4.0000000e-03   9.9984770e-01   1.9212714e-03   1.0156123e-02   1.4062303e-02
   1.0000000e-02  -4.0000000e-03  -2.0000000e-03   9.9862953e-01  -4.0788453e-02  -6.5643513e-03   3.2128861e-02
   1.0000000e-02  -4.0000000e-03   0.0000000e+00   9.9939083e-01  -2.9526754e-02  -1.3885152e-02  -1.2383384e-02
   1.0000000e-02  -4.0000000e-03   2.0000000e-03   9.9862953e-01   8.1139838e-03  -3.9724466e-02  -3.3093540e-02
   1.0000000e-02  -4.0000000e-03   4.0000000e-03   9.9904822e-01   3.6977467e-02  -1.7933509e-02  -1.4618725e-02
   1.0000000e-02  -2.0000000e-03  -4.0000000e-03   9.9984770e-01   1.2664155e-02   4.1502188e-03  -1.1268600e-02
   1.0000000e-02  -2.0000000e-03  -2.0000000e-03   9.9996192e-01  -6.2563791e-03   5.0221304e-03  -3.4334164e-03
   1.0000000e-02  -2.0000000e-03   0.0000000e+00   9.9904822e-01  -2.6155700e-02  -1.7695127e-03  -3.4862575e-02
   1.0000000e-02  -2.0000000e-03   2.0000000e-03   9.9904822e-01   3.0722028e-02   2.9644275e-02  -8.9456641e-03
   1.0000000e-02  -2.0000000e-03   4.0000000e-03   9.9996192e-01  -2.6033659e-03  -6.6978161e-03  -4.9511783e-03
   1.0000000e-02   0.0000000e+00  -4.0000000e-03   9.9862953e-01   2.5798882e-02   3.9915003e-02   2.1914893e-02
   1.0000000e-02   0.0000000e+00  -2.0000000e-03   9.9965732e-01  -1.4338356e-02  -1.2655185e-02  -1.7874296e-02
   1.0000000e-02   0.0000000e+00   0.0000000e+00   9.9965732e-01  -1.4489372e-02   8.3218296e-04   2.1785275e-02
   1.0000000e-02   0.0000000e+00   2.0000000e-03   9.9996192e-01   5.7184235e-03  -4.1381233e-03   5.1310808e-03
   1.0000000e-02   0.0000000e+00   4.0000000e-03   9.9965732e-01  -2.2240833e-02   1.3252497e-02  -3.8664275e-03
   1.0000000e-02   2.0000000e-03  -4.0000000e-03   9.9904822e-01  -4.5289842e-03  -4.3057909e-02   5.3061982e-03
   1.0000000e-02   2.0000000e-03  -2.0000000e-03   9.9996192e-01  -5.6976347e-03  -4.3958900e-03  -4.9361454e-03
   1.0000000e-02   2.0000000e-03   0.0000000e+00   9.9862953e-01   3.1291849e-02   3.7155897e-02   1.9475929e-02
   1.0000000e-02   2.0000000e-03   2.0000000e-03   9.9904822e-01  -4.2541164e-02  -1.1536284e-03   9.5691946e-03
   1.0000000e-02   2.0000000e-03   4.0000000e-03   9.9965732e-01   7.7217915e-03   5.7631837e-03  -2.4339110e-02
   1.0000000e-02   4.0000000e-03  -4.0000000e-03   1.0000000e+00   0.0000000e+00  -0.0000000e+00   0.0000000e+00
   1.0000000e-02   4.0000000e-03  -2.0000000e-03   9.9939083e-01   1.5119492e-02   2.7235979e-03   3.1336207e-02
   1.0000000e-02   4.0000000e-03   0.0000000e+00   9.9862953e-01  -2.3705672e-02   3.7809873e-02  -2.7340573e-02
   1.0000000e-02   4.0000000e-03   2.0000000e-03   9.9862953e-01   4.4112131e-02   1.8616208e-02   2.1133125e-02
   1.0000000e-02   4.0000000e-03   4.0000000e-03   9.9862953e-01   4.0728786e-02   6.7533783e-03  -3.2165357e-02
   1.0000000e-02   6.0000000e-03  -4.0000000e-03   9.9984770e-01   7.9211208e-03  -1.4849696e-03   1.5480220e-02
   1.0000000e-02   6.0000000e-03  -2.0000000e-03   9.9862953e-01   3.8128979e-02  -3.3912892e-03   3.5689388e-02
   1.0000000e-02   6.0000000e-03   0.0000000e+00   9.9996192e-01  -2.4571409e-03  -1.4387232e-03  -8.2489367e-03
   1.0000000e-02   6.0000000e-03   2.0000000e-03   9.9965732e-01  -1.7223748e-02  -1.0784259e-02  -1.6500754e-02
   1.0000000e-02   6.0000000e-03   4.0000000e-03   9.9984770e-01   5.5036135e-03   1.0192921e-02   1.3053777e-02
   1.0000000e-02   8.0000000e-03  -4.0000000e-03   9.9965732e-01   7.4063700e-03  -1.8244643e-03  -2.5040959e-02
   1.0000000e-02   8.0000000e-03  -2.0000000e-03   9.9862953e-01  -1.8754663e-02  -3.6264545e-02  -3.2744431e-02
   1.0000000e-02   8.0000000e-03   0.0000000e+00   9.9904822e-01  -3.3473757e-02   4.3452236e-03  -2.7627479e-02
   1.0000000e-02   8.0000000e-03   2.0000000e-03   9.9904822e-01  -1.5275683e-02   1.3830580e-02   3.8445019e-02
   1.0000000e-02   8.0000000e-03   4.0000000e-03   9.9862953e-01   3.9315052e-02   1.1453711e-02   3.2591279e-02
   1.0000000e-02   1.0000000e-02  -4.0000000e-03   9.9862953e-01  -3.2211699e-02   1.9715626e-02  -3.6231931e-02
   1.0000000e-02   1.0000000e-02  -2.0000000e-03   9.9939083e-01  -1.2593058e-02  -2.6856800e-02  -1.8387551e-02
   1.0000000e-02   1.0000000e-02   0.0000000e+00   9.9939083e-01   1.6168265e-02   1.5684503e-02   2.6656302e-02
   1.0000000e-02   1.0000000e-02   2.0000000e-03   9.9984770e-01   1.7231520e-02   2.0208749e-03   1.8913639e-03
   1.0000000e-02   1.0000000e-02   4.0000000e-03   9.9862953e-01  -1.2638928e-02   4.0611908e-02   3.0495619e-02
   1.0000000e-02   1.2000000e-02  -4.0000000e-03   9.9984770e-01   1.7627113e-03  -1.5956736e-02  -6.8455761e-03
   1.0000000e-02   1.2000000e-02  -2.0000000e-03   9.9984770e-01   1.1125245e-02   1.3389886e-02   1.2354640e-03
   1.0000000e-02   1.2000000e-02   0.0000000e+00   9.9984770e-01  -1.2432889e-02  -1.4378858e-03  -1.2163151e-02
   1.0000000e-02   1.2000000e-02   2.0000000e-03   9.9996192e-01   5.5088846e-03   5.6114817e-03   3.7836339e-03
   1.0000000e-02   1.2000000e-02   4.0000000e-03   9.9984770e-01  -8.2603838e-03   1.2892559e-02   8.3746325e-03
   1.2000000e-02  -1.2000000e-02  -4.0000000e-03   9.9984770e-01  -8.3944394e-03  -7.0245276e-03  -1.3593230e-02
   1.2000000e-02  -1.2000000e-02  -2.0000000e-03   9.9996192e-01  -6.1211852e-03  -5.9979633e-03   1.6455850e-03
   1.2000000e-02  -1.2000000e-02   0.0000000e+00   9.9984770e-01  -8.1807547e-03   1.4856537e-02   4.1164355e-03
   1.2000000e-02  -1.2000000e-02   2.0000000e-03   9.9939083e-01   2.9896603e-02  -5.0434371e-03   1.7283858e-02
   1.2000000e-02  -1.2000000e-02   4.0000000e-03   9.9862953e-01   3.0115788e-02   3.9720461e-02  -1.5949189e-02
   1.2000000e-02  -1.0000000e-02  -4.0000000e-03   9.9939083e-01   1.9378615e-02  -1.4812789e-02   2.4960477e-02
   1.2000000e-02  -1.0000000e-02  -2.0000000e-03   9.9996192e-01  -8.2904404e-03  -2.6628348e-03   5.7474457e-04
   1.2000000e-02  -1.0000000e-02   0.0000000e+00   9.9984770e-01  -1.9563412e-03   1.1426924e-02  -1.3045483e-02
   1.2000000e-02  -1.0000000e-02   2.0000000e-03   9.9862953e-01   4.5030052e-02  -2.1573141e-02   1.5682677e-02
   1.2000000e-02  -1.0000000e-02   4.0000000e-03   9.9965732e-01   2.0504450e-02  -1.0744765e-03  -1.6237168e-02
   1.2000000e-02  -8.0000000e-03  -4.0000000e-03   9.9965732e-01   2.3906719e-02  -8.8896093e-03  -5.8886551e-03
   1.2000000e-02  -8.0000000e-03  -2.0000000e-03   9.9904822e-01   3.9891028e-02  -1.2876492e-02  -1.2064525e-02
   1.2000000e-02  -8.0000000e-03   0.0000000e+00   9.9939083e-01   2.5875147e-02   6.8554460e-03  -2.2393179e-02
   1.2000000e-02  -8.0000000e-03   2.0000000e-03   9.9939083e-01  -5.2522870e-05   2.4978490e-02  -2.4373083e-02
   1.2000000e-02  -8.0000000e-03   4.0000000e-03   9.9965732e-01   1.3140912e-02  -2.2549797e-02  -2.0138769e-03
   1.2000000e-02  -6.0000000e-03  -4.0000000e-03   9.9904822e-01   4.3505932e-02  -1.7304110e-04   3.1392448e-03
   1.2000000e-02  -6.0000000e-03  -2.0000000e-03   9.9904822e-01   1.0418679e-02   3.6556911e-02   2.1393792e-02
   1.2000000e-02  -6.0000000e-03   0.0000000e+00   1.0000000e+00  -0.0000000e+00   0.0000000e+00  -0.0000000e+00
   1.2000000e-02  -6.0000000e-03   2.0000000e-03   9.9939083e-01  -2.3364237e-02   2.4161904e-02  -9.3962581e-03
   1.2000000e-02  -6.0000000e-03   4.0000000e-03   9.9996192e-01  -2.9932101e-03  -6.3126357e-03   5.2291248e-03
   1.2000000e-02  -4.0000000e-03  -4.0000000e-03   9.9862953e-01  -4.4503233e-02   1.7335553e-02  -2.1400774e-02
   1.2000000e-02  -4.0000000e-03  -2.0000000e-03   9.9904822e-01  -1.5375220e-02   3.3887856e-02   2.2756686e-02
   1.2000000e-02  -4.0000000e-03   0.0000000e+00   9.9939083e-01   2.7579258e-02   7.6907517e-03  -1.9955244e-02
   1.2000000e-02  -4.0000000e-03   2.0000000e-03   9.9939083e-01   5.8250912e-03   1.7208735e-02   2.9797695e-02
   1.2000000e-02  -4.0000000e-03   4.0000000e-03   9.9939083e-01   2.3950890e-02  -9.7638186e-04   2.5364865e-02
   1.2000000e-02  -2.0000000e-03  -4.0000000e-03   9.9984770e-01   9.2875209e-03   1.7784810e-04   1.4774871e-02
   1.2000000e-02  -2.0000000e-03  -2.0000000e-03   9.9939083e-01  -1.9755431e-02   1.4874598e-02   2.4626086e-02
   1.2000000e-02  -2.0000000e-03   0.0000000e+00   9.9984770e-01   8.6637738e-03  -1.5094344e-02  -1.2985682e-03
   1.2000000e-02  -2.0000000e-03   2.0000000e-03   9.9862953e-01  -3.0042702e-02  -3.3754823e-02  -2.6402657e-02
   1.2000000e-02  -2.0000000e-03   4.0000000e-03   9.9939083e-01  -1.5787268e-02   9.6523019e-03  -2.9590034e-02
   1.2000000e-02   0.0000000e+00  -4.0000000e-03   9.9904822e-01   1.5854657e-02   2.2329535e-02  -3.3951034e-02
   1.2000000e-02   0.0000000e+00  -2.0000000e-03   9.9862953e-01  -3.7103116e-02   7.4224313e-03  -3.6156861e-02
   1.2000000e-02   0.0000000e+00   0.0000000e+00   9.9996192e-01  -5.1849998e-04  -8.1768085e-03  -3.0038946e-03
   1.2000000e-02   0.0000000e+00   2.0000000e-03   9.9965732e-01  -2.1662381e-02  -1.4308112e-02  -3.3543696e-03
   1.2000000e-02   0.0000000e+00   4.0000000e-03   9.9904822e-01  -2.3922121e-02  -2.9425418e-02   2.1552907e-02
   1.2000000e-02   2.0000000e-03  -4.0000000e-03   9.9904822e-01   1.1860459e-02   2.9780969e-02  -2.9581656e-02
   1.2000000e-02   2.0000000e-03  -2.0000000e-03   9.9965732e-01   8.2806288e-03   1.9625277e-02   1.5215529e-02
   1.2000000e-02   2.0000000e-03   0.0000000e+00   9.9996192e-01  -6.6912117e-03  -5.5980851e-03   2.0383763e-04
   1.2000000e-02   2.0000000e-03   2.0000000e-03   9.9862953e-01   2.4638000e-02   3.1241749e-02   3.3999624e-02
   1.2000000e-02   2.0000000e-03   4.0000000e-03   9.9984770e-01   7.0761300e-03  -1.1190992e-02   1.1369986e-02
   1.2000000e-02   4.0000000e-03  -4.0000000e-03   9.9862953e-01   4.7240849e-02  -1.4743302e-02  -1.7029081e-02
   1.2000000e-02   4.0000000e-03  -2.0000000e-03   9.9965732e-01   1.4844348e-02   2.0583213e-02   6.4194477e-03
   1.2000000e-02   4.0000000e-03   0.0000000e+00   9.9904822e-01  -4.9170972e-03   3.7753361e-02  -2.1287480e-02
   1.2000000e-02   4.0000000e-03   2.0000000e-03   9.9984770e-01   4.8124446e-03  -1.3209648e-02   1.0340796e-02
   1.2000000e-02   4.0000000e-03   4.0000000e-03   9.9965732e-01  -6.7902595e-03  -2.0366554e-02   1.4977599e-02
   1.2000000e-02   6.0000000e-03  -4.0000000e-03   9.9939083e-01   9.4207216e-04   2.0211639e-02   2.8435489e-02
   1.2000000e-02   6.0000000e-03  -2.0000000e-03   9.9984770e-01  -1.5323037e-02  -2.8412464e-03   7.8561020e-03
   1.2000000e-02   6.0000000e-03   0.0000000e+00   9.9965732e-01  -1.8880019e-02   6.4791223e-03   1.6935125e-02
   1.2000000e-02   6.0000000e-03   2.0000000e-03   9.9862953e-01   1.3362202e-02   4.2718436e-02  -2.7122668e-02
   1.2000000e-02   6.0000000e-03   4.0000000e-03   9.9939083e-01  -4.6605572e-04   6.8261482e-03  -3.4222235e-02
   1.2000000e-02   8.0000000e-03  -4.0000000e-03   9.9996192e-01   2.5324215e-03  -3.6034495e-05  -8.3509260e-03
   1.2000000e-02   8.0000000e-03  -2.0000000e-03   1.0000000e+00  -0.0000000e+00   0.0000000e+00   0.0000000e+00
   1.2000000e-02   8.0000000e-03   0.0000000e+00   9.9984770e-01   5.2134824e-03   4.3711575e-03   1.6071685e-02
   1.2000000e-02   8.0000000e-03   2.0000000e-03   9.9939083e-01   2.5508468e-03  -3.4804781e-02   3.0865992e-04
   1.2000000e-02   8.0000000e-03   4.0000000e-03   9.9965732e-01  -1.5027730e-02   8.9954387e-03   1.9454615e-02
   1.2000000e-02   1.0000000e-02  -4.0000000e-03   9.9939083e-01   4.6575679e-03   2.9676508e-02   1.7764764e-02
   1.2000000e-02   1.0000000e-02  -2.0000000e-03   9.9984770e-01   1.0438114e-02  -4.3645230e-03  -1.3288461e-02
   1.2000000e-02   1.0000000e-02   0.0000000e+00   9.9904822e-01  -2.8301998e-03   4.0144622e-02  -1.6824098e-02
   1.2000000e-02   1.0000000e-02   2.0000000e-03   9.9984770e-01  -1.6475305e-02   4.2154651e-04  -5.7422223e-03
   1.2000000e-02   1.0000000e-02   4.0000000e-03   9.9984770e-01  -1.4546023e-02  -8.0377033e-03   5.3286984e-03
   1.2000000e-02   1.2000000e-02  -4.0000000e-03   9.9984770e-01  -3.1133749e-03   2.8201356e-03   1.6939310e-02
   1.2000000e-02   1.2000000e-02  -2.0000000e-03   9.9984770e-01  -1.1369874e-02   1.1007017e-02   7.3592146e-03
   1.2000000e-02   1.2000000e-02   0.0000000e+00   9.9904822e-01   3.6731365e-02   2.2017195e-02   8.2885992e-03
   1.2000000e-02   1.2000000e-02   2.0000000e-03   1.0000000e+00  -0.0000000e+00   0.0000000e+00   0.0000000e+00
   1.2000000e-02   1.2000000e-02   4.0000000e-03   9.9965732e-01  -6.7545441e-03   2.3262519e-02  -9.9229007e-03
