  -1.2000000e-02  -1.2000000e-02  -5.0000000e-03   9.9996192e-01   1.2786304e-03   8.4711167e-03  -1.6606347e-03
  -1.2000000e-02  -1.2000000e-02  -1.0000000e-03   9.9904822e-01  -2.1683709e-02  -2.9991710e-02  -2.3086036e-02
  -1.2000000e-02  -1.2000000e-02   3.0000000e-03   9.9984770e-01   1.5096621e-02   8.5096267e-03  -2.0651311e-03
  -1.2000000e-02  -8.0000000e-03  -5.0000000e-03   9.9984770e-01  -1.0968536e-02  -4.8092194e-03  -1.2694452e-02
  -1.2000000e-02  -8.0000000e-03  -1.0000000e-03   9.9904822e-01  -1.5249133e-02  -1.5799777e-02  -3.7689281e-02
  -1.2000000e-02  -8.0000000e-03   3.0000000e-03   9.9939083e-01  -1.7859815e-02   2.4925019e-02  -1.6665692e-02
  -1.2000000e-02  -4.0000000e-03  -5.0000000e-03   9.9939083e-01   2.9760972e-02   1.2072862e-02   1.3656698e-02
  -1.2000000e-02  -4.0000000e-03  -1.0000000e-03   9.9996192e-01  -2.6002055e-03  -7.8824522e-03  -2.6941234e-03
  -1.2000000e-02  -4.0000000e-03   3.0000000e-03   9.9939083e-01  -2.2514211e-02   2.3729913e-02  -1.2164554e-02
  -1.2000000e-02   0.0000000e+00  -5.0000000e-03   9.9965732e-01  -1.6622652e-02  -1.2258688e-02  -1.6082432e-02
  -1.2000000e-02   0.0000000e+00  -1.0000000e-03   9.9939083e-01  -3.2627902e-02   1.1973290e-02  -3.1678405e-03
  -1.2000000e-02   0.0000000e+00   3.0000000e-03   9.9939083e-01  -8.6721943e-03  -2.9078579e-02  -1.7239611e-02
  -1.2000000e-02   4.0000000e-03  -5.0000000e-03   9.9965732e-01   2.8917721e-03   2.1853042e-02   1.4117890e-02
  -1.2000000e-02   4.0000000e-03  -1.0000000e-03   9.9904822e-01  -2.8638944e-02  -1.4501475e-02   2.9532509e-02
  -1.2000000e-02   4.0000000e-03   3.0000000e-03   9.9984770e-01  -4.1858589e-04  -1.3434278e-02  -1.1132451e-02
  -1.2000000e-02   8.0000000e-03  -5.0000000e-03   9.9862953e-01  -1.2290228e-02   3.0380480e-02   4.0804768e-02
  -1.2000000e-02   8.0000000e-03  -1.0000000e-03   1.0000000e+00   0.0000000e+00   0.0000000e+00   0.0000000e+00
  -1.2000000e-02   8.0000000e-03   3.0000000e-03   9.9965732e-01   1.3426752e-02   2.1188941e-02  -7.4822272e-03
  -1.2000000e-02   1.2000000e-02  -5.0000000e-03   1.0000000e+00  -0.0000000e+00   0.0000000e+00   0.0000000e+00
  -1.2000000e-02   1.2000000e-02  -1.0000000e-03   9.9965732e-01  -1.6450851e-02   1.1446958e-02   1.6839515e-02
  -1.2000000e-02   1.2000000e-02   3.0000000e-03   9.9996192e-01   5.0942815e-03   6.7436525e-03   2.1734462e-03
  -8.0000000e-03  -1.2000000e-02  -5.0000000e-03   9.9862953e-01   2.3068976e-02   3.4586672e-02  -3.1790514e-02
  -8.0000000e-03  -1.2000000e-02  -1.0000000e-03   1.0000000e+00   0.0000000e+00  -0.0000000e+00  -0.0000000e+00
  -8.0000000e-03  -1.2000000e-02   3.0000000e-03   9.9996192e-01  -6.1274986e-03  -5.8539932e-03  -2.0825337e-03
  -8.0000000e-03  -8.0000000e-03  -5.0000000e-03   9.9965732e-01   1.4083632e-02   1.7205525e-02  -1.3814986e-02
  -8.0000000e-03  -8.0000000e-03  -1.0000000e-03   9.9939083e-01   2.2148126e-02   2.1017982e-02  -1.6902066e-02
  -8.0000000e-03  -8.0000000e-03   3.0000000e-03   9.9939083e-01   1.4100887e-02  -2.9188986e-02  -1.2928376e-02
  -8.0000000e-03  -4.0000000e-03  -5.0000000e-03   9.9996192e-01  -3.0503058e-05  -2.2116670e-03   8.4415651e-03
  -8.0000000e-03  -4.0000000e-03  -1.0000000e-03   9.9965732e-01  -1.0904429e-02  -2.3256571e-02  -5.0455904e-03
  -8.0000000e-03  -4.0000000e-03   3.0000000e-03   9.9996192e-01   7.5871175e-03  -4.0475304e-03  -1.4851155e-03
  -8.0000000e-03   0.0000000e+00  -5.0000000e-03   1.0000000e+00   0.0000000e+00  -0.0000000e+00   0.0000000e+00
  -8.0000000e-03   0.0000000e+00  -1.0000000e-03   9.9996192e-01  -8.5014332e-04   7.2528482e-03  -4.7776429e-03
  -8.0000000e-03   0.0000000e+00   3.0000000e-03   9.9984770e-01  -8.3248429e-03  -1.3484699e-02   7.3107026e-03
  -8.0000000e-03   4.0000000e-03  -5.0000000e-03   9.9996192e-01   4.3243503e-03   3.7782912e-03   6.5709156e-03
  -8.0000000e-03   4.0000000e-03  -1.0000000e-03   9.9904822e-01   1.5531849e-02  -3.5511181e-02   2.0009214e-02
  -8.0000000e-03   4.0000000e-03   3.0000000e-03   9.9996192e-01  -4.5267927e-03  -4.7808956e-03  -5.7274433e-03
  -8.0000000e-03   8.0000000e-03  -5.0000000e-03   9.9862953e-01   2.3748579e-02   2.8563879e-02  -3.6866816e-02
  -8.0000000e-03   8.0000000e-03  -1.0000000e-03   1.0000000e+00   0.0000000e+00   0.0000000e+00  -0.0000000e+00
  -8.0000000e-03   8.0000000e-03   3.0000000e-03   9.9939083e-01   1.3958089e-02  -2.6761177e-02   1.7521016e-02
  -8.0000000e-03   1.2000000e-02  -5.0000000e-03   9.9965732e-01  -1.5002895e-02  -1.2637020e-02  -1.7333537e-02
  -8.0000000e-03   1.2000000e-02  -1.0000000e-03   9.9939083e-01   1.4739951e-02  -3.1164308e-02   5.4308944e-03
  -8.0000000e-03   1.2000000e-02   3.0000000e-03   9.9904822e-01  -2.9880505e-02   3.9926789e-03   3.1525623e-02
  -4.0000000e-03  -1.2000000e-02  -5.0000000e-03   9.9939083e-01  -1.9669026e-03   2.8996044e-02  -1.9321894e-02
  -4.0000000e-03  -1.2000000e-02  -1.0000000e-03   9.9984770e-01   8.9281193e-03  -1.3710583e-02  -6.0741333e-03
  -4.0000000e-03  -1.2000000e-02   3.0000000e-03   9.9939083e-01   2.4100055e-02   2.4913210e-02   4.0612990e-03
  -4.0000000e-03  -8.0000000e-03  -5.0000000e-03   9.9939083e-01   7.3042172e-04  -6.2267162e-03  -3.4331754e-02
  -4.0000000e-03  -8.0000000e-03  -1.0000000e-03   9.9939083e-01  -2.8368546e-03  -3.1471518e-02   1.4814544e-02
  -4.0000000e-03  -8.0000000e-03   3.0000000e-03   9.9996192e-01   4.7973049e-03  -6.5634338e-03   3.1716911e-03
  -4.0000000e-03  -4.0000000e-03  -5.0000000e-03   9.9862953e-01  -1.3846355e-03  -7.3376244e-03   5.1800525e-02
  -4.0000000e-03  -4.0000000e-03  -1.0000000e-03   9.9904822e-01   2.7982759e-02   2.3109354e-02   2.4198634e-02
  -4.0000000e-03  -4.0000000e-03   3.0000000e-03   9.9984770e-01   1.4994478e-02   6.3714578e-03  -6.2575281e-03
  -4.0000000e-03   0.0000000e+00  -5.0000000e-03   9.9862953e-01  -3.2834406e-02   1.9278416e-02  -3.5906779e-02
  -4.0000000e-03   0.0000000e+00  -1.0000000e-03   9.9965732e-01  -1.6756026e-03  -2.0881354e-02   1.5696943e-02
  -4.0000000e-03   0.0000000e+00   3.0000000e-03   9.9939083e-01   2.7723168e-02   1.6452656e-02   1.3368282e-02
  -4.0000000e-03   4.0000000e-03  -5.0000000e-03   9.9996192e-01   2.1630737e-03   5.9436848e-03   6.0121664e-03
  -4.0000000e-03   4.0000000e-03  -1.0000000e-03   9.9965732e-01  -1.1446283e-02   2.3102874e-02  -4.5246487e-03
  -4.0000000e-03   4.0000000e-03   3.0000000e-03   9.9939083e-01  -6.6402404e-03   2.4946831e-02   2.3484840e-02
  -4.0000000e-03   8.0000000e-03  -5.0000000e-03   9.9939083e-01   2.7829055e-02  -2.0379974e-02   5.3080350e-03
  -4.0000000e-03   8.0000000e-03  -1.0000000e-03   9.9939083e-01  -8.8754935e-03   2.7183968e-02   2.0005809e-02
  -4.0000000e-03   8.0000000e-03   3.0000000e-03   9.9996192e-01  -8.6434630e-03   7.3441276e-04  -9.5058209e-04
  -4.0000000e-03   1.2000000e-02  -5.0000000e-03   9.9984770e-01   1.4186253e-02   8.3998904e-03   5.7252570e-03
  -4.0000000e-03   1.2000000e-02  -1.0000000e-03   9.9984770e-01   1.3583402e-02   7.0359191e-03   8.4008041e-03
  -4.0000000e-03   1.2000000e-02   3.0000000e-03   9.9939083e-01  -1.1826827e-02   2.7861411e-02  -1.7373625e-02
   0.0000000e+00  -1.2000000e-02  -5.0000000e-03   9.9939083e-01   7.1407013e-03  -3.1517922e-02   1.3175957e-02
   0.0000000e+00  -1.2000000e-02  -1.0000000e-03   9.9862953e-01  -2.2604485e-02  -4.6452372e-02   8.3825250e-03
   0.0000000e+00  -1.2000000e-02   3.0000000e-03   9.9984770e-01   3.7223546e-03  -1.1792925e-02   1.2314929e-02
   0.0000000e+00  -8.0000000e-03  -5.0000000e-03   9.9965732e-01  -2.3575919e-02   1.1195587e-02  -2.0168007e-03
   0.0000000e+00  -8.0000000e-03  -1.0000000e-03   9.9984770e-01   9.6663275e-03  -1.6645875e-03   1.4435295e-02
   0.0000000e+00  -8.0000000e-03   3.0000000e-03   9.9904822e-01   3.2407324e-02   1.5111369e-02  -2.4981250e-02
   0.0000000e+00  -4.0000000e-03  -5.0000000e-03   1.0000000e+00   0.0000000e+00   0.0000000e+00  -0.0000000e+00
   0.0000000e+00  -4.0000000e-03  -1.0000000e-03   9.9939083e-01  -1.6358130e-03   1.3194598e-02  -3.2267655e-02
   0.0000000e+00  -4.0000000e-03   3.0000000e-03   9.9965732e-01  -2.1623582e-02  -5.2090678e-03  -1.3802860e-02
   0.0000000e+00   0.0000000e+00  -5.0000000e-03   9.9984770e-01   1.4786888e-02   9.2674094e-03  -2.2261364e-04
   0.0000000e+00   0.0000000e+00  -1.0000000e-03   9.9862953e-01  -8.6766274e-03   3.8807181e-02  -3.4026037e-02
   0.0000000e+00   0.0000000e+00   3.0000000e-03   9.9904822e-01  -4.0872143e-02  -1.3654488e-02  -6.7582426e-03
   0.0000000e+00   4.0000000e-03  -5.0000000e-03   9.9904822e-01   2.5442641e-02   2.5864676e-02  -2.4214489e-02
   0.0000000e+00   4.0000000e-03  -1.0000000e-03   9.9862953e-01  -2.5592195e-02  -4.3892105e-02   1.2552888e-02
   0.0000000e+00   4.0000000e-03   3.0000000e-03   9.9939083e-01   1.8706891e-02   2.2779474e-02   1.8684825e-02
   0.0000000e+00   8.0000000e-03  -5.0000000e-03   9.9862953e-01  -2.7684304e-02   3.1780987e-02   3.1025804e-02
   0.0000000e+00   8.0000000e-03  -1.0000000e-03   9.9965732e-01   2.2020643e-02   1.4095219e-02   1.2840232e-03
   0.0000000e+00   8.0000000e-03   3.0000000e-03   9.9862953e-01   2.0844787e-02   2.9570053e-02  -3.7817444e-02
   0.0000000e+00   1.2000000e-02  -5.0000000e-03   9.9862953e-01   4.6615541e-02  -1.7119111e-02   1.6522096e-02
   0.0000000e+00   1.2000000e-02  -1.0000000e-03   9.9904822e-01  -1.4391963e-02  -2.5868169e-02  -3.2036857e-02
   0.0000000e+00   1.2000000e-02   3.0000000e-03   9.9965732e-01   1.0781229e-02   1.6035190e-02  -1.7659853e-02
   4.0000000e-03  -1.2000000e-02  -5.0000000e-03   9.9939083e-01   2.4649210e-02  -2.0593082e-02  -1.3649773e-02
   4.0000000e-03  -1.2000000e-02  -1.0000000e-03   9.9984770e-01  -1.3160317e-02   4.2393776e-03  -1.0649893e-02
   4.0000000e-03  -1.2000000e-02   3.0000000e-03   9.9965732e-01   1.0134522e-02  -1.7774442e-02  -1.6327685e-02
   4.0000000e-03  -8.0000000e-03  -5.0000000e-03   9.9984770e-01   2.3740801e-04  -8.1542330e-03   1.5428500e-02
   4.0000000e-03  -8.0000000e-03  -1.0000000e-03   9.9939083e-01  -2.4415806e-02  -2.3196620e-02  -9.1520556e-03
   4.0000000e-03  -8.0000000e-03   3.0000000e-03   9.9939083e-01   7.5039024e-03   2.7819035e-02  -1.9691816e-02
   4.0000000e-03  -4.0000000e-03  -5.0000000e-03   9.9984770e-01  -5.6368008e-03  -1.2227080e-02   1.1104571e-02
   4.0000000e-03  -4.0000000e-03  -1.0000000e-03   9.9996192e-01  -4.1118997e-03  -6.9325691e-03  -3.3442769e-03
   4.0000000e-03  -4.0000000e-03   3.0000000e-03   9.9862953e-01  -2.0373019e-02   3.3941494e-02  -3.4234010e-02
   4.0000000e-03   0.0000000e+00  -5.0000000e-03   9.9965732e-01   3.2638171e-03   1.7856552e-02   1.8860638e-02
   4.0000000e-03   0.0000000e+00  -1.0000000e-03   9.9939083e-01   1.5434052e-02   2.9222124e-02   1.1217505e-02
   4.0000000e-03   0.0000000e+00   3.0000000e-03   9.9862953e-01   2.9336809e-02   3.1502991e-02  -2.9765172e-02
   4.0000000e-03   4.0000000e-03  -5.0000000e-03   9.9984770e-01  -3.3592669e-03   4.4796193e-03  -1.6529816e-02
   4.0000000e-03   4.0000000e-03  -1.0000000e-03   9.9965732e-01   2.2912432e-02   5.8537594e-03   1.1224376e-02
   4.0000000e-03   4.0000000e-03   3.0000000e-03   9.9996192e-01   4.2701340e-03   5.6899868e-03   5.0539517e-03
   4.0000000e-03   8.0000000e-03  -5.0000000e-03   9.9862953e-01  -4.0534171e-02   3.3049262e-02   1.9441236e-03
   4.0000000e-03   8.0000000e-03  -1.0000000e-03   9.9939083e-01  -6.0176149e-03  -1.7616649e-02   2.9519770e-02
   4.0000000e-03   8.0000000e-03   3.0000000e-03   9.9984770e-01  -1.9011879e-03  -1.3055565e-02  -1.1424719e-02
   4.0000000e-03   1.2000000e-02  -5.0000000e-03   9.9965732e-01   3.4936333e-03  -1.7828694e-02   1.8845817e-02
   4.0000000e-03   1.2000000e-02  -1.0000000e-03   9.9965732e-01   2.5732258e-02   1.4513581e-04   4.8023399e-03
   4.0000000e-03   1.2000000e-02   3.0000000e-03   9.9904822e-01   3.6180181e-02   2.1665400e-02  -1.1147012e-02
   8.0000000e-03  -1.2000000e-02  -5.0000000e-03   1.0000000e+00  -0.0000000e+00   0.0000000e+00  -0.0000000e+00
   8.0000000e-03  -1.2000000e-02  -1.0000000e-03   9.9862953e-01  -1.5525821e-02  -1.3445808e-02   4.8137423e-02
   8.0000000e-03  -1.2000000e-02   3.0000000e-03   9.9996192e-01   1.0097607e-03   8.0454563e-03   3.2254362e-03
   8.0000000e-03  -8.0000000e-03  -5.0000000e-03   9.9965732e-01   1.7094004e-02   1.9103873e-02  -5.2980854e-03
   8.0000000e-03  -8.0000000e-03  -1.0000000e-03   9.9965732e-01  -2.1549051e-02  -7.4712873e-03  -1.2847213e-02
   8.0000000e-03  -8.0000000e-03   3.0000000e-03   9.9904822e-01   3.1257576e-02   2.7543560e-02  -1.2921579e-02
   8.0000000e-03  -4.0000000e-03  -5.0000000e-03   9.9939083e-01   1.5238189e-02   2.8499987e-02  -1.3172820e-02
   8.0000000e-03  -4.0000000e-03  -1.0000000e-03   9.9996192e-01   1.1105837e-03   5.1766284e-03   6.9369694e-03
   8.0000000e-03  -4.0000000e-03   3.0000000e-03   9.9996192e-01   6.0732327e-03   5.0756491e-03  -3.6750581e-03
   8.0000000e-03   0.0000000e+00  -5.0000000e-03   9.9984770e-01  -1.6875647e-02  -4.4369031e-03  -3.3601961e-04
   8.0000000e-03   0.0000000e+00  -1.0000000e-03   9.9939083e-01  -2.2162648e-02  -9.1032679e-04  -2.6943705e-02
   8.0000000e-03   0.0000000e+00   3.0000000e-03   9.9939083e-01  -7.3181402e-03  -1.8169251e-02  -2.8884217e-02
   8.0000000e-03   4.0000000e-03  -5.0000000e-03   9.9904822e-01  -2.6956806e-02   1.8622830e-02  -2.8795342e-02
   8.0000000e-03   4.0000000e-03  -1.0000000e-03   9.9984770e-01  -1.2288067e-02   4.1903741e-03   1.1663218e-02
   8.0000000e-03   4.0000000e-03   3.0000000e-03   9.9996192e-01   9.5627180e-04   6.9889052e-03  -5.1374283e-03
   8.0000000e-03   8.0000000e-03  -5.0000000e-03   9.9939083e-01  -8.8692911e-03   2.7499462e-02   1.9572688e-02
   8.0000000e-03   8.0000000e-03  -1.0000000e-03   9.9965732e-01  -1.1797954e-02  -2.0051619e-02  -1.1998896e-02
   8.0000000e-03   8.0000000e-03   3.0000000e-03   1.0000000e+00  -0.0000000e+00   0.0000000e+00   0.0000000e+00
   8.0000000e-03   1.2000000e-02  -5.0000000e-03   9.9984770e-01   1.0108454e-03   1.6284740e-02   6.1945087e-03
   8.0000000e-03   1.2000000e-02  -1.0000000e-03   1.0000000e+00  -0.0000000e+00   0.0000000e+00   0.0000000e+00
   8.0000000e-03   1.2000000e-02   3.0000000e-03   9.9996192e-01  -3.1288679e-03   5.7115725e-03  -5.8086614e-03
   1.2000000e-02  -1.2000000e-02  -5.0000000e-03   9.9984770e-01   1.2221291e-02   4.4692793e-04   1.2450976e-02
   1.2000000e-02  -1.2000000e-02  -1.0000000e-03   9.9965732e-01  -1.4096201e-03  -2.1475523e-02   1.4901259e-02
   1.2000000e-02  -1.2000000e-02   3.0000000e-03   9.9939083e-01  -2.4046881e-02  -4.1387848e-03   2.4951810e-02
   1.2000000e-02  -8.0000000e-03  -5.0000000e-03   9.9965732e-01  -1.7871279e-04   6.5774224e-03  -2.5336499e-02
   1.2000000e-02  -8.0000000e-03  -1.0000000e-03   9.9965732e-01   1.6295751e-02  -1.1906186e-02   1.6671048e-02
   1.2000000e-02  -8.0000000e-03   3.0000000e-03   9.9996192e-01  -8.1138397e-03   1.8762845e-03   2.6072175e-03
   1.2000000e-02  -4.0000000e-03  -5.0000000e-03   9.9965732e-01  -9.2508137e-03   2.0271286e-02   1.3737906e-02
   1.2000000e-02  -4.0000000e-03  -1.0000000e-03   9.9904822e-01   1.5799149e-02  -2.9412381e-02   2.8070441e-02
   1.2000000e-02  -4.0000000e-03   3.0000000e-03   9.9939083e-01  -2.7420526e-02   1.8473183e-02   1.1172785e-02
   1.2000000e-02   0.0000000e+00  -5.0000000e-03   9.9939083e-01   2.0886347e-02  -1.5622672e-02  -2.3187658e-02
   1.2000000e-02   0.0000000e+00  -1.0000000e-03   9.9939083e-01  -1.6467318e-03  -2.4041067e-02  -2.5244608e-02
   1.2000000e-02   0.0000000e+00   3.0000000e-03   9.9904822e-01   2.3515830e-02  -3.3465555e-02   1.5156297e-02
   1.2000000e-02   4.0000000e-03  -5.0000000e-03   9.9996192e-01   6.2635699e-03  -4.5386626e-03   4.0398831e-03
   1.2000000e-02   4.0000000e-03  -1.0000000e-03   9.9996192e-01   6.1929114e-03  -5.0288652e-03   3.5370589e-03
   1.2000000e-02   4.0000000e-03   3.0000000e-03   9.9904822e-01  -4.3581961e-02  -1.6622478e-03  -7.0751574e-04
   1.2000000e-02   8.0000000e-03  -5.0000000e-03   9.9984770e-01   1.0034492e-02  -1.2028761e-02   7.6944380e-03
   1.2000000e-02   8.0000000e-03  -1.0000000e-03   9.9996192e-01   8.6376262e-04   7.7749875e-03  -3.8672866e-03
   1.2000000e-02   8.0000000e-03   3.0000000e-03   9.9965732e-01   2.1359800e-02  -6.4410538e-03   1.3693224e-02
   1.2000000e-02   1.2000000e-02  -5.0000000e-03   9.9965732e-01  -8.4061686e-03   1.1389546e-02  -2.2019246e-02
   1.2000000e-02   1.2000000e-02  -1.0000000e-03   1.0000000e+00  -0.0000000e+00   0.0000000e+00   0.0000000e+00
   1.2000000e-02   1.2000000e-02   3.0000000e-03   9.9939083e-01   2.0280239e-02  -1.8109300e-02  -2.1880129e-02
