0.596000 0.014000 0.063000 0.000000 -0.707100 0.707100 0.000000     0.596000 0.014000 0.063000 -0.000000 0.707100 -0.707100 -0.000000     0.000271 -0.000396 -0.000116 0.999961 0.000000 0.000000 0.000000     0.601000 0.016000 0.073000 0.100035 -0.547560 0.784824 0.272401     0.601351 0.015676 0.072900 0.100042 -0.547576 0.784817 0.272422     -0.000615 0.001040 0.000180 0.999988 0.003005 0.003103 0.002348     0.600437 0.017004 0.073161 0.098604 -0.548250 0.783021 0.276690     0.600086 0.016551 0.073829 0.098609 -0.546649 0.783636 0.278147     
0.596000 0.014000 0.063000 0.000000 -0.707100 0.707100 0.000000     0.586000 0.004000 0.058000 0.020923 -0.717963 0.695752 0.000881     -0.010035 -0.010176 -0.005292 0.999618 0.015417 -0.014172 0.015705     0.590653 0.005840 0.068196 0.115287 -0.562017 0.770338 0.278219     0.590643 0.005349 0.067916 0.116571 -0.562639 0.769340 0.279222     0.007234 0.010766 0.004319 0.999741 -0.016960 0.014327 -0.004952     0.598197 0.016901 0.072310 0.096067 -0.556026 0.779292 0.272564     0.599611 0.016425 0.072443 0.094325 -0.556302 0.778852 0.273897     
0.596000 0.014000 0.063000 0.000000 -0.707100 0.707100 0.000000     0.586000 0.004000 0.063000 0.002418 0.707700 -0.706447 0.008338     -0.010259 -0.009838 -0.000258 0.999923 -0.007605 -0.004186 0.000886     0.590912 0.006161 0.073010 0.098910 -0.550135 0.785962 0.264218     0.590990 0.006178 0.072991 0.100582 -0.549980 0.785204 0.266196     0.008585 0.010603 0.000547 0.999912 0.002467 0.011982 0.005070     0.599714 0.016765 0.073447 0.089501 -0.550662 0.783637 0.273228     0.600217 0.016178 0.073156 0.089364 -0.550855 0.782802 0.275305     
0.596000 0.014000 0.063000 0.000000 -0.707100 0.707100 0.000000     0.586000 0.004000 0.068000 0.033428 -0.725914 0.686940 0.005073     -0.010288 -0.010596 0.004840 0.999009 0.027223 -0.020050 0.027557     0.590490 0.005709 0.078292 0.123076 -0.571405 0.759566 0.285286     0.590508 0.005275 0.078331 0.123032 -0.571407 0.759586 0.285283     0.006255 0.008885 -0.000943 0.999076 -0.029414 0.029963 -0.009180     0.597387 0.015099 0.076945 0.086015 -0.558977 0.776188 0.278673     0.598817 0.014537 0.076946 0.083613 -0.559563 0.775399 0.280454     
0.596000 0.014000 0.063000 0.000000 -0.707100 0.707100 0.000000     0.586000 0.009000 0.058000 0.020772 0.682804 -0.730050 -0.018843     -0.010797 -0.004425 -0.005129 0.999009 -0.001364 0.028012 -0.033406     0.591675 0.010670 0.067696 0.086307 -0.513325 0.805544 0.283068     0.591025 0.011011 0.067581 0.087724 -0.513009 0.805504 0.283355     0.009169 0.003403 0.004405 0.999374 0.002608 -0.025074 0.024840     0.600262 0.014289 0.072380 0.100759 -0.539886 0.789386 0.274264     0.602710 0.013454 0.071709 0.095801 -0.541178 0.787447 0.279061     
0.596000 0.014000 0.063000 0.000000 -0.707100 0.707100 0.000000     0.586000 0.009000 0.063000 0.001113 0.702935 -0.711212 0.006376     -0.010360 -0.005056 -0.000413 0.999923 -0.005295 -0.003722 -0.005853     0.590949 0.011048 0.073016 0.101647 -0.544489 0.789069 0.265611     0.590748 0.010849 0.072493 0.103362 -0.545077 0.788269 0.266157     0.010148 0.006996 0.000078 0.999789 0.005489 0.011665 0.016021     0.601263 0.018096 0.072999 0.091154 -0.553359 0.779907 0.277867     0.602328 0.017412 0.073156 0.090165 -0.554162 0.778904 0.279433     
0.596000 0.014000 0.063000 0.000000 -0.707100 0.707100 0.000000     0.586000 0.009000 0.068000 0.013843 0.714378 -0.699606 0.001960     -0.011026 -0.004528 0.005013 0.999809 -0.011174 0.008403 0.010445     0.591122 0.011328 0.077867 0.084461 -0.554503 0.782869 0.269236     0.591241 0.011360 0.077617 0.085591 -0.554430 0.782324 0.270648     0.010305 0.004330 -0.003358 0.999919 0.011960 -0.004264 -0.000852     0.601346 0.015412 0.074604 0.094653 -0.553929 0.779698 0.276141     0.603664 0.014999 0.074076 0.090157 -0.554034 0.778603 0.280526     
0.596000 0.014000 0.063000 0.000000 -0.707100 0.707100 0.000000     0.586000 0.014000 0.058000 0.000487 -0.703401 0.710583 0.016690     -0.010957 0.000553 -0.005081 0.999809 0.012145 0.011457 -0.005079     0.591247 0.015706 0.067928 0.099061 -0.539155 0.785323 0.287658     0.590391 0.015846 0.067840 0.100572 -0.539112 0.785188 0.287617     0.009915 -0.000920 0.005240 0.999842 -0.008959 -0.005188 0.014436     0.601005 0.015113 0.073188 0.094137 -0.552786 0.779479 0.279210     0.603598 0.014256 0.072843 0.090154 -0.553706 0.777301 0.284753     
0.596000 0.014000 0.063000 0.000000 -0.707100 0.707100 0.000000     0.586000 0.014000 0.063000 0.010855 0.697491 -0.716494 0.002492     -0.010001 -0.000008 -0.000441 0.999809 -0.009437 0.005914 -0.013436     0.591172 0.016051 0.072902 0.093871 -0.536264 0.795224 0.266847     0.591203 0.015577 0.072484 0.095307 -0.537000 0.794315 0.267604     0.009463 0.000359 0.003249 0.999785 0.012087 -0.006697 0.015441     0.600439 0.016326 0.076267 0.101537 -0.549081 0.782919 0.274260     0.602393 0.016015 0.076130 0.096267 -0.550426 0.781679 0.277021     
0.596000 0.014000 0.063000 0.000000 -0.707100 0.707100 0.000000     0.586000 0.014000 0.068000 0.000915 -0.701188 0.712797 0.015374     -0.010323 0.000174 0.004934 0.999809 0.011517 0.010224 -0.008209     0.591234 0.015686 0.077938 0.100538 -0.537096 0.787085 0.286177     0.591186 0.015631 0.078035 0.101136 -0.537139 0.786670 0.287060     0.008469 -0.002200 -0.000231 0.999742 -0.008830 -0.009112 0.018825     0.599451 0.013854 0.077767 0.097554 -0.555270 0.778382 0.276151     0.600682 0.013127 0.077318 0.096901 -0.556987 0.776284 0.278853     
0.596000 0.014000 0.063000 0.000000 -0.707100 0.707100 0.000000     0.586000 0.019000 0.058000 0.011610 0.698455 -0.715529 -0.004902     -0.010405 0.005123 -0.005019 0.999809 -0.004743 0.011675 -0.012073     0.591280 0.020970 0.067861 0.091547 -0.535295 0.793775 0.273823     0.591252 0.020927 0.067847 0.092428 -0.535296 0.793365 0.274749     0.009970 -0.005203 0.004845 0.999773 0.006460 -0.013673 0.014979     0.600919 0.015792 0.072871 0.101737 -0.550216 0.782557 0.272940     0.602756 0.015254 0.072349 0.099607 -0.550929 0.781257 0.276031     
0.596000 0.014000 0.063000 0.000000 -0.707100 0.707100 0.000000     0.586000 0.019000 0.063000 0.005718 -0.702677 0.711469 -0.002190     -0.010900 0.005362 -0.000120 0.999923 0.002494 -0.005592 -0.006217     0.590912 0.020888 0.073065 0.107479 -0.543933 0.786960 0.270665     0.590468 0.021068 0.072731 0.108964 -0.543770 0.786895 0.270623     0.010593 -0.003711 0.000327 0.999913 0.000718 0.004399 0.012408     0.601545 0.017285 0.073352 0.101041 -0.552383 0.780420 0.274933     0.603309 0.016582 0.072860 0.099516 -0.553287 0.778553 0.278971     
0.596000 0.014000 0.063000 0.000000 -0.707100 0.707100 0.000000     0.586000 0.019000 0.068000 0.005227 0.689546 -0.724169 -0.007649     -0.010610 0.005168 0.004953 0.999618 0.001713 0.009105 -0.024482     0.591272 0.020714 0.077913 0.100461 -0.525506 0.798405 0.276189     0.591076 0.020758 0.077956 0.101938 -0.525302 0.797889 0.277559     0.010339 -0.005685 -0.000097 0.999545 -0.005838 -0.007410 0.028644     0.601354 0.015440 0.077869 0.095353 -0.550770 0.783857 0.270385     0.602882 0.014723 0.077473 0.093953 -0.552275 0.781934 0.273392     
0.596000 0.014000 0.063000 0.000000 -0.707100 0.707100 0.000000     0.586000 0.024000 0.058000 0.015390 -0.712770 0.701215 0.000987     -0.010772 0.010226 -0.005482 0.999809 0.011580 -0.010184 0.008171     0.590763 0.025847 0.068144 0.112127 -0.555505 0.776057 0.276689     0.590145 0.025536 0.067691 0.113558 -0.555916 0.775231 0.277630     0.008283 -0.009476 0.004728 0.999991 -0.003783 0.001250 -0.001469     0.599078 0.016433 0.072846 0.109461 -0.554438 0.778054 0.274281     0.600783 0.015908 0.072570 0.107141 -0.554749 0.776939 0.277739     
0.596000 0.014000 0.063000 0.000000 -0.707100 0.707100 0.000000     0.586000 0.024000 0.063000 0.001058 -0.706953 0.707032 -0.017420     -0.010391 0.009966 -0.000203 0.999809 -0.011570 -0.013065 -0.000056     0.590738 0.026232 0.073078 0.103953 -0.552149 0.786580 0.256119     0.590437 0.026078 0.072800 0.105754 -0.552749 0.785804 0.256508     0.010309 -0.011290 0.002494 0.999826 0.009264 0.013322 0.009188     0.601274 0.014845 0.075483 0.096219 -0.554905 0.780382 0.271673     0.601365 0.014756 0.075449 0.094233 -0.555395 0.780610 0.270747     
0.596000 0.014000 0.063000 0.000000 -0.707100 0.707100 0.000000     0.586000 0.024000 0.068000 0.022874 0.680628 -0.732226 0.006945     -0.010803 0.010305 0.004920 0.999009 -0.021085 0.011264 -0.036484     0.591371 0.026039 0.077798 0.089492 -0.517445 0.810925 0.258112     0.591045 0.025340 0.077430 0.089496 -0.517458 0.810929 0.258114     0.011020 -0.008915 0.000224 0.999409 0.015376 -0.001979 0.030675     0.591371 0.026039 0.077798 0.089492 -0.517445 0.810925 0.258112     0.592786 0.026116 0.077847 0.084195 -0.518490 0.811730 0.255292     
0.596000 0.014000 0.063000 0.000000 -0.707100 0.707100 0.000000     0.591000 0.004000 0.058000 0.014710 0.718531 -0.695184 0.014011     -0.007094 -0.010740 -0.004966 0.999618 -0.020308 0.000494 0.016508     0.595934 0.006568 0.067902 0.083995 -0.562226 0.781097 0.258291     0.594182 0.005969 0.067839 0.083984 -0.562235 0.781104 0.258294     0.007300 0.011043 0.003923 0.999934 0.011283 -0.001897 -0.000982     0.603201 0.017377 0.071899 0.092068 -0.560964 0.778524 0.265938     0.603144 0.018138 0.071720 0.090804 -0.560008 0.779732 0.264886     
0.596000 0.014000 0.063000 0.000000 -0.707100 0.707100 0.000000     0.591000 0.004000 0.063000 0.017344 -0.691459 0.721879 0.021318     -0.005697 -0.010025 -0.000211 0.999352 0.027337 0.002810 -0.021509     0.596126 0.005233 0.073060 0.118597 -0.526844 0.788958 0.293078     0.596247 0.005097 0.072596 0.119480 -0.528750 0.786667 0.295472     0.004000 0.009479 0.003859 0.999458 -0.028008 -0.002082 0.017166     0.600030 0.015448 0.076850 0.100389 -0.544034 0.787449 0.271761     0.601484 0.014887 0.076544 0.095605 -0.545093 0.788305 0.268903     
0.596000 0.014000 0.063000 0.000000 -0.707100 0.707100 0.000000     0.591000 0.004000 0.068000 0.029672 -0.719171 0.694168 -0.004997     -0.005397 -0.009865 0.004315 0.999352 0.017447 -0.024514 0.017679     0.595435 0.005813 0.078298 0.123951 -0.566034 0.767460 0.274274     0.595219 0.005460 0.077751 0.125709 -0.566807 0.766540 0.274487     0.003046 0.009838 -0.000611 0.999064 -0.025714 0.034753 -0.001435     0.599188 0.016156 0.077248 0.083003 -0.558059 0.778915 0.273776     0.601269 0.015572 0.077015 0.079139 -0.558592 0.777521 0.277800     
0.596000 0.014000 0.063000 0.000000 -0.707100 0.707100 0.000000     0.591000 0.009000 0.058000 0.024313 0.701539 -0.712176 -0.006126     -0.007606 -0.005216 -0.004589 0.999618 -0.012859 0.021523 -0.007522     0.596456 0.011175 0.067721 0.078115 -0.536892 0.794330 0.273248     0.593864 0.010725 0.068119 0.078747 -0.537246 0.793363 0.275211     0.006490 0.005237 0.003877 0.999712 0.009373 -0.019403 0.010596     0.602519 0.016339 0.071842 0.095642 -0.549724 0.784336 0.271025     0.605023 0.015998 0.071133 0.091673 -0.550312 0.782536 0.276389     
0.596000 0.014000 0.063000 0.000000 -0.707100 0.707100 0.000000     0.591000 0.009000 0.063000 0.024482 -0.708649 0.705066 0.008913     -0.005235 -0.005597 -0.000163 0.999618 0.023613 -0.011008 0.002534     0.595769 0.010548 0.073191 0.120880 -0.549997 0.775634 0.285066     0.595836 0.010339 0.073158 0.120891 -0.550006 0.775639 0.285066     0.004055 0.003911 0.002939 0.999759 -0.019039 0.007548 0.007945     0.599948 0.014921 0.075990 0.102260 -0.556177 0.777417 0.275342     0.602390 0.014352 0.075665 0.098217 -0.556850 0.775609 0.280540     
0.596000 0.014000 0.063000 0.000000 -0.707100 0.707100 0.000000     0.591000 0.009000 0.068000 0.008778 0.705215 -0.708770 0.014873     -0.005930 -0.004554 0.004775 0.999809 -0.016723 -0.004310 -0.002514     0.595925 0.011309 0.077971 0.094929 -0.548351 0.790205 0.256623     0.595396 0.011557 0.077629 0.097199 -0.547960 0.790185 0.256710     0.004268 0.005549 -0.000417 0.999705 0.022125 0.007066 0.007074     0.600304 0.016487 0.077577 0.099635 -0.549866 0.781086 0.278577     0.602772 0.015953 0.077317 0.094121 -0.549606 0.780081 0.283811     
0.596000 0.014000 0.063000 0.000000 -0.707100 0.707100 0.000000     0.591000 0.014000 0.058000 0.034616 0.725060 -0.687794 -0.003161     -0.007789 0.000142 -0.004537 0.999009 -0.022241 0.026711 0.026351     0.596400 0.016711 0.067617 0.059618 -0.562669 0.778379 0.271949     0.593939 0.016454 0.068154 0.059527 -0.562317 0.777686 0.274702     0.004328 -0.000136 0.004538 0.999572 0.021490 -0.019162 -0.005174     0.600379 0.016101 0.072462 0.088007 -0.562331 0.773970 0.277469     0.602445 0.015555 0.072094 0.084293 -0.562837 0.771706 0.283866     
0.596000 0.014000 0.063000 0.000000 -0.707100 0.707100 0.000000     0.591000 0.014000 0.063000 0.004902 0.711518 -0.702628 -0.003551     -0.005757 0.000382 -0.000121 0.999923 -0.000956 0.005977 0.006286     0.596093 0.016083 0.072936 0.093104 -0.550940 0.782211 0.275543     0.596076 0.016192 0.072902 0.093869 -0.550968 0.781816 0.276380     0.005341 0.000347 0.001249 0.999967 0.007709 -0.001575 0.001867     0.601396 0.016295 0.074232 0.098066 -0.552098 0.778886 0.280870     0.603942 0.015642 0.073403 0.093561 -0.552924 0.777081 0.285774     
0.596000 0.014000 0.063000 0.000000 -0.707100 0.707100 0.000000     0.591000 0.014000 0.068000 -0.000000 0.707100 -0.707100 -0.000000     -0.005218 0.000348 0.004395 0.999961 0.000000 0.000000 0.000000     0.596000 0.016000 0.078000 0.100035 -0.547560 0.784824 0.272401     0.596020 0.016056 0.077610 0.101336 -0.547412 0.784426 0.273401     0.004963 -0.000365 -0.001840 0.999972 0.003483 -0.000263 0.006553     0.600932 0.015631 0.076176 0.100360 -0.552411 0.780239 0.275639     0.603249 0.015018 0.075601 0.096378 -0.553158 0.778542 0.280355     
0.596000 0.014000 0.063000 0.000000 -0.707100 0.707100 0.000000     0.591000 0.019000 0.058000 0.005476 -0.705123 0.709023 -0.006209     -0.007247 0.005038 -0.004876 0.999923 -0.000518 -0.008263 -0.002757     0.595845 0.020983 0.068079 0.106983 -0.547678 0.785619 0.267184     0.593461 0.020544 0.067947 0.107252 -0.547999 0.785410 0.267068     0.007734 -0.002987 0.004248 0.999961 0.005936 0.001337 0.006359     0.603581 0.017938 0.072338 0.107481 -0.551660 0.780663 0.273249     0.605597 0.017415 0.072217 0.104506 -0.552247 0.779152 0.277532     
0.596000 0.014000 0.063000 0.000000 -0.707100 0.707100 0.000000     0.591000 0.019000 0.063000 0.033983 0.704662 -0.708676 0.007422     -0.005881 0.005345 0.000175 0.999352 -0.029276 0.018781 -0.002839     0.596383 0.021547 0.072672 0.069975 -0.542811 0.795754 0.259258     0.597000 0.021332 0.071975 0.070934 -0.543272 0.794835 0.260886     0.004904 -0.004522 0.002817 0.999359 0.030069 -0.017895 0.007502     0.600900 0.016511 0.075812 0.098548 -0.550968 0.782125 0.273831     0.603450 0.015631 0.075020 0.095502 -0.551449 0.780001 0.279966     
0.596000 0.014000 0.063000 0.000000 -0.707100 0.707100 0.000000     0.591000 0.019000 0.068000 0.027836 0.694018 -0.719321 -0.011089     -0.005403 0.005236 0.004708 0.999352 -0.011842 0.027523 -0.017891     0.596614 0.021043 0.077660 0.076761 -0.526871 0.800122 0.276223     0.596442 0.021050 0.077523 0.077848 -0.526903 0.799727 0.277039     0.005108 -0.003766 -0.000211 0.999385 0.018279 -0.025213 0.016096     0.601163 0.017089 0.077789 0.102072 -0.544987 0.784166 0.278630     0.603198 0.016226 0.077200 0.101281 -0.544747 0.783105 0.282383     
0.596000 0.014000 0.063000 0.000000 -0.707100 0.707100 0.000000     0.591000 0.024000 0.058000 0.007540 -0.696448 0.717537 0.005034     -0.007109 0.010499 -0.004799 0.999809 0.008891 -0.001772 -0.014912     0.596019 0.025672 0.068050 0.110341 -0.535366 0.790271 0.276876     0.593924 0.025846 0.068123 0.110338 -0.535359 0.790289 0.276876     0.007496 -0.009345 0.004363 0.999928 0.004072 -0.002926 0.010933     0.603420 0.016354 0.072456 0.111799 -0.544328 0.782910 0.279714     0.605241 0.015522 0.072127 0.109106 -0.544989 0.781436 0.283620     
0.596000 0.014000 0.063000 0.000000 -0.707100 0.707100 0.000000     0.591000 0.024000 0.063000 0.022331 0.697296 -0.716419 0.001928     -0.005223 0.010176 -0.000314 0.999618 -0.017153 0.014426 -0.013521     0.596342 0.026200 0.072779 0.082968 -0.534546 0.798075 0.265392     0.596355 0.026210 0.072557 0.083697 -0.534587 0.797800 0.265947     0.003893 -0.009164 0.003453 0.999682 0.020150 -0.013848 0.006188     0.599936 0.016701 0.076457 0.103122 -0.541318 0.788017 0.274499     0.602078 0.016006 0.075942 0.100088 -0.542040 0.786185 0.279443     
0.596000 0.014000 0.063000 0.000000 -0.707100 0.707100 0.000000     0.591000 0.024000 0.068000 -0.000000 0.707100 -0.707100 -0.000000     -0.005760 0.010421 0.004969 0.999961 0.000000 0.000000 0.000000     0.596000 0.026000 0.078000 0.100035 -0.547560 0.784824 0.272401     0.595598 0.026134 0.078085 0.101164 -0.547299 0.784674 0.272976     0.004201 -0.010144 -0.001023 0.999938 0.009092 0.001216 0.006269     0.600201 0.015737 0.077000 0.102345 -0.551205 0.778988 0.280813     0.601687 0.015188 0.076802 0.099684 -0.551788 0.778267 0.282656     
0.596000 0.014000 0.063000 0.000000 -0.707100 0.707100 0.000000     0.596000 0.004000 0.058000 0.032317 0.697388 -0.715950 -0.001130     -0.000458 -0.009886 -0.004996 0.999352 -0.022052 0.023650 -0.013125     0.601522 0.006296 0.067656 0.072912 -0.532689 0.799906 0.266565     0.601381 0.006299 0.067728 0.073803 -0.532741 0.799464 0.267577     0.000874 0.009941 0.004191 0.999430 0.016750 -0.027845 0.009172     0.601808 0.016003 0.072212 0.101621 -0.545923 0.788069 0.265647     0.603151 0.015340 0.072271 0.101798 -0.545871 0.788046 0.265791     
0.596000 0.014000 0.063000 0.000000 -0.707100 0.707100 0.000000     0.596000 0.004000 0.063000 0.025715 -0.703572 0.710144 -0.001537     -0.001205 -0.009494 0.000096 0.999618 0.017096 -0.019269 -0.004647     0.600626 0.005609 0.073247 0.125751 -0.547264 0.780515 0.274709     0.601047 0.005706 0.072689 0.126258 -0.547298 0.779733 0.276660     0.001054 0.011325 0.000765 0.999561 -0.010797 0.024732 0.012244     0.602137 0.017271 0.073734 0.097120 -0.551144 0.779548 0.281236     0.604011 0.016808 0.073401 0.094689 -0.551422 0.778476 0.284505     
0.596000 0.014000 0.063000 0.000000 -0.707100 0.707100 0.000000     0.596000 0.004000 0.068000 0.013296 0.692047 -0.721669 0.008349     -0.000482 -0.010069 0.004861 0.999618 -0.015305 0.003498 -0.020945     0.601155 0.006092 0.077902 0.094579 -0.531512 0.800543 0.260116     0.600995 0.005644 0.077337 0.096097 -0.532048 0.799830 0.260694     0.000948 0.010326 -0.001314 0.999737 0.011256 -0.000955 0.019936     0.602002 0.016398 0.076645 0.096116 -0.546516 0.786719 0.270436     0.604817 0.015827 0.076027 0.089169 -0.547931 0.785033 0.274853     
0.596000 0.014000 0.063000 0.000000 -0.707100 0.707100 0.000000     0.596000 0.009000 0.058000 0.003907 0.718881 -0.694834 -0.019514     0.000399 -0.005295 -0.005286 0.999618 0.011036 0.016561 0.017004     0.601262 0.010955 0.067874 0.088413 -0.555102 0.773895 0.291739     0.601499 0.010455 0.067459 0.089139 -0.555492 0.773365 0.292214     -0.003043 0.004388 0.003574 0.999852 -0.003102 -0.013908 -0.009615     0.597979 0.015306 0.071579 0.100247 -0.551911 0.778793 0.280724     0.599340 0.015630 0.071530 0.097135 -0.551065 0.779732 0.280908     
0.596000 0.014000 0.063000 0.000000 -0.707100 0.707100 0.000000     0.596000 0.009000 0.063000 0.002005 -0.682814 0.730525 0.008705     -0.000530 -0.004544 -0.000275 0.999352 0.007573 0.004738 -0.033735     0.601213 0.010504 0.072978 0.109592 -0.518701 0.801230 0.277399     0.601474 0.010499 0.072792 0.110843 -0.518514 0.800256 0.280085     0.001787 0.003907 0.000496 0.999584 -0.001121 -0.004432 0.028467     0.602817 0.014725 0.073516 0.104619 -0.542646 0.785956 0.277206     0.604624 0.014079 0.073098 0.101067 -0.543387 0.784731 0.280560     
0.596000 0.014000 0.063000 0.000000 -0.707100 0.707100 0.000000     0.596000 0.009000 0.068000 0.034646 -0.708362 0.704976 -0.003450     -0.000789 -0.004578 0.004948 0.999352 0.022058 -0.026937 0.002395     0.600443 0.010574 0.078333 0.132541 -0.554237 0.774331 0.275037     0.600680 0.010559 0.077939 0.134035 -0.554142 0.773407 0.277134     0.000497 0.002982 -0.001928 0.999372 -0.019054 0.029396 0.005247     0.601519 0.013993 0.076058 0.097692 -0.552392 0.780074 0.277099     0.603038 0.013537 0.075710 0.095690 -0.552513 0.779220 0.279982     
0.596000 0.014000 0.063000 0.000000 -0.707100 0.707100 0.000000     0.596000 0.014000 0.058000 0.001621 -0.710798 0.703348 0.006765     -0.000268 -0.000523 -0.005011 0.999923 0.005930 0.003637 0.005268     0.601052 0.015934 0.067987 0.098988 -0.550089 0.780658 0.279564     0.600909 0.015270 0.067811 0.100795 -0.550381 0.779588 0.281359     -0.000928 -0.000476 0.004231 0.999956 -0.008963 -0.002534 0.000781     0.600070 0.015646 0.072207 0.095814 -0.552271 0.782449 0.271238     0.601435 0.015643 0.072383 0.091621 -0.551556 0.784337 0.268713     
0.596000 0.014000 0.063000 0.000000 -0.707100 0.707100 0.000000     0.596000 0.014000 0.063000 0.006233 -0.722688 0.691028 0.012049     -0.000172 0.000117 -0.000124 0.999618 0.012927 0.004113 0.022387     0.600993 0.015965 0.073010 0.097753 -0.562529 0.769187 0.286945     0.601041 0.015662 0.072920 0.099153 -0.562801 0.767876 0.289468     -0.001184 -0.001060 0.000452 0.999896 -0.010079 0.001224 -0.010266     0.599875 0.015003 0.073409 0.094077 -0.555208 0.777893 0.278847     0.600977 0.014821 0.073245 0.089958 -0.555637 0.778816 0.276805     
0.596000 0.014000 0.063000 0.000000 -0.707100 0.707100 0.000000     0.596000 0.014000 0.068000 0.025172 -0.706073 0.707265 0.024158     0.000464 -0.000479 0.005111 0.999352 0.034881 -0.000716 -0.000843     0.600988 0.015289 0.078122 0.119866 -0.543270 0.775234 0.299135     0.601781 0.014913 0.078174 0.119731 -0.543311 0.775207 0.299217     -0.000637 0.000293 -0.003019 0.999553 -0.027628 -0.002745 0.011123     0.600260 0.016250 0.075040 0.103604 -0.555783 0.776780 0.277425     0.601701 0.015829 0.074929 0.100371 -0.555987 0.776397 0.279306     
0.596000 0.014000 0.063000 0.000000 -0.707100 0.707100 0.000000     0.596000 0.019000 0.058000 0.011432 0.715366 -0.698619 0.005800     -0.000556 0.005330 -0.005147 0.999809 -0.012185 0.003982 0.011842     0.601028 0.021361 0.067907 0.086996 -0.556905 0.781938 0.266162     0.600895 0.021197 0.067685 0.088584 -0.557142 0.781309 0.267025     -0.000989 -0.006067 0.004361 0.999901 0.013110 -0.002981 -0.004209     0.599998 0.014991 0.072356 0.097739 -0.553211 0.780456 0.274360     0.602081 0.014348 0.071579 0.097368 -0.553449 0.779401 0.277033     
0.596000 0.014000 0.063000 0.000000 -0.707100 0.707100 0.000000     0.596000 0.019000 0.063000 0.009232 -0.700866 0.712849 -0.022983     0.000016 0.004980 -0.000612 0.999618 -0.009723 -0.022778 -0.008473     0.600575 0.021115 0.073178 0.114862 -0.547900 0.789565 0.251356     0.600547 0.020980 0.072698 0.116616 -0.548440 0.788647 0.252290     -0.001275 -0.004240 0.000293 0.999753 0.004313 0.018399 0.011682     0.599622 0.016899 0.073315 0.099733 -0.551868 0.783999 0.266122     0.599785 0.016140 0.073566 0.099546 -0.552749 0.782836 0.267817     
0.596000 0.014000 0.063000 0.000000 -0.707100 0.707100 0.000000     0.596000 0.019000 0.068000 0.027231 -0.691336 0.722003 -0.002488     -0.000233 0.004386 0.004606 0.999352 0.017495 -0.021014 -0.021684     0.600648 0.020436 0.078263 0.131954 -0.534182 0.789352 0.272290     0.600561 0.019990 0.077968 0.131835 -0.534276 0.789354 0.272192     0.002632 -0.006228 -0.001813 0.999471 -0.015367 0.020488 0.020045     0.603628 0.014713 0.076200 0.102045 -0.546171 0.785114 0.273605     0.604354 0.014063 0.076603 0.100341 -0.546721 0.784534 0.274835     
0.596000 0.014000 0.063000 0.000000 -0.707100 0.707100 0.000000     0.596000 0.024000 0.058000 0.002020 0.705378 -0.708768 0.008144     0.000302 0.009987 -0.005438 0.999923 -0.007187 -0.004330 -0.002397     0.600923 0.026120 0.068013 0.100147 -0.547556 0.787631 0.264139     0.601138 0.025917 0.067484 0.101335 -0.548358 0.786439 0.265609     -0.000504 -0.009429 0.004094 0.999969 0.006220 0.002501 0.004079     0.600453 0.016607 0.072109 0.100502 -0.549469 0.783981 0.270808     0.602861 0.016176 0.071644 0.094074 -0.550476 0.782705 0.274772     
0.596000 0.014000 0.063000 0.000000 -0.707100 0.707100 0.000000     0.596000 0.024000 0.063000 0.000916 0.695687 -0.717651 0.031239     -0.000941 0.010473 -0.000580 0.999352 -0.022737 -0.021441 -0.015531     0.600635 0.026308 0.073109 0.108582 -0.543152 0.796899 0.241096     0.600835 0.026377 0.072905 0.109831 -0.542972 0.796323 0.242875     0.002546 -0.010777 0.000471 0.999620 0.013877 0.021676 0.009884     0.603573 0.015348 0.073432 0.096422 -0.544090 0.790236 0.264909     0.602857 0.015181 0.073094 0.098204 -0.543542 0.790778 0.263796     
0.596000 0.014000 0.063000 0.000000 -0.707100 0.707100 0.000000     0.596000 0.024000 0.068000 0.003712 -0.704823 0.709162 0.016775     -0.000155 0.009873 0.004579 0.999809 0.014486 0.009236 -0.003068     0.601196 0.025680 0.077959 0.101538 -0.541103 0.783362 0.288480     0.601047 0.024757 0.077525 0.102541 -0.541410 0.782729 0.289302     -0.000225 -0.011387 -0.000287 0.999956 -0.007495 -0.004174 0.003878     0.600873 0.014482 0.077689 0.099629 -0.546082 0.782967 0.280731     0.603744 0.013908 0.077123 0.091636 -0.547561 0.781206 0.285477     
0.596000 0.014000 0.063000 0.000000 -0.707100 0.707100 0.000000     0.601000 0.004000 0.058000 0.006216 0.702761 -0.711385 -0.000569     0.001374 -0.010091 -0.005341 0.999923 -0.003993 0.004797 -0.006098     0.606120 0.006018 0.067935 0.095740 -0.541846 0.789701 0.271274     0.602485 0.005894 0.067596 0.096939 -0.542248 0.789119 0.271773     -0.002126 0.010203 0.003843 0.999921 -0.001114 -0.008816 0.008902     0.603781 0.016332 0.071862 0.099676 -0.551331 0.784273 0.266448     0.605205 0.016383 0.071990 0.095395 -0.551587 0.785473 0.263976     
0.596000 0.014000 0.063000 0.000000 -0.707100 0.707100 0.000000     0.601000 0.004000 0.063000 0.006254 0.711239 -0.702745 0.015146     0.005415 -0.010844 -0.000400 0.999809 -0.015131 -0.006288 0.006006     0.605848 0.006362 0.072996 0.095033 -0.555417 0.784909 0.257642     0.606542 0.005643 0.072830 0.094594 -0.555569 0.784752 0.257991     -0.004661 0.009270 0.000508 0.999926 0.009084 0.006658 0.004562     0.601299 0.015495 0.073480 0.093670 -0.556378 0.780609 0.268885     0.602938 0.015384 0.073386 0.090851 -0.556729 0.779763 0.271603     
0.596000 0.014000 0.063000 0.000000 -0.707100 0.707100 0.000000     0.601000 0.004000 0.068000 0.023783 0.714588 -0.699127 -0.000295     0.004860 -0.009830 0.004721 0.999618 -0.016608 0.017025 0.010932     0.606288 0.006441 0.077751 0.074566 -0.552976 0.784796 0.269689     0.606455 0.006369 0.077695 0.075593 -0.552983 0.784065 0.271548     -0.005222 0.008262 -0.000453 0.999825 0.013897 -0.011159 -0.005611     0.600872 0.014371 0.077477 0.092508 -0.550449 0.783182 0.273960     0.602205 0.013688 0.077532 0.092952 -0.550307 0.783230 0.273995     
0.596000 0.014000 0.063000 0.000000 -0.707100 0.707100 0.000000     0.601000 0.009000 0.058000 -0.000000 0.707100 -0.707100 -0.000000     0.003162 -0.004542 -0.004697 0.999961 0.000000 0.000000 0.000000     0.606000 0.011000 0.068000 0.100035 -0.547560 0.784824 0.272401     0.604109 0.010872 0.068098 0.100160 -0.547614 0.784763 0.272459     -0.003408 0.005398 0.004072 0.999985 0.002209 -0.002806 0.004204     0.602519 0.016395 0.072108 0.102300 -0.551394 0.781628 0.273015     0.604279 0.015928 0.071822 0.097047 -0.552639 0.781137 0.273857     
0.596000 0.014000 0.063000 0.000000 -0.707100 0.707100 0.000000     0.601000 0.009000 0.063000 -0.000000 0.707100 -0.707100 -0.000000     0.004921 -0.005753 -0.000718 0.999961 0.000000 0.000000 0.000000     0.606000 0.011000 0.073000 0.100035 -0.547560 0.784824 0.272401     0.606420 0.010298 0.072992 0.100020 -0.547571 0.784825 0.272419     -0.004798 0.003094 0.001032 0.999991 -0.003271 0.001135 0.002434     0.601215 0.014184 0.074008 0.096689 -0.549484 0.784489 0.270696     0.603519 0.013563 0.073537 0.090230 -0.550643 0.783204 0.274302     
0.596000 0.014000 0.063000 0.000000 -0.707100 0.707100 0.000000     0.601000 0.009000 0.068000 0.015902 0.708198 -0.705787 -0.006985     0.005652 -0.006076 0.005052 0.999809 -0.006305 0.016183 0.001705     0.606313 0.011143 0.077807 0.083401 -0.545037 0.787107 0.276444     0.607057 0.010391 0.077923 0.081972 -0.545325 0.786320 0.278571     -0.004796 0.004463 -0.000934 0.999840 0.010380 -0.014503 -0.001182     0.601235 0.015388 0.077065 0.100787 -0.547163 0.783547 0.276566     0.602534 0.014664 0.076868 0.100831 -0.547147 0.783525 0.276679     
0.596000 0.014000 0.063000 0.000000 -0.707100 0.707100 0.000000     0.601000 0.014000 0.058000 0.001341 0.705925 -0.708059 0.017335     0.003660 -0.000450 -0.004519 0.999809 -0.013206 -0.011309 -0.001509     0.605780 0.016250 0.068054 0.102075 -0.550694 0.787997 0.255652     0.604826 0.015520 0.068257 0.102238 -0.551071 0.786984 0.257923     -0.004152 0.001041 0.003924 0.999956 0.005458 0.007633 0.000350     0.601779 0.017185 0.071928 0.098972 -0.548437 0.787153 0.264181     0.603207 0.016741 0.071817 0.100285 -0.548394 0.786575 0.265531     
0.596000 0.014000 0.063000 0.000000 -0.707100 0.707100 0.000000     0.601000 0.014000 0.063000 0.006430 -0.703704 0.710442 -0.003479     0.004768 0.000009 -0.000359 0.999923 0.002087 -0.007006 -0.004765     0.605878 0.015911 0.073077 0.107970 -0.545499 0.786134 0.269715     0.606532 0.015525 0.072525 0.107972 -0.545503 0.786019 0.270077     -0.004357 0.000495 0.001754 0.999927 0.003040 0.010983 0.004013     0.601726 0.016385 0.074734 0.099905 -0.545323 0.784254 0.278510     0.603851 0.015916 0.074388 0.094713 -0.545706 0.783975 0.280388     
0.596000 0.014000 0.063000 0.000000 -0.707100 0.707100 0.000000     0.601000 0.014000 0.068000 -0.000000 0.707100 -0.707100 -0.000000     0.004853 -0.000075 0.004771 0.999961 0.000000 0.000000 0.000000     0.606000 0.016000 0.078000 0.100035 -0.547560 0.784824 0.272401     0.606071 0.015725 0.077794 0.101238 -0.548095 0.783723 0.274084     -0.005704 -0.000307 -0.001658 0.999961 0.004614 -0.007330 -0.001892     0.600156 0.015582 0.076432 0.108825 -0.547589 0.783839 0.271808     0.601593 0.015864 0.076366 0.106727 -0.548304 0.783730 0.271550     
0.596000 0.014000 0.063000 0.000000 -0.707100 0.707100 0.000000     0.601000 0.019000 0.058000 0.002440 -0.709612 0.704103 0.025770     0.002622 0.004843 -0.005024 0.999618 0.019947 0.016497 0.003895     0.606314 0.020643 0.067902 0.096914 -0.543940 0.778639 0.297386     0.603992 0.020288 0.067891 0.097118 -0.544238 0.777971 0.298553     -0.002643 -0.004509 0.004296 0.999617 -0.018567 -0.020350 0.002735     0.603255 0.016532 0.072338 0.101810 -0.553712 0.780402 0.272011     0.604754 0.016582 0.072294 0.098040 -0.553844 0.781037 0.271340     
0.596000 0.014000 0.063000 0.000000 -0.707100 0.707100 0.000000     0.601000 0.019000 0.063000 0.011431 0.714298 -0.699687 0.008196     0.004291 0.005263 -0.000100 0.999809 -0.013878 0.002288 0.010331     0.606000 0.021380 0.072916 0.087810 -0.556350 0.783057 0.263754     0.605649 0.021497 0.072723 0.089031 -0.556337 0.782828 0.264090     -0.004378 -0.004796 0.002030 0.999864 0.014250 0.005263 -0.006390     0.601755 0.016237 0.074956 0.093291 -0.548631 0.783209 0.277244     0.603674 0.015935 0.074924 0.091476 -0.547968 0.783844 0.277402     
0.596000 0.014000 0.063000 0.000000 -0.707100 0.707100 0.000000     0.601000 0.019000 0.068000 0.021508 -0.691205 0.722133 0.016646     0.005429 0.004509 0.004814 0.999352 0.026978 -0.003438 -0.021868     0.606002 0.020238 0.078122 0.123402 -0.528300 0.788628 0.289339     0.606474 0.019499 0.077964 0.123538 -0.529014 0.787341 0.291507     -0.003778 -0.004605 -0.001901 0.999603 -0.018680 0.001979 0.020986     0.602199 0.016219 0.076144 0.105852 -0.546374 0.782877 0.278128     0.603961 0.015746 0.075839 0.102191 -0.547070 0.782027 0.280544     
0.596000 0.014000 0.063000 0.000000 -0.707100 0.707100 0.000000     0.601000 0.024000 0.058000 0.012678 -0.723051 0.690665 -0.000246     0.002726 0.010058 -0.005225 0.999618 0.008790 -0.009139 0.022900     0.605723 0.026046 0.068124 0.105748 -0.566955 0.768707 0.276494     0.603319 0.025889 0.067929 0.106349 -0.567123 0.768488 0.276565     -0.003173 -0.009725 0.004550 0.999914 -0.005359 0.001527 -0.011871     0.602629 0.016316 0.072638 0.104809 -0.557926 0.777014 0.271961     0.603702 0.016015 0.072913 0.101853 -0.557477 0.778186 0.270689     
0.596000 0.014000 0.063000 0.000000 -0.707100 0.707100 0.000000     0.601000 0.024000 0.063000 0.005830 -0.702516 0.711630 -0.000798     0.004156 0.010288 0.000019 0.999923 0.003558 -0.004687 -0.006444     0.605931 0.025865 0.073060 0.107413 -0.543402 0.786885 0.271972     0.605468 0.026020 0.073160 0.109304 -0.543189 0.786414 0.273041     -0.004637 -0.010392 0.002468 0.999950 0.005256 0.006346 0.005615     0.601400 0.015423 0.075484 0.103743 -0.545503 0.783047 0.280146     0.603682 0.014818 0.074842 0.099952 -0.546327 0.781498 0.284248     
0.596000 0.014000 0.063000 0.000000 -0.707100 0.707100 0.000000     0.601000 0.024000 0.068000 0.006615 -0.706499 0.707486 0.016135     0.004250 0.010316 0.004670 0.999809 0.016086 0.006731 -0.000698     0.606137 0.025671 0.077991 0.103735 -0.543486 0.781378 0.288601     0.605768 0.025841 0.077788 0.105238 -0.543343 0.781164 0.288939     -0.005487 -0.011123 -0.000000 0.999976 -0.004996 -0.004524 0.001574     0.600555 0.014664 0.078019 0.104097 -0.546526 0.781477 0.282395     0.601823 0.014239 0.078097 0.100985 -0.546999 0.782414 0.280039     
0.596000 0.014000 0.063000 0.000000 -0.707100 0.707100 0.000000     0.606000 0.004000 0.058000 0.027356 -0.730342 0.682512 -0.003226     0.006326 -0.009815 -0.004854 0.999009 0.017063 -0.021624 0.033820     0.610427 0.005973 0.068272 0.117042 -0.577766 0.758747 0.277076     0.606721 0.005870 0.068284 0.117508 -0.577837 0.758469 0.277527     -0.005790 0.008772 0.002215 0.999688 -0.012140 0.018060 -0.012290     0.605054 0.014878 0.070270 0.099693 -0.564678 0.771088 0.276774     0.607046 0.014263 0.069674 0.092977 -0.566025 0.771327 0.275728     
0.596000 0.014000 0.063000 0.000000 -0.707100 0.707100 0.000000     0.606000 0.004000 0.063000 0.030604 -0.716369 0.696485 0.027719     0.009571 -0.010102 -0.000151 0.999009 0.041239 -0.002039 0.014059     0.610912 0.005307 0.073157 0.120292 -0.554503 0.764941 0.304798     0.610625 0.004921 0.072883 0.121974 -0.555162 0.764188 0.304853     -0.009452 0.008901 0.002631 0.999693 -0.024088 0.004796 -0.003151     0.601567 0.014664 0.075666 0.104190 -0.553359 0.774372 0.288559     0.602265 0.014956 0.076378 0.099764 -0.552291 0.776202 0.287285     
0.596000 0.014000 0.063000 0.000000 -0.707100 0.707100 0.000000     0.606000 0.004000 0.068000 0.019974 -0.705004 0.708712 -0.016714     0.009371 -0.009551 0.004867 0.999618 0.002305 -0.025942 -0.002622     0.610485 0.005928 0.078255 0.122337 -0.552151 0.782768 0.259649     0.610183 0.006131 0.078094 0.123636 -0.551955 0.782578 0.260060     -0.008518 0.008173 -0.003909 0.999769 -0.001406 0.020682 0.005606     0.602365 0.014183 0.074147 0.103888 -0.551213 0.782387 0.270595     0.604440 0.013359 0.073906 0.098704 -0.552005 0.781356 0.273916     
0.596000 0.014000 0.063000 0.000000 -0.707100 0.707100 0.000000     0.606000 0.009000 0.058000 -0.000000 0.707100 -0.707100 -0.000000     0.008365 -0.004761 -0.004518 0.999961 0.000000 0.000000 0.000000     0.611000 0.011000 0.068000 0.100035 -0.547560 0.784824 0.272401     0.609364 0.010842 0.068412 0.100442 -0.547674 0.784128 0.274060     -0.008842 0.004375 0.003670 0.999984 0.002275 -0.004827 -0.001789     0.602069 0.015312 0.071727 0.105554 -0.547234 0.784689 0.271360     0.602479 0.015314 0.071981 0.102132 -0.547363 0.786154 0.268188     
0.596000 0.014000 0.063000 0.000000 -0.707100 0.707100 0.000000     0.606000 0.009000 0.063000 0.000671 -0.718655 0.695330 -0.005665     0.009430 -0.004869 -0.000246 0.999809 -0.003531 -0.004480 0.016493     0.610840 0.011233 0.073029 0.097109 -0.561995 0.776187 0.268785     0.610546 0.011219 0.072918 0.097918 -0.562052 0.775900 0.269238     -0.010193 0.004000 0.000348 0.999934 0.002727 0.000931 -0.011130     0.600714 0.015070 0.073380 0.100905 -0.552803 0.781748 0.270326     0.601064 0.015540 0.073300 0.099922 -0.551446 0.783950 0.267104     
0.596000 0.014000 0.063000 0.000000 -0.707100 0.707100 0.000000     0.606000 0.009000 0.068000 0.001360 -0.692106 0.720748 -0.038608     0.008939 -0.004508 0.004895 0.999009 -0.026338 -0.028260 -0.020253     0.610518 0.011338 0.078155 0.113214 -0.541476 0.799515 0.233970     0.610396 0.011534 0.078012 0.114625 -0.541231 0.798995 0.235662     -0.008747 0.002602 -0.002638 0.999521 0.017134 0.021133 0.014785     0.602131 0.013733 0.075394 0.102083 -0.546153 0.789509 0.260674     0.603952 0.013058 0.075249 0.099168 -0.547500 0.787734 0.264356     
0.596000 0.014000 0.063000 0.000000 -0.707100 0.707100 0.000000     0.606000 0.014000 0.058000 0.005322 -0.693653 0.719685 0.029169     0.007375 -0.000475 -0.005174 0.999352 0.024388 0.016862 -0.018407     0.611397 0.015323 0.067906 0.105108 -0.525747 0.789469 0.298768     0.609261 0.014751 0.067617 0.105038 -0.525778 0.789399 0.298953     -0.005471 0.000856 0.003631 0.999587 -0.015238 -0.018854 0.015464     0.605501 0.016644 0.071685 0.107317 -0.544973 0.783583 0.278327     0.606502 0.016542 0.071357 0.107011 -0.545808 0.783780 0.276280     
0.596000 0.014000 0.063000 0.000000 -0.707100 0.707100 0.000000     0.606000 0.014000 0.063000 0.031811 0.698709 -0.714629 -0.008905     0.008865 0.000350 -0.000148 0.999352 -0.016196 0.028790 -0.011257     0.611613 0.016199 0.072626 0.071576 -0.532169 0.797802 0.274162     0.610917 0.016335 0.072521 0.072805 -0.532184 0.797703 0.274135     -0.007919 -0.001241 0.000299 0.999513 0.017989 -0.025088 0.004654     0.603183 0.014655 0.073267 0.099853 -0.541213 0.788209 0.275362     0.604346 0.013732 0.073141 0.100455 -0.540977 0.788353 0.275231     
0.596000 0.014000 0.063000 0.000000 -0.707100 0.707100 0.000000     0.606000 0.014000 0.068000 -0.000000 0.707100 -0.707100 -0.000000     0.009691 0.000324 0.004551 0.999961 0.000000 0.000000 0.000000     0.611000 0.016000 0.078000 0.100035 -0.547560 0.784824 0.272401     0.610891 0.016064 0.077687 0.101868 -0.547439 0.784211 0.273764     -0.009560 -0.000198 -0.003424 0.999990 0.000885 -0.003558 -0.002723     0.601379 0.015757 0.074615 0.104052 -0.546298 0.785710 0.270872     0.602102 0.016095 0.074759 0.099857 -0.547052 0.786457 0.268790     
0.596000 0.014000 0.063000 0.000000 -0.707100 0.707100 0.000000     0.606000 0.019000 0.058000 0.022611 0.687927 -0.725411 -0.002041     0.008510 0.003515 -0.004448 0.999352 -0.014545 0.017431 -0.026504     0.611451 0.021010 0.067759 0.085548 -0.523131 0.804565 0.267713     0.609979 0.019748 0.068364 0.086747 -0.523188 0.804342 0.267925     -0.008041 -0.003602 0.003894 0.999686 0.010381 -0.012101 0.019341     0.603094 0.017409 0.071823 0.095510 -0.540879 0.790380 0.271306     0.604472 0.016846 0.071974 0.095529 -0.540934 0.790370 0.271256     
0.596000 0.014000 0.063000 0.000000 -0.707100 0.707100 0.000000     0.606000 0.019000 0.063000 0.030737 0.708956 -0.703898 0.030742     0.010150 0.004803 0.000296 0.999009 -0.043471 -0.000004 0.003576     0.610982 0.021897 0.072787 0.075164 -0.554196 0.793960 0.238380     0.611224 0.021408 0.072948 0.075843 -0.554477 0.793218 0.240018     -0.010215 -0.004499 0.000837 0.999454 0.032310 -0.005566 -0.004056     0.600678 0.016718 0.073845 0.098415 -0.549570 0.787655 0.260513     0.602146 0.015758 0.073993 0.095007 -0.550021 0.785610 0.266960     
0.596000 0.014000 0.063000 0.000000 -0.707100 0.707100 0.000000     0.606000 0.019000 0.068000 0.000489 0.729191 -0.684147 -0.014257     0.008774 0.004394 0.004935 0.999352 0.009735 0.010426 0.031850     0.611076 0.021127 0.077935 0.088445 -0.568410 0.765297 0.288772     0.610091 0.020761 0.078154 0.088440 -0.568408 0.765303 0.288794     -0.008898 -0.005330 -0.002989 0.999811 0.001581 -0.009877 -0.016680     0.602049 0.015598 0.075052 0.101703 -0.558249 0.773303 0.282838     0.603464 0.015667 0.075529 0.102077 -0.558273 0.773720 0.281547     
0.596000 0.014000 0.063000 0.000000 -0.707100 0.707100 0.000000     0.606000 0.024000 0.058000 0.017471 -0.695320 0.718396 -0.010664     0.008594 0.010036 -0.004565 0.999618 0.004814 -0.019894 -0.016317     0.610659 0.025745 0.068210 0.122695 -0.539503 0.790189 0.263560     0.609242 0.025724 0.068598 0.123670 -0.539594 0.789889 0.263856     -0.008599 -0.007972 0.003983 0.999839 -0.001985 0.009488 0.015133     0.602197 0.017957 0.072096 0.110118 -0.549117 0.783584 0.268925     0.604454 0.017190 0.071644 0.106583 -0.550306 0.781724 0.273334     
0.596000 0.014000 0.063000 0.000000 -0.707100 0.707100 0.000000     0.606000 0.024000 0.063000 0.019738 0.692458 -0.720880 0.020602     0.009918 0.009925 -0.000248 0.999352 -0.028524 -0.000611 -0.020097     0.611076 0.026365 0.072882 0.090308 -0.534474 0.803060 0.247503     0.611498 0.025911 0.072435 0.091167 -0.535213 0.801643 0.250208     -0.010646 -0.009551 0.000297 0.999805 0.016489 0.000242 0.010882     0.600385 0.016596 0.073251 0.096216 -0.541559 0.793028 0.261808     0.602142 0.015883 0.072808 0.095707 -0.541760 0.792370 0.263601     
0.596000 0.014000 0.063000 0.000000 -0.707100 0.707100 0.000000     0.606000 0.024000 0.068000 0.030494 -0.702273 0.710581 0.030630     0.010007 0.009724 0.004939 0.999009 0.043220 0.000096 -0.005875     0.611020 0.025070 0.078132 0.125131 -0.538078 0.775530 0.305528     0.611053 0.024552 0.078064 0.126739 -0.538655 0.774068 0.307582     -0.010288 -0.008493 -0.000005 0.999626 -0.023234 0.002074 0.014248     0.600735 0.017189 0.078042 0.106620 -0.551200 0.774932 0.290294     0.602662 0.016452 0.077602 0.103317 -0.552721 0.773325 0.292905     
