0.596000 0.014000 0.063000 0.000000 -0.707100 0.707100 0.000000     0.596000 0.014000 0.063000 -0.000000 0.707100 -0.707100 -0.000000     0.000000 0.000000 0.000000 0.000000 0.000000 0.000000 0.000000     0.601000 0.016000 0.073000 0.100035 -0.547560 0.784824 0.272401     0.599942 0.017032 0.073201 0.100055 -0.547772 0.784497 0.272946     -0.000000 -0.000000 -0.000000 1.000000 -0.000000 -0.000000 -0.000000     0.601000 0.016000 0.073000 0.100035 -0.547560 0.784824 0.272401     0.599867 0.016972 0.073005 0.101282 -0.547122 0.784740 0.273100     
0.596000 0.014000 0.063000 0.000000 -0.707100 0.707100 0.000000     0.586000 0.004000 0.059500 0.007188 0.703607 -0.710539 -0.000676     0.000000 0.000000 0.000000 0.000000 0.000000 0.000000 0.000000     0.591131 0.006042 0.069425 0.094480 -0.542638 0.789289 0.271332     0.589803 0.006706 0.069238 0.095703 -0.542448 0.789358 0.271118     0.010000 0.010000 0.003500 0.999962 0.004605 -0.005561 0.004902     0.601000 0.016000 0.073000 0.100035 -0.547560 0.784824 0.272401     0.599735 0.016780 0.072972 0.101155 -0.547257 0.784665 0.273090     
0.596000 0.014000 0.063000 0.000000 -0.707100 0.707100 0.000000     0.586000 0.004000 0.063000 0.002965 0.703472 -0.710674 -0.006436     0.000000 0.000000 0.000000 0.000000 0.000000 0.000000 0.000000     0.591152 0.005899 0.072942 0.097545 -0.541485 0.787579 0.277447     0.590897 0.005897 0.072935 0.099532 -0.541373 0.786968 0.278731     0.010000 0.010000 -0.000000 0.999962 -0.002454 -0.006647 0.005093     0.601000 0.016000 0.073000 0.100035 -0.547560 0.784824 0.272401     0.600305 0.015985 0.072860 0.102346 -0.547361 0.784511 0.272879     
0.596000 0.014000 0.063000 0.000000 -0.707100 0.707100 0.000000     0.586000 0.004000 0.066500 0.014522 -0.696051 0.717664 0.015517     0.000000 0.000000 0.000000 0.000000 0.000000 0.000000 0.000000     0.591066 0.005420 0.076566 0.115242 -0.533061 0.787208 0.287834     0.589674 0.005960 0.076705 0.116243 -0.532907 0.787301 0.287497     0.010000 0.010000 -0.003500 0.999657 -0.021241 -0.000703 0.015283     0.601000 0.016000 0.073000 0.100035 -0.547560 0.784824 0.272401     0.599712 0.016738 0.072825 0.102063 -0.546982 0.785089 0.272083     
0.596000 0.014000 0.063000 0.000000 -0.707100 0.707100 0.000000     0.586000 0.009000 0.059500 0.002768 0.711679 -0.702468 0.005106     0.000000 0.000000 0.000000 0.000000 0.000000 0.000000 0.000000     0.590940 0.011176 0.069493 0.096505 -0.553658 0.782579 0.267768     0.589639 0.011920 0.069503 0.097448 -0.553509 0.782662 0.267531     0.010000 0.005000 0.003500 0.999962 0.005568 0.001653 -0.006513     0.601000 0.016000 0.073000 0.100035 -0.547560 0.784824 0.272401     0.600369 0.016043 0.072918 0.102530 -0.547231 0.784450 0.273248     
0.596000 0.014000 0.063000 0.000000 -0.707100 0.707100 0.000000     0.586000 0.009000 0.063000 0.007010 0.704558 -0.709588 0.003790     0.000000 0.000000 0.000000 0.000000 0.000000 0.000000 0.000000     0.591060 0.011117 0.072946 0.095031 -0.544891 0.789050 0.267289     0.590841 0.011083 0.072702 0.097311 -0.544580 0.788584 0.268511     0.010000 0.005000 -0.000000 0.999962 0.007637 -0.002277 0.003557     0.601000 0.016000 0.073000 0.100035 -0.547560 0.784824 0.272401     0.599699 0.016730 0.072907 0.101807 -0.547109 0.785075 0.271964     
0.596000 0.014000 0.063000 0.000000 -0.707100 0.707100 0.000000     0.586000 0.009000 0.066500 0.003262 0.711520 -0.702627 0.005096     0.000000 0.000000 0.000000 0.000000 0.000000 0.000000 0.000000     0.590948 0.011181 0.076488 0.096100 -0.553419 0.782831 0.267672     0.590146 0.012144 0.075997 0.098202 -0.552869 0.783110 0.267267     0.010000 0.005000 -0.003500 0.999962 0.005910 0.001297 -0.006288     0.601000 0.016000 0.073000 0.100035 -0.547560 0.784824 0.272401     0.600300 0.016077 0.072972 0.102130 -0.547292 0.784510 0.273101     
0.596000 0.014000 0.063000 0.000000 -0.707100 0.707100 0.000000     0.586000 0.014000 0.059500 0.008995 0.723741 -0.689597 -0.023540     0.000000 0.000000 0.000000 0.000000 0.000000 0.000000 0.000000     0.591358 0.016046 0.069303 0.080974 -0.558879 0.770625 0.295320     0.590168 0.016939 0.069349 0.081602 -0.558849 0.770348 0.295962     0.010000 -0.000000 0.003500 0.999391 -0.010285 -0.023006 -0.024144     0.601000 0.016000 0.073000 0.100035 -0.547560 0.784824 0.272401     0.599763 0.016823 0.072837 0.101532 -0.547024 0.785199 0.271881     
0.596000 0.014000 0.063000 0.000000 -0.707100 0.707100 0.000000     0.586000 0.014000 0.063000 0.004990 0.703484 -0.710662 0.005049     0.000000 0.000000 0.000000 0.000000 0.000000 0.000000 0.000000     0.591020 0.016091 0.072971 0.097559 -0.544277 0.789503 0.266289     0.589673 0.016720 0.073051 0.098813 -0.543915 0.789236 0.267392     0.010000 -0.000000 -0.000000 0.999962 0.007099 0.000042 0.005076     0.601000 0.016000 0.073000 0.100035 -0.547560 0.784824 0.272401     0.600337 0.016048 0.072902 0.102475 -0.547271 0.784462 0.273153     
0.596000 0.014000 0.063000 0.000000 -0.707100 0.707100 0.000000     0.586000 0.014000 0.066500 0.005212 -0.710958 0.703189 -0.004337     0.000000 0.000000 0.000000 0.000000 0.000000 0.000000 0.000000     0.590842 0.016042 0.076569 0.104172 -0.553628 0.780942 0.269729     0.589657 0.016952 0.076537 0.105896 -0.553257 0.781044 0.269559     0.010000 -0.000000 -0.003500 0.999962 -0.000618 0.006752 -0.005494     0.601000 0.016000 0.073000 0.100035 -0.547560 0.784824 0.272401     0.600323 0.016042 0.072887 0.102634 -0.547250 0.784450 0.273168     
0.596000 0.014000 0.063000 0.000000 -0.707100 0.707100 0.000000     0.586000 0.019000 0.059500 0.009011 -0.722289 0.691050 -0.025472     0.000000 0.000000 0.000000 0.000000 0.000000 0.000000 0.000000     0.590409 0.021443 0.069678 0.106719 -0.572369 0.772982 0.251959     0.589118 0.022182 0.069571 0.107981 -0.571764 0.773094 0.252490     0.010000 -0.005000 0.003500 0.999391 0.011640 0.024383 -0.022090     0.601000 0.016000 0.073000 0.100035 -0.547560 0.784824 0.272401     0.600345 0.016149 0.072914 0.102758 -0.547075 0.784531 0.273240     
0.596000 0.014000 0.063000 0.000000 -0.707100 0.707100 0.000000     0.586000 0.019000 0.063000 0.007998 0.708907 -0.705239 0.002335     0.000000 0.000000 0.000000 0.000000 0.000000 0.000000 0.000000     0.591069 0.021172 0.072929 0.092181 -0.549215 0.785765 0.269108     0.589733 0.021757 0.072599 0.094153 -0.548605 0.785708 0.269871     0.010000 -0.005000 -0.000000 0.999962 0.007307 -0.004004 -0.002593     0.601000 0.016000 0.073000 0.100035 -0.547560 0.784824 0.272401     0.600311 0.016050 0.072927 0.102528 -0.547309 0.784460 0.273062     
0.596000 0.014000 0.063000 0.000000 -0.707100 0.707100 0.000000     0.586000 0.019000 0.066500 0.008099 -0.709390 0.703948 -0.033728     0.000000 0.000000 0.000000 0.000000 0.000000 0.000000 0.000000     0.590385 0.021402 0.076698 0.112214 -0.560116 0.784217 0.242203     0.588945 0.021818 0.076700 0.114250 -0.559929 0.784307 0.241432     0.010000 -0.005000 -0.003500 0.999391 0.018123 0.029576 -0.003848     0.601000 0.016000 0.073000 0.100035 -0.547560 0.784824 0.272401     0.600341 0.015975 0.072911 0.102402 -0.547377 0.784415 0.273102     
0.596000 0.014000 0.063000 0.000000 -0.707100 0.707100 0.000000     0.586000 0.024000 0.059500 0.002037 -0.706138 0.708008 0.008382     0.000000 0.000000 0.000000 0.000000 0.000000 0.000000 0.000000     0.591095 0.025839 0.069483 0.100904 -0.544542 0.783961 0.280497     0.589888 0.026499 0.069336 0.101890 -0.544507 0.784553 0.278583     0.010000 -0.010000 0.003500 0.999962 -0.007367 -0.004487 0.001323     0.601000 0.016000 0.073000 0.100035 -0.547560 0.784824 0.272401     0.600341 0.016056 0.072869 0.102610 -0.547236 0.784500 0.273063     
0.596000 0.014000 0.063000 0.000000 -0.707100 0.707100 0.000000     0.586000 0.024000 0.063000 0.004698 0.701930 -0.712216 0.001089     0.000000 0.000000 0.000000 0.000000 0.000000 0.000000 0.000000     0.591080 0.026008 0.072958 0.097769 -0.541545 0.790146 0.269849     0.589827 0.026805 0.072949 0.099498 -0.540883 0.790127 0.270638     0.010000 -0.010000 -0.000000 0.999962 0.004092 -0.002552 0.007273     0.601000 0.016000 0.073000 0.100035 -0.547560 0.784824 0.272401     0.600370 0.015941 0.072953 0.102580 -0.547358 0.784315 0.273362     
0.596000 0.014000 0.063000 0.000000 -0.707100 0.707100 0.000000     0.586000 0.024000 0.066500 0.012808 0.714682 -0.698657 0.030422     0.000000 0.000000 0.000000 0.000000 0.000000 0.000000 0.000000     0.590697 0.026721 0.076476 0.089924 -0.562571 0.785222 0.242558     0.589442 0.027494 0.076697 0.091589 -0.562208 0.785543 0.241775     0.010000 -0.010000 -0.003500 0.999391 0.030569 0.012455 -0.011332     0.601000 0.016000 0.073000 0.100035 -0.547560 0.784824 0.272401     0.600353 0.015961 0.072915 0.102481 -0.547347 0.784384 0.273222     
0.596000 0.014000 0.063000 0.000000 -0.707100 0.707100 0.000000     0.591000 0.004000 0.059500 -0.000000 0.707100 -0.707100 -0.000000     0.000000 0.000000 0.000000 0.000000 0.000000 0.000000 0.000000     0.596000 0.006000 0.069500 0.100035 -0.547560 0.784824 0.272401     0.595110 0.006900 0.069464 0.101687 -0.547271 0.785298 0.271038     0.005000 0.010000 0.003500 1.000000 -0.000000 0.000000 -0.000000     0.601000 0.016000 0.073000 0.100035 -0.547560 0.784824 0.272401     0.599765 0.016809 0.072749 0.101465 -0.547026 0.785184 0.271942     
0.596000 0.014000 0.063000 0.000000 -0.707100 0.707100 0.000000     0.591000 0.004000 0.063000 0.007035 -0.711357 0.702628 -0.014731     0.000000 0.000000 0.000000 0.000000 0.000000 0.000000 0.000000     0.595664 0.006169 0.073126 0.107437 -0.557058 0.781267 0.260279     0.594473 0.006974 0.072729 0.108798 -0.556650 0.781305 0.260510     0.005000 0.010000 -0.000000 0.999848 0.005442 0.015391 -0.006173     0.601000 0.016000 0.073000 0.100035 -0.547560 0.784824 0.272401     0.599730 0.016785 0.073013 0.100913 -0.547204 0.784907 0.272590     
0.596000 0.014000 0.063000 0.000000 -0.707100 0.707100 0.000000     0.591000 0.004000 0.066500 0.021018 -0.696002 0.717714 -0.002790     0.000000 0.000000 0.000000 0.000000 0.000000 0.000000 0.000000     0.595715 0.005590 0.076710 0.124452 -0.538619 0.787767 0.271670     0.594447 0.006365 0.076782 0.125089 -0.538349 0.787580 0.272489     0.005000 0.010000 -0.003500 0.999657 -0.012889 0.016834 0.015353     0.601000 0.016000 0.073000 0.100035 -0.547560 0.784824 0.272401     0.599736 0.016792 0.072941 0.101084 -0.547155 0.784913 0.272607     
0.596000 0.014000 0.063000 0.000000 -0.707100 0.707100 0.000000     0.591000 0.009000 0.059500 0.000602 0.703419 -0.710727 0.007006     0.000000 0.000000 0.000000 0.000000 0.000000 0.000000 0.000000     0.595930 0.011056 0.069523 0.102047 -0.545255 0.788636 0.265173     0.594569 0.011641 0.069742 0.103031 -0.544978 0.789218 0.263664     0.005000 0.005000 0.003500 0.999962 0.005379 0.004528 0.005168     0.601000 0.016000 0.073000 0.100035 -0.547560 0.784824 0.272401     0.599771 0.016831 0.072985 0.101105 -0.547236 0.784820 0.272705     
0.596000 0.014000 0.063000 0.000000 -0.707100 0.707100 0.000000     0.591000 0.009000 0.063000 0.027522 -0.691857 0.721482 0.004656     0.000000 0.000000 0.000000 0.000000 0.000000 0.000000 0.000000     0.595743 0.010335 0.073234 0.130828 -0.532914 0.788001 0.279144     0.594478 0.011131 0.073155 0.132767 -0.532299 0.788334 0.278497     0.005000 0.005000 -0.000000 0.999391 -0.022754 0.016169 0.020948     0.601000 0.016000 0.073000 0.100035 -0.547560 0.784824 0.272401     0.599754 0.016815 0.072854 0.101542 -0.547115 0.785092 0.272002     
0.596000 0.014000 0.063000 0.000000 -0.707100 0.707100 0.000000     0.591000 0.009000 0.066500 0.000456 -0.701900 0.712084 0.015891     0.000000 0.000000 0.000000 0.000000 0.000000 0.000000 0.000000     0.596244 0.010696 0.076431 0.099745 -0.537696 0.786591 0.286687     0.594876 0.011308 0.076429 0.101384 -0.537544 0.786792 0.285878     0.005000 0.005000 -0.003500 0.999848 -0.011559 -0.010914 0.007201     0.601000 0.016000 0.073000 0.100035 -0.547560 0.784824 0.272401     0.599761 0.016818 0.072794 0.101183 -0.547261 0.785402 0.270945     
0.596000 0.014000 0.063000 0.000000 -0.707100 0.707100 0.000000     0.591000 0.014000 0.059500 -0.000000 0.707100 -0.707100 -0.000000     0.000000 0.000000 0.000000 0.000000 0.000000 0.000000 0.000000     0.596000 0.016000 0.069500 0.100035 -0.547560 0.784824 0.272401     0.593511 0.016834 0.069678 0.101292 -0.547260 0.784962 0.272178     0.005000 -0.000000 0.003500 1.000000 -0.000000 -0.000000 -0.000000     0.601000 0.016000 0.073000 0.100035 -0.547560 0.784824 0.272401     0.599780 0.016798 0.072668 0.101634 -0.547158 0.785386 0.271031     
0.596000 0.014000 0.063000 0.000000 -0.707100 0.707100 0.000000     0.591000 0.014000 0.063000 0.008339 -0.706983 0.707163 -0.002568     0.000000 0.000000 0.000000 0.000000 0.000000 0.000000 0.000000     0.595845 0.015917 0.073092 0.108353 -0.549132 0.782981 0.271358     0.594489 0.016509 0.073331 0.109485 -0.548910 0.783028 0.271254     0.005000 -0.000000 -0.000000 0.999962 -0.004081 0.007713 0.000127     0.601000 0.016000 0.073000 0.100035 -0.547560 0.784824 0.272401     0.599701 0.016736 0.073016 0.101054 -0.547285 0.784697 0.272981     
0.596000 0.014000 0.063000 0.000000 -0.707100 0.707100 0.000000     0.591000 0.014000 0.066500 0.008888 -0.696883 0.717102 0.004604     0.000000 0.000000 0.000000 0.000000 0.000000 0.000000 0.000000     0.595992 0.015666 0.076565 0.111515 -0.536127 0.789631 0.276758     0.594999 0.016698 0.076133 0.112286 -0.535955 0.789616 0.276860     0.005000 -0.000000 -0.003500 0.999848 -0.009540 0.003030 0.014297     0.601000 0.016000 0.073000 0.100035 -0.547560 0.784824 0.272401     0.599711 0.016749 0.072974 0.101296 -0.547224 0.784769 0.272805     
0.596000 0.014000 0.063000 0.000000 -0.707100 0.707100 0.000000     0.591000 0.019000 0.059500 0.004992 0.710833 -0.703313 -0.004791     0.000000 0.000000 0.000000 0.000000 0.000000 0.000000 0.000000     0.596116 0.021057 0.069429 0.093075 -0.549842 0.782613 0.276600     0.593808 0.021700 0.069731 0.094287 -0.549094 0.781460 0.280938     0.005000 -0.005000 0.003500 0.999962 0.000142 -0.006918 -0.005317     0.601000 0.016000 0.073000 0.100035 -0.547560 0.784824 0.272401     0.599810 0.016794 0.072665 0.101466 -0.547096 0.785496 0.270901     
0.596000 0.014000 0.063000 0.000000 -0.707100 0.707100 0.000000     0.591000 0.019000 0.063000 0.007290 0.715223 -0.698762 -0.010769     0.000000 0.000000 0.000000 0.000000 0.000000 0.000000 0.000000     0.596206 0.021070 0.072880 0.088174 -0.552887 0.778938 0.282447     0.594945 0.021816 0.072610 0.090067 -0.552346 0.778978 0.282836     0.005000 -0.005000 -0.000000 0.999848 -0.002460 -0.012769 -0.011639     0.601000 0.016000 0.073000 0.100035 -0.547560 0.784824 0.272401     0.599755 0.016828 0.073002 0.101123 -0.547112 0.784887 0.272755     
0.596000 0.014000 0.063000 0.000000 -0.707100 0.707100 0.000000     0.591000 0.019000 0.066500 0.018815 0.712971 -0.700367 -0.028009     0.000000 0.000000 0.000000 0.000000 0.000000 0.000000 0.000000     0.596616 0.020967 0.076174 0.075121 -0.544551 0.781007 0.296359     0.595291 0.021628 0.076021 0.076131 -0.544416 0.780745 0.297073     0.005000 -0.005000 -0.003500 0.999391 -0.006502 -0.033110 -0.008912     0.601000 0.016000 0.073000 0.100035 -0.547560 0.784824 0.272401     0.599768 0.016852 0.072949 0.101190 -0.547154 0.785057 0.272156     
0.596000 0.014000 0.063000 0.000000 -0.707100 0.707100 0.000000     0.591000 0.024000 0.059500 0.013549 -0.708743 0.705241 0.010718     0.000000 0.000000 0.000000 0.000000 0.000000 0.000000 0.000000     0.595951 0.025680 0.069583 0.110312 -0.548248 0.778474 0.284979     0.593559 0.026164 0.069796 0.110964 -0.547971 0.777796 0.287138     0.005000 -0.010000 0.003500 0.999848 -0.017160 0.002002 -0.002476     0.601000 0.016000 0.073000 0.100035 -0.547560 0.784824 0.272401     0.599792 0.016751 0.072837 0.102218 -0.547053 0.784921 0.272366     
0.596000 0.014000 0.063000 0.000000 -0.707100 0.707100 0.000000     0.591000 0.024000 0.063000 0.015518 -0.709898 0.704087 0.006847     0.000000 0.000000 0.000000 0.000000 0.000000 0.000000 0.000000     0.595861 0.025722 0.073119 0.112371 -0.550790 0.777533 0.281826     0.594721 0.026241 0.072890 0.114547 -0.550397 0.777662 0.281397     0.005000 -0.010000 -0.000000 0.999848 -0.015815 0.006131 -0.004109     0.601000 0.016000 0.073000 0.100035 -0.547560 0.784824 0.272401     0.600358 0.016069 0.072931 0.102633 -0.547147 0.784418 0.273468     
0.596000 0.014000 0.063000 0.000000 -0.707100 0.707100 0.000000     0.591000 0.024000 0.066500 0.016043 0.715192 -0.698523 0.016997     0.000000 0.000000 0.000000 0.000000 0.000000 0.000000 0.000000     0.595932 0.026582 0.076400 0.084526 -0.559144 0.784398 0.254782     0.594495 0.026988 0.076268 0.085734 -0.558915 0.784457 0.254739     0.005000 -0.010000 -0.003500 0.999657 0.023364 0.000675 -0.011787     0.601000 0.016000 0.073000 0.100035 -0.547560 0.784824 0.272401     0.600353 0.016127 0.072955 0.102408 -0.547210 0.784463 0.273298     
0.596000 0.014000 0.063000 0.000000 -0.707100 0.707100 0.000000     0.596000 0.004000 0.059500 0.006099 0.702181 -0.711804 0.014869     0.000000 0.000000 0.000000 0.000000 0.000000 0.000000 0.000000     0.600905 0.006229 0.069499 0.098621 -0.545308 0.791849 0.256647     0.599622 0.006994 0.069467 0.099183 -0.545626 0.791564 0.256674     -0.000000 0.010000 0.003500 0.999848 0.014827 0.006201 0.006805     0.601000 0.016000 0.073000 0.100035 -0.547560 0.784824 0.272401     0.599704 0.016745 0.072946 0.101906 -0.547157 0.784789 0.272654     
0.596000 0.014000 0.063000 0.000000 -0.707100 0.707100 0.000000     0.596000 0.004000 0.063000 0.004218 -0.707142 0.707004 0.007639     0.000000 0.000000 0.000000 0.000000 0.000000 0.000000 0.000000     0.601048 0.005833 0.073008 0.102697 -0.546118 0.782699 0.280305     0.599795 0.006644 0.072876 0.103362 -0.545904 0.782873 0.280025     -0.000000 0.010000 -0.000000 0.999962 -0.008384 -0.002418 -0.000097     0.601000 0.016000 0.073000 0.100035 -0.547560 0.784824 0.272401     0.599715 0.016762 0.072925 0.101314 -0.547278 0.784805 0.272587     
0.596000 0.014000 0.063000 0.000000 -0.707100 0.707100 0.000000     0.596000 0.004000 0.066500 0.007857 -0.695443 0.718273 -0.019049     0.000000 0.000000 0.000000 0.000000 0.000000 0.000000 0.000000     0.600681 0.006003 0.076653 0.114996 -0.540677 0.793647 0.254064     0.599507 0.006834 0.076234 0.115929 -0.540530 0.793719 0.253767     -0.000000 0.010000 -0.003500 0.999657 0.007914 0.019026 0.016144     0.601000 0.016000 0.073000 0.100035 -0.547560 0.784824 0.272401     0.600514 0.016166 0.073120 0.102319 -0.547118 0.784364 0.273799     
0.596000 0.014000 0.063000 0.000000 -0.707100 0.707100 0.000000     0.596000 0.009000 0.059500 0.008736 0.699622 -0.713717 -0.032285     0.000000 0.000000 0.000000 0.000000 0.000000 0.000000 0.000000     0.601609 0.010565 0.069251 0.089042 -0.529837 0.788169 0.300189     0.600324 0.010943 0.069923 0.090277 -0.529550 0.787838 0.301229     -0.000000 0.005000 0.003500 0.999391 -0.016651 -0.029006 0.009967     0.601000 0.016000 0.073000 0.100035 -0.547560 0.784824 0.272401     0.599840 0.016804 0.072683 0.101658 -0.547337 0.785283 0.270958     
0.596000 0.014000 0.063000 0.000000 -0.707100 0.707100 0.000000     0.596000 0.009000 0.063000 0.008703 0.706777 -0.707369 0.000474     0.000000 0.000000 0.000000 0.000000 0.000000 0.000000 0.000000     0.601118 0.011125 0.072914 0.092025 -0.546274 0.787374 0.270442     0.599878 0.011944 0.073041 0.092698 -0.545970 0.787190 0.271397     -0.000000 0.005000 -0.000000 0.999962 0.006490 -0.005819 0.000419     0.601000 0.016000 0.073000 0.100035 -0.547560 0.784824 0.272401     0.599753 0.016814 0.072891 0.101140 -0.547190 0.784952 0.272403     
0.596000 0.014000 0.063000 0.000000 -0.707100 0.707100 0.000000     0.596000 0.009000 0.066500 -0.000000 0.707100 -0.707100 -0.000000     0.000000 0.000000 0.000000 0.000000 0.000000 0.000000 0.000000     0.601000 0.011000 0.076500 0.100035 -0.547560 0.784824 0.272401     0.599844 0.011818 0.076047 0.100654 -0.547355 0.784774 0.272765     -0.000000 0.005000 -0.003500 1.000000 -0.000000 0.000000 -0.000000     0.601000 0.016000 0.073000 0.100035 -0.547560 0.784824 0.272401     0.599743 0.016799 0.072887 0.101150 -0.547142 0.785031 0.272268     
0.596000 0.014000 0.063000 0.000000 -0.707100 0.707100 0.000000     0.596000 0.014000 0.059500 0.016680 -0.710294 0.703690 0.002132     0.000000 0.000000 0.000000 0.000000 0.000000 0.000000 0.000000     0.600775 0.015778 0.069651 0.114105 -0.552613 0.777495 0.277634     0.599640 0.016709 0.069348 0.116244 -0.552038 0.777718 0.277301     -0.000000 -0.000000 0.003500 0.999848 -0.013302 0.010287 -0.004670     0.601000 0.016000 0.073000 0.100035 -0.547560 0.784824 0.272401     0.599744 0.016811 0.072953 0.100978 -0.547199 0.784899 0.272600     
0.596000 0.014000 0.063000 0.000000 -0.707100 0.707100 0.000000     0.596000 0.014000 0.063000 0.031517 -0.698148 0.715191 -0.008909     0.000000 0.000000 0.000000 0.000000 0.000000 0.000000 0.000000     0.600461 0.015561 0.073328 0.134445 -0.543955 0.783731 0.267924     0.599257 0.016448 0.073360 0.134126 -0.544062 0.784089 0.266854     -0.000000 -0.000000 -0.000000 0.999391 -0.015987 0.028586 0.012051     0.601000 0.016000 0.073000 0.100035 -0.547560 0.784824 0.272401     0.599734 0.016787 0.073015 0.100709 -0.547205 0.784811 0.272938     
0.596000 0.014000 0.063000 0.000000 -0.707100 0.707100 0.000000     0.596000 0.014000 0.066500 0.003666 -0.707917 0.706230 -0.007829     0.000000 0.000000 0.000000 0.000000 0.000000 0.000000 0.000000     0.600832 0.016071 0.076568 0.104473 -0.550984 0.784130 0.265749     0.599409 0.016539 0.076651 0.105206 -0.550862 0.784632 0.264262     -0.000000 -0.000000 -0.003500 0.999962 0.002944 0.008128 -0.001193     0.601000 0.016000 0.073000 0.100035 -0.547560 0.784824 0.272401     0.599791 0.016859 0.072844 0.101228 -0.547171 0.785098 0.271989     
0.596000 0.014000 0.063000 0.000000 -0.707100 0.707100 0.000000     0.596000 0.019000 0.059500 0.004665 0.709862 -0.703477 -0.034290     0.000000 0.000000 0.000000 0.000000 0.000000 0.000000 0.000000     0.601529 0.020633 0.069286 0.088596 -0.541170 0.778923 0.304211     0.600365 0.021532 0.068992 0.090032 -0.540772 0.779081 0.304127     -0.000000 -0.005000 0.003500 0.999391 -0.020949 -0.027545 -0.004515     0.601000 0.016000 0.073000 0.100035 -0.547560 0.784824 0.272401     0.599800 0.016874 0.072822 0.100967 -0.547328 0.785317 0.271135     
0.596000 0.014000 0.063000 0.000000 -0.707100 0.707100 0.000000     0.596000 0.019000 0.063000 0.012611 -0.698620 0.715365 -0.002310     0.000000 0.000000 0.000000 0.000000 0.000000 0.000000 0.000000     0.600832 0.020737 0.073131 0.115514 -0.540329 0.788148 0.271115     0.599501 0.021356 0.073429 0.115959 -0.540213 0.788547 0.270032     -0.000000 -0.005000 -0.000000 0.999848 -0.007285 0.010551 0.011841     0.601000 0.016000 0.073000 0.100035 -0.547560 0.784824 0.272401     0.599746 0.016797 0.073038 0.100760 -0.547261 0.784749 0.272986     
0.596000 0.014000 0.063000 0.000000 -0.707100 0.707100 0.000000     0.596000 0.019000 0.066500 0.023774 -0.724437 0.688901 0.004621     0.000000 0.000000 0.000000 0.000000 0.000000 0.000000 0.000000     0.600630 0.020836 0.076708 0.114753 -0.568628 0.763763 0.283091     0.599311 0.021533 0.076853 0.114994 -0.568725 0.764204 0.281637     -0.000000 -0.005000 -0.003500 0.999391 -0.020079 0.013543 -0.025128     0.601000 0.016000 0.073000 0.100035 -0.547560 0.784824 0.272401     0.599752 0.016813 0.072876 0.101040 -0.547136 0.785184 0.271880     
0.596000 0.014000 0.063000 0.000000 -0.707100 0.707100 0.000000     0.596000 0.024000 0.059500 0.019982 -0.710789 0.702550 -0.028013     0.000000 0.000000 0.000000 0.000000 0.000000 0.000000 0.000000     0.600287 0.026169 0.069792 0.121912 -0.561611 0.779308 0.249778     0.598890 0.026692 0.069949 0.122691 -0.561517 0.779648 0.248585     -0.000000 -0.010000 0.003500 0.999391 0.005679 0.033938 -0.005826     0.601000 0.016000 0.073000 0.100035 -0.547560 0.784824 0.272401     0.600414 0.016132 0.072979 0.102406 -0.547129 0.784455 0.273484     
0.596000 0.014000 0.063000 0.000000 -0.707100 0.707100 0.000000     0.596000 0.024000 0.063000 0.021022 0.716983 -0.696732 -0.006185     0.000000 0.000000 0.000000 0.000000 0.000000 0.000000 0.000000     0.601318 0.026355 0.072756 0.075257 -0.554420 0.781496 0.276041     0.600131 0.027246 0.072739 0.076043 -0.554282 0.781283 0.276742     -0.000000 -0.010000 -0.000000 0.999657 0.010491 -0.019238 -0.014320     0.601000 0.016000 0.073000 0.100035 -0.547560 0.784824 0.272401     0.599780 0.016847 0.072810 0.101341 -0.547193 0.785148 0.271758     
0.596000 0.014000 0.063000 0.000000 -0.707100 0.707100 0.000000     0.596000 0.024000 0.066500 0.000585 0.704582 -0.709564 0.007962     0.000000 0.000000 0.000000 0.000000 0.000000 0.000000 0.000000     0.600910 0.026086 0.076527 0.101775 -0.546800 0.787847 0.264439     0.599778 0.027054 0.076451 0.102878 -0.546328 0.787605 0.265744     -0.000000 -0.010000 -0.003500 0.999962 0.006044 0.005217 0.003523     0.601000 0.016000 0.073000 0.100035 -0.547560 0.784824 0.272401     0.599748 0.016793 0.072919 0.101569 -0.547181 0.784736 0.272885     
0.596000 0.014000 0.063000 0.000000 -0.707100 0.707100 0.000000     0.601000 0.004000 0.059500 0.003180 -0.712339 0.701807 0.003254     0.000000 0.000000 0.000000 0.000000 0.000000 0.000000 0.000000     0.605971 0.005983 0.069518 0.100452 -0.552914 0.779483 0.276735     0.604653 0.006516 0.069995 0.102082 -0.552674 0.779925 0.275406     -0.005000 0.010000 0.003500 0.999962 -0.004549 -0.000052 -0.007447     0.601000 0.016000 0.073000 0.100035 -0.547560 0.784824 0.272401     0.599795 0.016785 0.072579 0.101528 -0.547257 0.785283 0.271168     
0.596000 0.014000 0.063000 0.000000 -0.707100 0.707100 0.000000     0.601000 0.004000 0.063000 0.007397 0.710308 -0.703838 0.000706     0.000000 0.000000 0.000000 0.000000 0.000000 0.000000 0.000000     0.606075 0.006160 0.072928 0.091934 -0.550414 0.784323 0.270942     0.605039 0.007162 0.072520 0.093022 -0.550093 0.784566 0.270558     -0.005000 0.010000 -0.000000 0.999962 0.005730 -0.004731 -0.004576     0.601000 0.016000 0.073000 0.100035 -0.547560 0.784824 0.272401     0.599750 0.016817 0.072954 0.101147 -0.547156 0.784907 0.272600     
0.596000 0.014000 0.063000 0.000000 -0.707100 0.707100 0.000000     0.601000 0.004000 0.066500 0.000145 0.703390 -0.710756 0.007000     0.000000 0.000000 0.000000 0.000000 0.000000 0.000000 0.000000     0.605924 0.006050 0.076528 0.102487 -0.545277 0.788537 0.265250     0.604766 0.006924 0.076163 0.104209 -0.544862 0.788551 0.265431     -0.005000 0.010000 -0.003500 0.999962 0.005053 0.004847 0.005208     0.601000 0.016000 0.073000 0.100035 -0.547560 0.784824 0.272401     0.599722 0.016775 0.072973 0.101262 -0.547266 0.784632 0.273127     
0.596000 0.014000 0.063000 0.000000 -0.707100 0.707100 0.000000     0.601000 0.009000 0.059500 0.007854 -0.711780 0.701936 0.023981     0.000000 0.000000 0.000000 0.000000 0.000000 0.000000 0.000000     0.606202 0.010622 0.069465 0.101480 -0.547477 0.775753 0.296916     0.602645 0.012640 0.069944 0.104311 -0.546177 0.779630 0.288073     -0.005000 0.005000 0.003500 0.999657 -0.022511 -0.011404 -0.006961     0.601000 0.016000 0.073000 0.100035 -0.547560 0.784824 0.272401     0.599742 0.016788 0.072852 0.101898 -0.547034 0.784813 0.272835     
0.596000 0.014000 0.063000 0.000000 -0.707100 0.707100 0.000000     0.601000 0.009000 0.063000 0.017279 0.708673 -0.705311 -0.000593     0.000000 0.000000 0.000000 0.000000 0.000000 0.000000 0.000000     0.606240 0.011258 0.072820 0.082993 -0.547080 0.787881 0.270257     0.604879 0.011812 0.072549 0.084937 -0.546847 0.788074 0.269598     -0.005000 0.005000 -0.000000 0.999848 0.011799 -0.012638 -0.002377     0.601000 0.016000 0.073000 0.100035 -0.547560 0.784824 0.272401     0.600423 0.016113 0.072936 0.102436 -0.547169 0.784501 0.273259     
0.596000 0.014000 0.063000 0.000000 -0.707100 0.707100 0.000000     0.601000 0.009000 0.066500 0.010564 -0.716232 0.697753 -0.004716     0.000000 0.000000 0.000000 0.000000 0.000000 0.000000 0.000000     0.605730 0.011044 0.076622 0.107204 -0.560261 0.775343 0.270996     0.605514 0.011093 0.076323 0.109712 -0.559916 0.774389 0.273459     -0.005000 0.005000 -0.003500 0.999848 -0.004135 0.010805 -0.013067     0.601000 0.016000 0.073000 0.100035 -0.547560 0.784824 0.272401     0.599855 0.016857 0.072729 0.101865 -0.547298 0.785192 0.271225     
0.596000 0.014000 0.063000 0.000000 -0.707100 0.707100 0.000000     0.601000 0.014000 0.059500 0.018246 -0.718418 0.695297 -0.009220     0.000000 0.000000 0.000000 0.000000 0.000000 0.000000 0.000000     0.605541 0.016027 0.069711 0.114284 -0.564855 0.771922 0.268318     0.602758 0.016859 0.069867 0.115237 -0.564626 0.772103 0.267908     -0.005000 -0.000000 0.003500 0.999657 -0.006382 0.019422 -0.016349     0.601000 0.016000 0.073000 0.100035 -0.547560 0.784824 0.272401     0.599729 0.016772 0.072820 0.101592 -0.547211 0.784986 0.272095     
0.596000 0.014000 0.063000 0.000000 -0.707100 0.707100 0.000000     0.601000 0.014000 0.063000 0.021370 -0.724097 0.689242 0.012403     0.000000 0.000000 0.000000 0.000000 0.000000 0.000000 0.000000     0.605779 0.015760 0.073152 0.111313 -0.565908 0.763711 0.289971     0.604462 0.016453 0.073009 0.112541 -0.565520 0.763621 0.290524     -0.005000 -0.000000 -0.000000 0.999391 -0.023881 0.006341 -0.024647     0.601000 0.016000 0.073000 0.100035 -0.547560 0.784824 0.272401     0.599731 0.016773 0.072828 0.101264 -0.547259 0.785129 0.271710     
0.596000 0.014000 0.063000 0.000000 -0.707100 0.707100 0.000000     0.601000 0.014000 0.066500 0.011262 0.699344 -0.714372 0.021106     0.000000 0.000000 0.000000 0.000000 0.000000 0.000000 0.000000     0.605907 0.016352 0.076469 0.095825 -0.543218 0.795912 0.249471     0.604897 0.017291 0.075944 0.097021 -0.543255 0.796317 0.247668     -0.005000 -0.000000 -0.003500 0.999657 0.022888 0.006961 0.010626     0.601000 0.016000 0.073000 0.100035 -0.547560 0.784824 0.272401     0.599753 0.016825 0.073026 0.100943 -0.547299 0.784787 0.272734     
0.596000 0.014000 0.063000 0.000000 -0.707100 0.707100 0.000000     0.601000 0.019000 0.059500 -0.000000 0.707100 -0.707100 -0.000000     0.000000 0.000000 0.000000 0.000000 0.000000 0.000000 0.000000     0.606000 0.021000 0.069500 0.100035 -0.547560 0.784824 0.272401     0.603724 0.021321 0.069601 0.101135 -0.547190 0.784703 0.273124     -0.005000 -0.005000 0.003500 1.000000 0.000000 0.000000 -0.000000     0.601000 0.016000 0.073000 0.100035 -0.547560 0.784824 0.272401     0.599910 0.016735 0.072824 0.101274 -0.547352 0.785421 0.270671     
0.596000 0.014000 0.063000 0.000000 -0.707100 0.707100 0.000000     0.601000 0.019000 0.063000 0.007691 -0.724120 0.689595 0.005486     0.000000 0.000000 0.000000 0.000000 0.000000 0.000000 0.000000     0.605870 0.021054 0.073053 0.099677 -0.566025 0.768494 0.281209     0.604529 0.021688 0.073230 0.100408 -0.565750 0.768505 0.281504     -0.005000 -0.005000 -0.000000 0.999657 -0.009318 0.001560 -0.024413     0.601000 0.016000 0.073000 0.100035 -0.547560 0.784824 0.272401     0.599815 0.016907 0.072936 0.100977 -0.547233 0.785041 0.272120     
0.596000 0.014000 0.063000 0.000000 -0.707100 0.707100 0.000000     0.601000 0.019000 0.066500 0.007521 0.704122 -0.710024 0.001471     0.000000 0.000000 0.000000 0.000000 0.000000 0.000000 0.000000     0.606102 0.021085 0.076431 0.094328 -0.543734 0.789239 0.269326     0.604750 0.021715 0.076277 0.096150 -0.543018 0.789420 0.269635     -0.005000 -0.005000 -0.003500 0.999962 0.006359 -0.004278 0.004174     0.601000 0.016000 0.073000 0.100035 -0.547560 0.784824 0.272401     0.599757 0.016823 0.073018 0.100813 -0.547316 0.784775 0.272782     
0.596000 0.014000 0.063000 0.000000 -0.707100 0.707100 0.000000     0.601000 0.024000 0.059500 0.012872 -0.714624 0.699361 0.004734     0.000000 0.000000 0.000000 0.000000 0.000000 0.000000 0.000000     0.605843 0.025856 0.069605 0.108413 -0.556269 0.774828 0.280059     0.604716 0.026582 0.070268 0.108695 -0.556176 0.774620 0.280745     -0.005000 -0.010000 0.003500 0.999848 -0.012449 0.005755 -0.010793     0.601000 0.016000 0.073000 0.100035 -0.547560 0.784824 0.272401     0.599830 0.016913 0.072929 0.100855 -0.547174 0.784799 0.272983     
0.596000 0.014000 0.063000 0.000000 -0.707100 0.707100 0.000000     0.601000 0.024000 0.063000 0.002877 0.715296 -0.698689 0.012586     0.000000 0.000000 0.000000 0.000000 0.000000 0.000000 0.000000     0.605812 0.026334 0.073020 0.096222 -0.559656 0.780566 0.261194     0.604501 0.026954 0.072725 0.096534 -0.559858 0.780290 0.261512     -0.005000 -0.010000 -0.000000 0.999848 0.010934 0.006865 -0.011743     0.601000 0.016000 0.073000 0.100035 -0.547560 0.784824 0.272401     0.599775 0.016854 0.072968 0.101195 -0.547131 0.784969 0.272453     
0.596000 0.014000 0.063000 0.000000 -0.707100 0.707100 0.000000     0.601000 0.024000 0.066500 -0.000000 0.707100 -0.707100 -0.000000     0.000000 0.000000 0.000000 0.000000 0.000000 0.000000 0.000000     0.606000 0.026000 0.076500 0.100035 -0.547560 0.784824 0.272401     0.604723 0.026782 0.076483 0.101675 -0.547160 0.784887 0.272453     -0.005000 -0.010000 -0.003500 1.000000 -0.000000 -0.000000 0.000000     0.601000 0.016000 0.073000 0.100035 -0.547560 0.784824 0.272401     0.599766 0.016838 0.073006 0.101234 -0.547138 0.784882 0.272675     
0.596000 0.014000 0.063000 0.000000 -0.707100 0.707100 0.000000     0.606000 0.004000 0.059500 0.005347 0.709359 -0.704625 -0.016272     0.000000 0.000000 0.000000 0.000000 0.000000 0.000000 0.000000     0.611291 0.005881 0.069373 0.091340 -0.545167 0.782296 0.287128     0.608737 0.006979 0.069844 0.091959 -0.545021 0.782878 0.285652     -0.010000 0.010000 0.003500 0.999848 -0.007725 -0.015287 -0.003348     0.601000 0.016000 0.073000 0.100035 -0.547560 0.784824 0.272401     0.599836 0.016910 0.072757 0.101161 -0.547263 0.785312 0.271209     
0.596000 0.014000 0.063000 0.000000 -0.707100 0.707100 0.000000     0.606000 0.004000 0.063000 0.000945 0.702799 -0.711347 0.006223     0.000000 0.000000 0.000000 0.000000 0.000000 0.000000 0.000000     0.610950 0.006041 0.073017 0.101831 -0.544319 0.789111 0.265764     0.609623 0.006738 0.073038 0.103487 -0.544227 0.789244 0.264956     -0.010000 0.010000 -0.000000 0.999962 0.005069 0.003732 0.006044     0.601000 0.016000 0.073000 0.100035 -0.547560 0.784824 0.272401     0.599768 0.016813 0.072803 0.101508 -0.547002 0.785342 0.271518     
0.596000 0.014000 0.063000 0.000000 -0.707100 0.707100 0.000000     0.606000 0.004000 0.066500 -0.000000 0.707100 -0.707100 -0.000000     0.000000 0.000000 0.000000 0.000000 0.000000 0.000000 0.000000     0.611000 0.006000 0.076500 0.100035 -0.547560 0.784824 0.272401     0.609702 0.006702 0.076234 0.101005 -0.547398 0.785016 0.271853     -0.010000 0.010000 -0.003500 1.000000 0.000000 0.000000 0.000000     0.601000 0.016000 0.073000 0.100035 -0.547560 0.784824 0.272401     0.599736 0.016797 0.073027 0.101194 -0.547082 0.784870 0.272838     
0.596000 0.014000 0.063000 0.000000 -0.707100 0.707100 0.000000     0.606000 0.009000 0.059500 0.000189 -0.704148 0.709568 -0.025894     0.000000 0.000000 0.000000 0.000000 0.000000 0.000000 0.000000     0.610646 0.011329 0.069599 0.105567 -0.551207 0.789760 0.247560     0.610479 0.011500 0.069674 0.107717 -0.550775 0.789414 0.248737     -0.010000 0.005000 0.003500 0.999657 0.018176 0.018444 0.003832     0.601000 0.016000 0.073000 0.100035 -0.547560 0.784824 0.272401     0.599737 0.016793 0.072963 0.101076 -0.547228 0.784944 0.272375     
0.596000 0.014000 0.063000 0.000000 -0.707100 0.707100 0.000000     0.606000 0.009000 0.063000 0.008841 0.723786 -0.689552 0.023533     0.000000 0.000000 0.000000 0.000000 0.000000 0.000000 0.000000     0.610678 0.011692 0.072993 0.088998 -0.571345 0.776288 0.251002     0.609338 0.012332 0.072800 0.090654 -0.571041 0.776758 0.249682     -0.010000 0.005000 -0.000000 0.999391 0.022892 0.010389 -0.024207     0.601000 0.016000 0.073000 0.100035 -0.547560 0.784824 0.272401     0.599778 0.016864 0.073017 0.101186 -0.547078 0.784981 0.272530     
0.596000 0.014000 0.063000 0.000000 -0.707100 0.707100 0.000000     0.606000 0.009000 0.066500 0.033666 0.704046 -0.709292 -0.008415     0.000000 0.000000 0.000000 0.000000 0.000000 0.000000 0.000000     0.611600 0.011311 0.076107 0.067854 -0.537996 0.794217 0.274145     0.610330 0.012042 0.075793 0.068981 -0.537636 0.794379 0.274136     -0.010000 0.005000 -0.003500 0.999391 0.017855 -0.029756 0.003710     0.601000 0.016000 0.073000 0.100035 -0.547560 0.784824 0.272401     0.599797 0.016870 0.073075 0.100396 -0.547385 0.784762 0.272835     
0.596000 0.014000 0.063000 0.000000 -0.707100 0.707100 0.000000     0.606000 0.014000 0.059500 0.001401 0.700996 -0.713151 -0.000562     0.000000 0.000000 0.000000 0.000000 0.000000 0.000000 0.000000     0.611061 0.015925 0.069484 0.100957 -0.540475 0.789801 0.271826     0.608921 0.016786 0.069911 0.102550 -0.540040 0.789635 0.272613     -0.010000 -0.000000 0.003500 0.999962 0.000593 -0.001389 0.008595     0.601000 0.016000 0.073000 0.100035 -0.547560 0.784824 0.272401     0.599789 0.016875 0.072902 0.101465 -0.547170 0.785004 0.272173     
0.596000 0.014000 0.063000 0.000000 -0.707100 0.707100 0.000000     0.606000 0.014000 0.063000 0.005102 0.707734 -0.706413 0.007017     0.000000 0.000000 0.000000 0.000000 0.000000 0.000000 0.000000     0.610969 0.016181 0.072978 0.096146 -0.549498 0.786482 0.265017     0.609622 0.016837 0.073002 0.097793 -0.549242 0.786593 0.264653     -0.010000 -0.000000 -0.000000 0.999962 0.008570 0.001354 -0.000934     0.601000 0.016000 0.073000 0.100035 -0.547560 0.784824 0.272401     0.599742 0.016808 0.072993 0.101607 -0.547159 0.784835 0.272630     
0.596000 0.014000 0.063000 0.000000 -0.707100 0.707100 0.000000     0.606000 0.014000 0.066500 -0.000000 0.707100 -0.707100 -0.000000     0.000000 0.000000 0.000000 0.000000 0.000000 0.000000 0.000000     0.611000 0.016000 0.076500 0.100035 -0.547560 0.784824 0.272401     0.610813 0.016045 0.076185 0.102181 -0.547330 0.784497 0.273045     -0.010000 -0.000000 -0.003500 1.000000 -0.000000 -0.000000 -0.000000     0.601000 0.016000 0.073000 0.100035 -0.547560 0.784824 0.272401     0.599758 0.016817 0.072839 0.101483 -0.547401 0.784957 0.271836     
0.596000 0.014000 0.063000 0.000000 -0.707100 0.707100 0.000000     0.606000 0.019000 0.059500 0.003185 -0.700931 0.713053 -0.014865     0.000000 0.000000 0.000000 0.000000 0.000000 0.000000 0.000000     0.610778 0.021082 0.069591 0.107849 -0.545052 0.790371 0.258032     0.609161 0.021597 0.069787 0.109077 -0.544895 0.790191 0.258436     -0.010000 -0.005000 0.003500 0.999848 0.008259 0.012763 0.008572     0.601000 0.016000 0.073000 0.100035 -0.547560 0.784824 0.272401     0.600011 0.016751 0.072913 0.102212 -0.547078 0.784969 0.272180     
0.596000 0.014000 0.063000 0.000000 -0.707100 0.707100 0.000000     0.606000 0.019000 0.063000 0.007037 -0.710720 0.703426 -0.000186     0.000000 0.000000 0.000000 0.000000 0.000000 0.000000 0.000000     0.610877 0.020954 0.073070 0.105287 -0.552493 0.780140 0.273913     0.609609 0.021700 0.072864 0.106748 -0.551967 0.780103 0.274550     -0.010000 -0.005000 -0.000000 0.999962 -0.004845 0.005107 -0.005157     0.601000 0.016000 0.073000 0.100035 -0.547560 0.784824 0.272401     0.599740 0.016809 0.072982 0.101264 -0.547158 0.784910 0.272545     
0.596000 0.014000 0.063000 0.000000 -0.707100 0.707100 0.000000     0.606000 0.019000 0.066500 0.001632 0.688059 -0.725280 0.022860     0.000000 0.000000 0.000000 0.000000 0.000000 0.000000 0.000000     0.610806 0.021090 0.076576 0.109441 -0.532392 0.801973 0.247791     0.609481 0.021746 0.076341 0.111099 -0.532334 0.802110 0.246775     -0.010000 -0.005000 -0.003500 0.999391 0.017319 0.015011 0.026319     0.601000 0.016000 0.073000 0.100035 -0.547560 0.784824 0.272401     0.599765 0.016840 0.072958 0.101369 -0.547272 0.784765 0.272693     
0.596000 0.014000 0.063000 0.000000 -0.707100 0.707100 0.000000     0.606000 0.024000 0.059500 -0.000000 0.707100 -0.707100 -0.000000     0.000000 0.000000 0.000000 0.000000 0.000000 0.000000 0.000000     0.611000 0.026000 0.069500 0.100035 -0.547560 0.784824 0.272401     0.609250 0.026560 0.069830 0.100271 -0.547509 0.784852 0.272372     -0.010000 -0.010000 0.003500 1.000000 -0.000000 0.000000 -0.000000     0.601000 0.016000 0.073000 0.100035 -0.547560 0.784824 0.272401     0.600056 0.016727 0.072665 0.101185 -0.547250 0.785516 0.270637     
0.596000 0.014000 0.063000 0.000000 -0.707100 0.707100 0.000000     0.606000 0.024000 0.063000 0.005126 -0.704839 0.709307 -0.006316     0.000000 0.000000 0.000000 0.000000 0.000000 0.000000 0.000000     0.610850 0.025986 0.073076 0.106781 -0.547348 0.785944 0.266984     0.609513 0.026656 0.073005 0.107760 -0.547233 0.785936 0.266887     -0.010000 -0.010000 -0.000000 0.999962 0.000841 0.008091 0.003159     0.601000 0.016000 0.073000 0.100035 -0.547560 0.784824 0.272401     0.599753 0.016825 0.072962 0.101088 -0.547206 0.784921 0.272480     
0.596000 0.014000 0.063000 0.000000 -0.707100 0.707100 0.000000     0.606000 0.024000 0.066500 0.027538 0.691510 -0.721828 0.000204     0.000000 0.000000 0.000000 0.000000 0.000000 0.000000 0.000000     0.611471 0.026162 0.076216 0.079903 -0.527099 0.803362 0.265279     0.610963 0.026120 0.076155 0.082233 -0.526871 0.802989 0.266181     -0.010000 -0.010000 -0.003500 0.999391 0.019616 -0.019328 0.021438     0.601000 0.016000 0.073000 0.100035 -0.547560 0.784824 0.272401     0.599934 0.016848 0.072812 0.100742 -0.547356 0.785567 0.270438     
