0.596000 0.014000 0.063000 0.000000 -0.707100 0.707100 0.000000     0.596000 0.014000 0.063000 -0.000000 0.707100 -0.707100 -0.000000     -0.000187 -0.000443 -0.000132 0.999961 0.000000 0.000000 0.000000     0.601000 0.016000 0.073000 0.100035 -0.547560 0.784824 0.272401     0.601393 0.015479 0.072314 0.100055 -0.547563 0.784826 0.272419     -0.000685 -0.000441 -0.000667 1.000000 0.000077 -0.000255 -0.000012     0.600310 0.015558 0.072336 0.100280 -0.547612 0.784784 0.272321     0.599301 0.016630 0.072248 0.100531 -0.547606 0.784627 0.272731     
0.596000 0.014000 0.063000 0.000000 -0.707100 0.707100 0.000000     0.586000 0.004000 0.059500 0.007188 0.703607 -0.710539 -0.000676     -0.010456 -0.009699 -0.003456 0.999923 -0.004604 0.005561 -0.004901     0.591131 0.006042 0.069425 0.094480 -0.542638 0.789289 0.271332     0.590917 0.006044 0.069508 0.095518 -0.542344 0.789119 0.272086     0.009745 0.008483 0.002637 0.999965 0.001187 -0.006651 0.005030     0.600722 0.014552 0.072134 0.099006 -0.548281 0.785581 0.269126     0.599593 0.015498 0.071865 0.099624 -0.548239 0.785395 0.269563     
0.596000 0.014000 0.063000 0.000000 -0.707100 0.707100 0.000000     0.586000 0.004000 0.063000 0.002965 0.703472 -0.710674 -0.006436     -0.010676 -0.009554 -0.000120 0.999923 0.002454 0.006647 -0.005093     0.591152 0.005899 0.072942 0.097545 -0.541485 0.787579 0.277447     0.590837 0.006083 0.072895 0.098712 -0.541283 0.787503 0.277684     0.009697 0.009230 -0.000543 0.999934 -0.002027 -0.009181 0.006659     0.600640 0.015237 0.072484 0.101824 -0.549439 0.783588 0.271511     0.599440 0.016098 0.072253 0.102436 -0.549264 0.783491 0.271954     
0.596000 0.014000 0.063000 0.000000 -0.707100 0.707100 0.000000     0.586000 0.004000 0.066500 0.014522 -0.696051 0.717664 0.015517     -0.010352 -0.009567 0.003159 0.999618 0.021240 0.000703 -0.015283     0.591066 0.005420 0.076566 0.115242 -0.533061 0.787208 0.287834     0.590900 0.005467 0.076288 0.117036 -0.532683 0.786998 0.288419     0.011097 0.007160 -0.001167 0.999683 -0.018361 -0.007765 0.015366     0.601955 0.013102 0.075414 0.107108 -0.549340 0.783158 0.270921     0.600579 0.013672 0.075571 0.107521 -0.549257 0.783165 0.270939     
0.596000 0.014000 0.063000 0.000000 -0.707100 0.707100 0.000000     0.586000 0.009000 0.059500 0.002768 0.711679 -0.702468 0.005106     -0.010352 -0.004610 -0.003925 0.999923 -0.005567 -0.001653 0.006513     0.590940 0.011176 0.069493 0.096505 -0.553658 0.782579 0.267768     0.590820 0.011321 0.069245 0.096892 -0.553577 0.782552 0.267912     0.010057 0.004760 0.003953 0.999959 0.006989 -0.000881 -0.005649     0.601002 0.015740 0.073484 0.102573 -0.548776 0.783718 0.272193     0.599795 0.016596 0.073350 0.103083 -0.548600 0.783624 0.272664     
0.596000 0.014000 0.063000 0.000000 -0.707100 0.707100 0.000000     0.586000 0.009000 0.063000 0.007010 0.704558 -0.709588 0.003790     -0.010445 -0.004507 -0.000229 0.999923 -0.007636 0.002277 -0.003557     0.591060 0.011117 0.072946 0.095031 -0.544891 0.789050 0.267289     0.590795 0.011220 0.072824 0.096900 -0.544532 0.788778 0.268188     0.010702 0.003949 -0.000006 0.999922 0.008233 -0.007212 0.006029     0.601593 0.014961 0.073045 0.103589 -0.550751 0.782817 0.270407     0.600411 0.015820 0.072727 0.104137 -0.550616 0.782932 0.270176     
0.596000 0.014000 0.063000 0.000000 -0.707100 0.707100 0.000000     0.586000 0.009000 0.066500 0.003262 0.711520 -0.702627 0.005096     -0.009991 -0.005612 0.003553 0.999923 -0.005910 -0.001297 0.006288     0.590948 0.011181 0.076488 0.096100 -0.553419 0.782831 0.267672     0.591135 0.010473 0.076476 0.096545 -0.553704 0.782444 0.268090     0.010031 0.005142 -0.001800 0.999970 0.004409 -0.003627 -0.005203     0.600928 0.016183 0.074742 0.102769 -0.549877 0.784158 0.268608     0.600229 0.016494 0.074615 0.105046 -0.549333 0.784198 0.268761     
0.596000 0.014000 0.063000 0.000000 -0.707100 0.707100 0.000000     0.586000 0.014000 0.059500 0.008995 0.723741 -0.689597 -0.023540     -0.010443 0.000280 -0.003376 0.999352 0.010285 0.023005 0.024143     0.591358 0.016046 0.069303 0.080974 -0.558879 0.770625 0.295320     0.591188 0.016045 0.069399 0.081874 -0.558703 0.770381 0.296077     0.009163 0.001349 0.002451 0.999364 -0.011451 -0.025362 -0.022321     0.600109 0.017393 0.071969 0.100658 -0.549740 0.783938 0.270326     0.598811 0.018019 0.071869 0.101719 -0.549527 0.784599 0.268475     
0.596000 0.014000 0.063000 0.000000 -0.707100 0.707100 0.000000     0.586000 0.014000 0.063000 0.004990 0.703484 -0.710662 0.005049     -0.010488 0.000249 -0.000329 0.999923 -0.007098 -0.000042 -0.005075     0.591020 0.016091 0.072971 0.097559 -0.544277 0.789503 0.266289     0.590858 0.016176 0.072843 0.099195 -0.544133 0.789022 0.267438     0.010943 -0.000820 0.000831 0.999927 0.008489 -0.005844 0.006329     0.601820 0.015163 0.073895 0.105102 -0.549962 0.783170 0.270408     0.600490 0.015792 0.073622 0.106602 -0.549611 0.783699 0.269035     
0.596000 0.014000 0.063000 0.000000 -0.707100 0.707100 0.000000     0.586000 0.014000 0.066500 0.005212 -0.710958 0.703189 -0.004337     -0.010943 0.000444 0.003351 0.999923 0.000618 -0.006752 0.005493     0.590842 0.016042 0.076569 0.104172 -0.553628 0.780942 0.269729     0.590190 0.016347 0.076426 0.105399 -0.553389 0.781062 0.269432     0.011732 -0.001700 -0.001855 0.999993 -0.002166 -0.000148 -0.003012     0.602584 0.014356 0.074707 0.103900 -0.551538 0.783173 0.267639     0.601164 0.014834 0.074719 0.104916 -0.551439 0.783612 0.266195     
0.596000 0.014000 0.063000 0.000000 -0.707100 0.707100 0.000000     0.586000 0.019000 0.059500 0.009011 -0.722289 0.691050 -0.025472     -0.010045 0.005037 -0.003672 0.999352 -0.011639 -0.024382 0.022089     0.590409 0.021443 0.069678 0.106719 -0.572369 0.772982 0.251959     0.590627 0.021381 0.069688 0.107427 -0.572346 0.772283 0.253887     0.009906 -0.006775 0.004356 0.999625 0.007657 0.016827 -0.020216     0.600748 0.014326 0.073913 0.103149 -0.551471 0.784130 0.265257     0.599411 0.014958 0.073763 0.103853 -0.551533 0.783895 0.265583     
0.596000 0.014000 0.063000 0.000000 -0.707100 0.707100 0.000000     0.586000 0.019000 0.063000 0.007998 0.708907 -0.705239 0.002335     -0.010662 0.005286 -0.000245 0.999923 -0.007307 0.004004 0.002593     0.591069 0.021172 0.072929 0.092181 -0.549215 0.785765 0.269108     0.590683 0.021157 0.072872 0.094111 -0.549331 0.785183 0.269937     0.011376 -0.006752 0.000893 0.999961 0.005330 -0.007028 -0.000380     0.602307 0.014309 0.073915 0.100729 -0.550294 0.783861 0.269391     0.601066 0.015085 0.073601 0.101692 -0.550208 0.783627 0.269924     
0.596000 0.014000 0.063000 0.000000 -0.707100 0.707100 0.000000     0.586000 0.019000 0.066500 0.008099 -0.709390 0.703948 -0.033728     -0.009999 0.005271 0.002932 0.999352 -0.018122 -0.029575 0.003848     0.590385 0.021402 0.076698 0.112214 -0.560116 0.784217 0.242203     0.590516 0.021197 0.076204 0.113853 -0.560022 0.783662 0.243488     0.009072 -0.005727 0.000270 0.999643 0.012012 0.023682 -0.003117     0.599950 0.015404 0.076803 0.101085 -0.550387 0.785431 0.264451     0.598550 0.015889 0.077029 0.103172 -0.550042 0.785469 0.264288     
0.596000 0.014000 0.063000 0.000000 -0.707100 0.707100 0.000000     0.586000 0.024000 0.059500 0.002037 -0.706138 0.708008 0.008382     -0.010800 0.010541 -0.003664 0.999923 0.007367 0.004487 -0.001323     0.591095 0.025839 0.069483 0.100904 -0.544542 0.783961 0.280497     0.590557 0.026156 0.069301 0.102846 -0.544023 0.784098 0.280450     0.010897 -0.011252 0.003045 0.999944 -0.005710 -0.007918 0.004172     0.601817 0.014743 0.072585 0.102826 -0.550579 0.782447 0.272115     0.600521 0.015495 0.072568 0.104255 -0.550282 0.782605 0.271755     
0.596000 0.014000 0.063000 0.000000 -0.707100 0.707100 0.000000     0.586000 0.024000 0.063000 0.004698 0.701930 -0.712216 0.001089     -0.009879 0.009695 -0.000076 0.999923 -0.004092 0.002552 -0.007273     0.591080 0.026008 0.072958 0.097769 -0.541545 0.790146 0.269849     0.591245 0.025410 0.072895 0.099012 -0.542044 0.788898 0.272077     0.010043 -0.009710 0.001051 0.999952 0.000700 -0.006408 0.007374     0.600965 0.016358 0.074076 0.101216 -0.549006 0.785300 0.267640     0.600208 0.016730 0.073924 0.103589 -0.548657 0.785316 0.267439     
0.596000 0.014000 0.063000 0.000000 -0.707100 0.707100 0.000000     0.586000 0.024000 0.066500 0.012808 0.714682 -0.698657 0.030422     -0.010248 0.010087 0.003652 0.999352 -0.030567 -0.012455 0.011331     0.590697 0.026721 0.076476 0.089924 -0.562571 0.785222 0.242558     0.590621 0.026494 0.076682 0.091630 -0.562195 0.784468 0.245254     0.009211 -0.008611 -0.001105 0.999634 0.023046 0.008604 -0.011221     0.600135 0.017542 0.075401 0.098822 -0.549394 0.786431 0.264397     0.599839 0.017810 0.075039 0.101661 -0.549022 0.786103 0.265109     
0.596000 0.014000 0.063000 0.000000 -0.707100 0.707100 0.000000     0.591000 0.004000 0.059500 -0.000000 0.707100 -0.707100 -0.000000     -0.004796 -0.010037 -0.003740 0.999961 0.000000 0.000000 0.000000     0.596000 0.006000 0.069500 0.100035 -0.547560 0.784824 0.272401     0.596216 0.005248 0.069241 0.101452 -0.547874 0.783420 0.275308     0.003486 0.009054 0.003035 0.999987 -0.000418 0.004713 0.001650     0.599573 0.015079 0.072486 0.095656 -0.547606 0.784496 0.274815     0.598813 0.015435 0.072433 0.098676 -0.547194 0.784299 0.275167     
0.596000 0.014000 0.063000 0.000000 -0.707100 0.707100 0.000000     0.591000 0.004000 0.063000 0.007035 -0.711357 0.702628 -0.014731     -0.005414 -0.010107 -0.000137 0.999809 -0.005441 -0.015390 0.006173     0.595664 0.006169 0.073126 0.107437 -0.557058 0.781267 0.260279     0.595278 0.005882 0.072929 0.109432 -0.557410 0.780604 0.260723     0.004390 0.007999 0.000900 0.999845 0.003043 0.016507 -0.005262     0.600409 0.014056 0.073879 0.097589 -0.548237 0.785059 0.271246     0.600116 0.014254 0.073982 0.099812 -0.547913 0.784276 0.273385     
0.596000 0.014000 0.063000 0.000000 -0.707100 0.707100 0.000000     0.591000 0.004000 0.066500 0.021018 -0.696002 0.717714 -0.002790     -0.005383 -0.010127 0.003220 0.999618 0.012889 -0.016834 -0.015352     0.595715 0.005590 0.076710 0.124452 -0.538619 0.787767 0.271670     0.595693 0.005378 0.075965 0.125780 -0.539639 0.786487 0.272775     0.004443 0.007920 -0.002169 0.999687 -0.012154 0.016805 0.013992     0.600448 0.013892 0.074334 0.100827 -0.546421 0.785377 0.272804     0.599983 0.014043 0.074465 0.103006 -0.546071 0.784741 0.274551     
0.596000 0.014000 0.063000 0.000000 -0.707100 0.707100 0.000000     0.591000 0.009000 0.059500 0.000602 0.703419 -0.710727 0.007006     -0.005986 -0.004516 -0.003685 0.999923 -0.005379 -0.004528 -0.005168     0.595930 0.011056 0.069523 0.102047 -0.545255 0.788636 0.265173     0.595242 0.011350 0.069449 0.103472 -0.544981 0.788374 0.266000     0.005513 0.004464 0.001913 0.999975 0.003783 0.003877 0.004508     0.601502 0.015490 0.071413 0.099855 -0.547382 0.785551 0.270723     0.600911 0.015771 0.071388 0.102117 -0.546937 0.785346 0.271410     
0.596000 0.014000 0.063000 0.000000 -0.707100 0.707100 0.000000     0.591000 0.009000 0.063000 0.027522 -0.691857 0.721482 0.004656     -0.005325 -0.005505 -0.000160 0.999352 0.022753 -0.016168 -0.020947     0.595743 0.010335 0.073234 0.130828 -0.532914 0.788001 0.279144     0.595486 0.009727 0.073101 0.130809 -0.532935 0.788010 0.279124     0.003930 0.002580 0.001060 0.999272 -0.027379 0.016441 0.020862     0.599934 0.013673 0.074039 0.097364 -0.547958 0.786103 0.268857     0.598552 0.014225 0.074200 0.098553 -0.547792 0.786164 0.268622     
0.596000 0.014000 0.063000 0.000000 -0.707100 0.707100 0.000000     0.591000 0.009000 0.066500 0.000456 -0.701900 0.712084 0.015891     -0.005180 -0.004788 0.003209 0.999809 0.011559 0.010914 -0.007201     0.596244 0.010696 0.076431 0.099745 -0.537696 0.786591 0.286687     0.596313 0.010460 0.076211 0.101118 -0.537826 0.785741 0.288321     0.003984 0.005093 -0.001616 0.999876 -0.008987 -0.009947 0.008217     0.600000 0.016053 0.074884 0.100369 -0.547841 0.783659 0.275054     0.598850 0.016979 0.074671 0.101526 -0.547598 0.783413 0.275849     
0.596000 0.014000 0.063000 0.000000 -0.707100 0.707100 0.000000     0.591000 0.014000 0.059500 -0.000000 0.707100 -0.707100 -0.000000     -0.006075 0.000500 -0.003534 0.999961 0.000000 0.000000 0.000000     0.596000 0.016000 0.069500 0.100035 -0.547560 0.784824 0.272401     0.596089 0.016142 0.069405 0.101222 -0.547248 0.783953 0.275121     0.006054 -0.000504 0.002708 0.999984 0.002799 -0.003861 0.003169     0.601964 0.015471 0.072257 0.103733 -0.550809 0.781927 0.272797     0.600640 0.016174 0.072225 0.104705 -0.550572 0.782111 0.272415     
0.596000 0.014000 0.063000 0.000000 -0.707100 0.707100 0.000000     0.591000 0.014000 0.063000 0.008339 -0.706983 0.707163 -0.002568     -0.004992 -0.000428 -0.000354 0.999923 0.004080 -0.007712 -0.000127     0.595845 0.015917 0.073092 0.108353 -0.549132 0.782981 0.271358     0.596065 0.015434 0.073062 0.108347 -0.549121 0.783000 0.271365     0.003332 -0.000536 -0.000074 0.999985 -0.000419 0.004404 0.003168     0.599254 0.015421 0.072973 0.103813 -0.550455 0.781821 0.273787     0.598006 0.016224 0.072880 0.104150 -0.550381 0.781650 0.274330     
0.596000 0.014000 0.063000 0.000000 -0.707100 0.707100 0.000000     0.591000 0.014000 0.066500 0.008888 -0.696883 0.717102 0.004604     -0.005927 0.000771 0.003391 0.999809 0.009540 -0.003029 -0.014296     0.595992 0.015666 0.076565 0.111515 -0.536127 0.789631 0.276758     0.595395 0.016091 0.076453 0.112190 -0.535896 0.789704 0.276762     0.005683 -0.001739 -0.001997 0.999874 -0.005828 0.002425 0.014556     0.601671 0.014189 0.074523 0.102433 -0.547532 0.783611 0.275045     0.600351 0.014900 0.074583 0.104561 -0.546960 0.783735 0.275067     
0.596000 0.014000 0.063000 0.000000 -0.707100 0.707100 0.000000     0.591000 0.019000 0.059500 0.004992 0.710833 -0.703313 -0.004791     -0.005424 0.005110 -0.003758 0.999923 -0.000142 0.006918 0.005317     0.596116 0.021057 0.069429 0.093075 -0.549842 0.782613 0.276600     0.595991 0.021042 0.069351 0.094863 -0.549655 0.781977 0.278194     0.003530 -0.004477 0.003551 0.999967 -0.001703 -0.007623 -0.002137     0.599503 0.016592 0.073050 0.098693 -0.550419 0.783524 0.270867     0.598247 0.017294 0.072661 0.099774 -0.550211 0.783572 0.270792     
0.596000 0.014000 0.063000 0.000000 -0.707100 0.707100 0.000000     0.591000 0.019000 0.063000 0.007290 0.715223 -0.698762 -0.010769     -0.005540 0.005181 0.000143 0.999809 0.002460 0.012769 0.011639     0.596206 0.021070 0.072880 0.088174 -0.552887 0.778938 0.282447     0.595955 0.021130 0.072938 0.090069 -0.552533 0.778380 0.284112     0.005549 -0.006357 0.000813 0.999783 -0.003756 -0.017402 -0.010803     0.601453 0.014678 0.073853 0.102685 -0.549599 0.784269 0.268886     0.600123 0.015239 0.073810 0.103609 -0.549510 0.784888 0.266936     
0.596000 0.014000 0.063000 0.000000 -0.707100 0.707100 0.000000     0.591000 0.019000 0.066500 0.018815 0.712971 -0.700367 -0.028009     -0.005147 0.005078 0.003071 0.999352 0.006501 0.033109 0.008912     0.596616 0.020967 0.076174 0.075121 -0.544551 0.781007 0.296359     0.596834 0.020928 0.076004 0.076547 -0.544539 0.780027 0.298624     0.006423 -0.004559 -0.003115 0.999075 -0.008915 -0.041464 -0.007039     0.602249 0.016510 0.073457 0.104666 -0.551508 0.783646 0.266014     0.600924 0.017195 0.073586 0.105008 -0.551401 0.783782 0.265739     
0.596000 0.014000 0.063000 0.000000 -0.707100 0.707100 0.000000     0.591000 0.024000 0.059500 0.013549 -0.708743 0.705241 0.010718     -0.005797 0.010521 -0.003610 0.999809 0.017159 -0.002002 0.002476     0.595951 0.025680 0.069583 0.110312 -0.548248 0.778474 0.284979     0.595596 0.025940 0.069429 0.111391 -0.548008 0.778414 0.285220     0.003582 -0.010477 0.003040 0.999909 -0.013182 -0.002676 0.000427     0.599477 0.015473 0.072601 0.105037 -0.550748 0.781631 0.273271     0.598248 0.016218 0.072603 0.106245 -0.550730 0.782124 0.271459     
0.596000 0.014000 0.063000 0.000000 -0.707100 0.707100 0.000000     0.591000 0.024000 0.063000 0.015518 -0.709898 0.704087 0.006847     -0.005709 0.010290 -0.000048 0.999809 0.015814 -0.006131 0.004109     0.595861 0.025722 0.073119 0.112371 -0.550790 0.777533 0.281826     0.595446 0.025898 0.073022 0.113737 -0.550593 0.777367 0.282156     0.003762 -0.010504 0.001404 0.999884 -0.014343 0.003831 -0.003501     0.599713 0.015473 0.074433 0.102466 -0.548535 0.783844 0.272358     0.598370 0.016136 0.074455 0.104485 -0.548066 0.783988 0.272158     
0.596000 0.014000 0.063000 0.000000 -0.707100 0.707100 0.000000     0.591000 0.024000 0.066500 0.016043 0.715192 -0.698523 0.016997     -0.005211 0.010311 0.003123 0.999618 -0.023363 -0.000675 0.011786     0.595932 0.026582 0.076400 0.084526 -0.559144 0.784398 0.254782     0.595946 0.026703 0.076176 0.086005 -0.558924 0.784009 0.256001     0.004294 -0.010563 0.000772 0.999739 0.019038 -0.003380 -0.012208     0.600216 0.015520 0.077294 0.100910 -0.548674 0.785883 0.266726     0.598875 0.015943 0.077411 0.102369 -0.548736 0.786224 0.265069     
0.596000 0.014000 0.063000 0.000000 -0.707100 0.707100 0.000000     0.596000 0.004000 0.059500 0.006099 0.702181 -0.711804 0.014869     -0.000103 -0.010086 -0.003580 0.999809 -0.014826 -0.006201 -0.006805     0.600905 0.006229 0.069499 0.098621 -0.545308 0.791849 0.256647     0.601291 0.005500 0.068711 0.100304 -0.545651 0.790968 0.258019     -0.000918 0.008924 0.003019 0.999893 0.010291 0.005889 0.008542     0.600068 0.015032 0.072504 0.097366 -0.549488 0.785046 0.268823     0.598922 0.015787 0.071905 0.099001 -0.549329 0.785126 0.268352     
0.596000 0.014000 0.063000 0.000000 -0.707100 0.707100 0.000000     0.596000 0.004000 0.063000 0.004218 -0.707142 0.707004 0.007639     -0.000794 -0.009515 -0.000161 0.999923 0.008384 0.002418 0.000097     0.601048 0.005833 0.073008 0.102697 -0.546118 0.782699 0.280305     0.600877 0.005996 0.072607 0.103884 -0.545852 0.782555 0.280823     0.000153 0.007418 -0.000170 0.999982 -0.005645 -0.001800 0.000362     0.601164 0.013368 0.072834 0.100920 -0.547476 0.783885 0.274936     0.599802 0.013990 0.072925 0.102626 -0.547129 0.784109 0.274390     
0.596000 0.014000 0.063000 0.000000 -0.707100 0.707100 0.000000     0.596000 0.004000 0.066500 0.007857 -0.695443 0.718273 -0.019049     -0.000195 -0.009840 0.003326 0.999618 -0.007914 -0.019025 -0.016143     0.600681 0.006003 0.076653 0.114996 -0.540677 0.793647 0.254064     0.600666 0.006022 0.076613 0.115822 -0.540593 0.793266 0.255096     -0.000058 0.008932 -0.001191 0.999681 0.007227 0.017746 0.016472     0.600915 0.014949 0.075319 0.100598 -0.548237 0.784692 0.271208     0.599610 0.015543 0.075258 0.102788 -0.547910 0.784768 0.270866     
0.596000 0.014000 0.063000 0.000000 -0.707100 0.707100 0.000000     0.596000 0.009000 0.059500 0.008736 0.699622 -0.713717 -0.032285     -0.000564 -0.004737 -0.003325 0.999352 0.016651 0.029005 -0.009967     0.601609 0.010565 0.069251 0.089042 -0.529837 0.788169 0.300189     0.601356 0.010489 0.069195 0.090607 -0.529766 0.787653 0.301233     0.002025 0.004464 0.003227 0.999237 -0.016824 -0.034410 0.007659     0.602925 0.015444 0.072780 0.104882 -0.547297 0.785496 0.269150     0.602076 0.016393 0.071995 0.106296 -0.546772 0.785478 0.269751     
0.596000 0.014000 0.063000 0.000000 -0.707100 0.707100 0.000000     0.596000 0.009000 0.063000 0.008703 0.706777 -0.707369 0.000474     -0.000227 -0.004720 0.000030 0.999923 -0.006489 0.005819 -0.000419     0.601118 0.011125 0.072914 0.092025 -0.546274 0.787374 0.270442     0.601181 0.011064 0.073014 0.093379 -0.545993 0.786612 0.272790     -0.000607 0.004072 -0.000239 0.999977 0.004989 -0.004436 0.001246     0.600417 0.015110 0.072741 0.097903 -0.547983 0.784917 0.272055     0.599008 0.015622 0.072702 0.099682 -0.547563 0.784837 0.272524     
0.596000 0.014000 0.063000 0.000000 -0.707100 0.707100 0.000000     0.596000 0.009000 0.066500 -0.000000 0.707100 -0.707100 -0.000000     -0.000259 -0.005299 0.003642 0.999961 0.000000 0.000000 0.000000     0.601000 0.011000 0.076500 0.100035 -0.547560 0.784824 0.272401     0.600877 0.010324 0.076553 0.101366 -0.548113 0.783820 0.273722     0.000339 0.005147 -0.003655 0.999999 -0.000863 -0.000153 0.000830     0.601332 0.016172 0.072843 0.099456 -0.548339 0.784589 0.271723     0.600045 0.016923 0.072690 0.101586 -0.547870 0.784666 0.271697     
0.596000 0.014000 0.063000 0.000000 -0.707100 0.707100 0.000000     0.596000 0.014000 0.059500 0.016680 -0.710294 0.703690 0.002132     -0.000631 0.000288 -0.003811 0.999809 0.013302 -0.010287 0.004669     0.600775 0.015778 0.069651 0.114105 -0.552613 0.777495 0.277634     0.600914 0.015375 0.069538 0.115316 -0.553223 0.775954 0.280254     -0.000188 -0.000636 0.003457 0.999913 -0.009264 0.009037 -0.002678     0.600780 0.015302 0.072985 0.102693 -0.549031 0.782510 0.275095     0.599434 0.015962 0.072967 0.104545 -0.548480 0.782490 0.275590     
0.596000 0.014000 0.063000 0.000000 -0.707100 0.707100 0.000000     0.596000 0.014000 0.063000 0.031517 -0.698148 0.715191 -0.008909     -0.000364 0.000323 -0.000574 0.999352 0.015986 -0.028585 -0.012051     0.600461 0.015561 0.073328 0.134445 -0.543955 0.783731 0.267924     0.600386 0.015677 0.072961 0.136081 -0.543749 0.783361 0.268632     -0.000059 -0.001893 -0.000936 0.999559 -0.013774 0.025068 0.008010     0.600886 0.014024 0.072108 0.105101 -0.545129 0.786088 0.271724     0.599810 0.014825 0.071812 0.107170 -0.544865 0.786272 0.270947     
0.596000 0.014000 0.063000 0.000000 -0.707100 0.707100 0.000000     0.596000 0.014000 0.066500 0.003666 -0.707917 0.706230 -0.007829     -0.000170 0.000339 0.003139 0.999923 -0.002944 -0.008128 0.001193     0.600832 0.016071 0.076568 0.104473 -0.550984 0.784130 0.265749     0.600595 0.015905 0.076166 0.106115 -0.551321 0.783608 0.265975     -0.001526 -0.001231 -0.002346 0.999984 0.003380 0.004463 0.000112     0.599395 0.014773 0.074192 0.102804 -0.549524 0.783624 0.270867     0.598273 0.015521 0.073977 0.104789 -0.549111 0.783970 0.269978     
0.596000 0.014000 0.063000 0.000000 -0.707100 0.707100 0.000000     0.596000 0.019000 0.059500 0.004665 0.709862 -0.703477 -0.034290     -0.000287 0.004603 -0.003840 0.999352 0.020948 0.027544 0.004514     0.601529 0.020633 0.069286 0.088596 -0.541170 0.778923 0.304211     0.600982 0.020090 0.069031 0.090003 -0.541980 0.777875 0.305070     -0.000832 -0.003967 0.002325 0.999219 -0.022210 -0.032188 -0.005599     0.600078 0.017048 0.071867 0.103283 -0.548146 0.785250 0.268758     0.600101 0.017084 0.071222 0.105323 -0.547936 0.784677 0.270102     
0.596000 0.014000 0.063000 0.000000 -0.707100 0.707100 0.000000     0.596000 0.019000 0.063000 0.012611 -0.698620 0.715365 -0.002310     -0.000348 0.005324 -0.000305 0.999809 0.007284 -0.010550 -0.011840     0.600832 0.020737 0.073131 0.115514 -0.540329 0.788148 0.271115     0.600721 0.020768 0.072914 0.116976 -0.540094 0.787877 0.271779     -0.000987 -0.005455 -0.000786 0.999938 -0.004880 0.006874 0.007279     0.599957 0.015452 0.072260 0.105479 -0.544732 0.786284 0.271808     0.598592 0.016072 0.072254 0.106464 -0.544582 0.786491 0.271162     
0.596000 0.014000 0.063000 0.000000 -0.707100 0.707100 0.000000     0.596000 0.019000 0.066500 0.023774 -0.724437 0.688901 0.004621     -0.000276 0.005325 0.003212 0.999352 0.020078 -0.013543 0.025127     0.600630 0.020836 0.076708 0.114753 -0.568628 0.763763 0.283091     0.600456 0.020563 0.076440 0.116187 -0.568922 0.763092 0.283757     -0.002133 -0.006129 -0.002455 0.999383 -0.019774 0.012271 -0.026314     0.598846 0.014854 0.074059 0.101515 -0.546975 0.785260 0.271772     0.598932 0.014871 0.074031 0.103212 -0.546673 0.784076 0.275174     
0.596000 0.014000 0.063000 0.000000 -0.707100 0.707100 0.000000     0.596000 0.024000 0.059500 0.019982 -0.710789 0.702550 -0.028013     0.000030 0.009783 -0.004101 0.999352 -0.005678 -0.033937 0.005826     0.600287 0.026169 0.069792 0.121912 -0.561611 0.779308 0.249778     0.600354 0.025678 0.069220 0.123070 -0.562279 0.778438 0.250461     -0.001511 -0.010258 0.002271 0.999473 0.006754 0.031325 -0.005141     0.599434 0.015727 0.071802 0.102514 -0.548661 0.783917 0.271876     0.598512 0.016504 0.071263 0.104680 -0.548250 0.784060 0.271504     
0.596000 0.014000 0.063000 0.000000 -0.707100 0.707100 0.000000     0.596000 0.024000 0.063000 0.021022 0.716983 -0.696732 -0.006185     -0.000684 0.010342 0.000109 0.999618 -0.010491 0.019237 0.014320     0.601318 0.026355 0.072756 0.075257 -0.554420 0.781496 0.276041     0.600868 0.026263 0.072903 0.077006 -0.554122 0.781106 0.277292     0.000099 -0.010630 0.000151 0.999605 0.010285 -0.023822 -0.010840     0.600992 0.015410 0.073195 0.102538 -0.551531 0.782565 0.269946     0.600036 0.016287 0.072449 0.104338 -0.551082 0.782867 0.269334     
0.596000 0.014000 0.063000 0.000000 -0.707100 0.707100 0.000000     0.596000 0.024000 0.066500 0.000585 0.704582 -0.709564 0.007962     0.000100 0.009538 0.003342 0.999923 -0.006044 -0.005217 -0.003522     0.600910 0.026086 0.076527 0.101775 -0.546800 0.787847 0.264439     0.601269 0.025422 0.076092 0.102868 -0.547162 0.786982 0.265880     0.000179 -0.010106 -0.001616 0.999996 0.001510 0.002181 0.001287     0.601127 0.015963 0.074896 0.100541 -0.547081 0.786963 0.266951     0.600509 0.016204 0.074806 0.103616 -0.546647 0.786623 0.267704     
0.596000 0.014000 0.063000 0.000000 -0.707100 0.707100 0.000000     0.601000 0.004000 0.059500 0.003180 -0.712339 0.701807 0.003254     0.004504 -0.009890 -0.003912 0.999923 0.004549 0.000052 0.007447     0.605971 0.005983 0.069518 0.100452 -0.552914 0.779483 0.276735     0.605464 0.005800 0.069264 0.101860 -0.553572 0.778689 0.277174     -0.004812 0.009442 0.003149 0.999985 -0.000686 -0.001525 -0.005306     0.601149 0.015387 0.072679 0.102728 -0.549261 0.782441 0.274820     0.600284 0.015737 0.072645 0.105323 -0.548604 0.782555 0.274860     
0.596000 0.014000 0.063000 0.000000 -0.707100 0.707100 0.000000     0.601000 0.004000 0.063000 0.007397 0.710308 -0.703838 0.000706     0.004436 -0.009973 -0.000168 0.999923 -0.005730 0.004731 0.004575     0.606075 0.006160 0.072928 0.091934 -0.550414 0.784323 0.270942     0.605156 0.005814 0.072653 0.093130 -0.551042 0.783622 0.271323     -0.005541 0.009936 -0.000354 0.999972 0.004554 -0.005961 -0.000834     0.600419 0.015997 0.072653 0.099339 -0.550941 0.782978 0.271148     0.599072 0.016615 0.072435 0.100771 -0.550662 0.783028 0.271078     
0.596000 0.014000 0.063000 0.000000 -0.707100 0.707100 0.000000     0.601000 0.004000 0.066500 0.000145 0.703390 -0.710756 0.007000     0.004356 -0.009651 0.003451 0.999923 -0.005052 -0.004847 -0.005208     0.605924 0.006050 0.076528 0.102487 -0.545277 0.788537 0.265250     0.605470 0.005922 0.076341 0.104343 -0.545325 0.788095 0.265781     -0.004655 0.008765 -0.002789 0.999978 0.001988 0.005193 0.003647     0.601358 0.014811 0.073695 0.098507 -0.546560 0.786536 0.270017     0.600132 0.015595 0.073367 0.100001 -0.546512 0.786343 0.270164     
0.596000 0.014000 0.063000 0.000000 -0.707100 0.707100 0.000000     0.601000 0.009000 0.059500 0.007854 -0.711780 0.701936 0.023981     0.004771 -0.004905 -0.003544 0.999618 0.022510 0.011403 0.006961     0.606202 0.010622 0.069465 0.101480 -0.547477 0.775753 0.296916     0.605887 0.010337 0.069284 0.102767 -0.548374 0.774533 0.298032     -0.005594 0.006054 0.003565 0.999652 -0.022383 -0.011997 -0.007177     0.600394 0.017049 0.073072 0.100628 -0.547553 0.784840 0.272152     0.599203 0.017734 0.072474 0.102612 -0.547112 0.785022 0.271808     
0.596000 0.014000 0.063000 0.000000 -0.707100 0.707100 0.000000     0.601000 0.009000 0.063000 0.017279 0.708673 -0.705311 -0.000593     0.003874 -0.004663 -0.000017 0.999809 -0.011799 0.012637 0.002377     0.606240 0.011258 0.072820 0.082993 -0.547080 0.787881 0.270257     0.605529 0.011465 0.072653 0.084534 -0.547011 0.787857 0.270025     -0.005136 0.004524 0.000467 0.999794 0.010892 -0.017087 0.001338     0.600760 0.015580 0.073508 0.102035 -0.551736 0.782625 0.269546     0.599602 0.016243 0.073277 0.103563 -0.551426 0.783177 0.268024     
0.596000 0.014000 0.063000 0.000000 -0.707100 0.707100 0.000000     0.601000 0.009000 0.066500 0.010564 -0.716232 0.697753 -0.004716     0.004449 -0.004718 0.003357 0.999809 0.004135 -0.010805 0.013066     0.605730 0.011044 0.076622 0.107204 -0.560261 0.775343 0.270996     0.605405 0.011079 0.076534 0.109047 -0.560078 0.774931 0.271852     -0.005932 0.004272 -0.002820 0.999944 -0.003846 0.004985 -0.008549     0.599934 0.015312 0.073738 0.103495 -0.552662 0.781665 0.269875     0.598729 0.016000 0.073630 0.104137 -0.552373 0.782477 0.267899     
0.596000 0.014000 0.063000 0.000000 -0.707100 0.707100 0.000000     0.601000 0.014000 0.059500 0.018246 -0.718418 0.695297 -0.009220     0.004145 0.000451 -0.003806 0.999618 0.006382 -0.019421 0.016348     0.605541 0.016027 0.069711 0.114284 -0.564855 0.771922 0.268318     0.605159 0.016287 0.069522 0.115171 -0.564715 0.771859 0.268451     -0.004903 -0.000897 0.003076 0.999710 -0.005124 0.017441 -0.015793     0.601055 0.015084 0.072601 0.102131 -0.548406 0.783987 0.272331     0.599745 0.015782 0.072399 0.103953 -0.547822 0.784212 0.272207     
0.596000 0.014000 0.063000 0.000000 -0.707100 0.707100 0.000000     0.601000 0.014000 0.063000 0.021370 -0.724097 0.689242 0.012403     0.004857 0.000302 -0.000567 0.999352 0.023880 -0.006341 0.024646     0.605779 0.015760 0.073152 0.111313 -0.565908 0.763711 0.289971     0.605905 0.015465 0.072769 0.112634 -0.566075 0.763067 0.290864     -0.006931 -0.000940 0.000666 0.999383 -0.024737 0.003440 -0.024705     0.599011 0.015078 0.073691 0.101782 -0.548447 0.784776 0.270098     0.597710 0.015732 0.073549 0.102930 -0.548218 0.785418 0.268293     
0.596000 0.014000 0.063000 0.000000 -0.707100 0.707100 0.000000     0.601000 0.014000 0.066500 0.011262 0.699344 -0.714372 0.021106     0.003913 0.000506 0.003296 0.999618 -0.022887 -0.006960 -0.010626     0.605907 0.016352 0.076469 0.095825 -0.543218 0.795912 0.249471     0.605147 0.016552 0.076366 0.097341 -0.543075 0.795961 0.249080     -0.005385 -0.000774 -0.000848 0.999650 0.022576 0.008124 0.011105     0.600635 0.015237 0.075639 0.098819 -0.547677 0.784748 0.272829     0.599455 0.016134 0.075442 0.100537 -0.547611 0.784423 0.273304     
0.596000 0.014000 0.063000 0.000000 -0.707100 0.707100 0.000000     0.601000 0.019000 0.059500 -0.000000 0.707100 -0.707100 -0.000000     0.003946 0.005517 -0.003514 0.999961 0.000000 0.000000 0.000000     0.606000 0.021000 0.069500 0.100035 -0.547560 0.784824 0.272401     0.606021 0.021065 0.069115 0.101165 -0.547099 0.783874 0.275662     -0.004256 -0.005846 0.003045 0.999999 0.000202 -0.001285 0.000124     0.601718 0.015151 0.072558 0.101120 -0.547987 0.784572 0.271868     0.600454 0.015953 0.072470 0.102912 -0.547556 0.784709 0.271705     
0.596000 0.014000 0.063000 0.000000 -0.707100 0.707100 0.000000     0.601000 0.019000 0.063000 0.007691 -0.724120 0.689595 0.005486     0.004577 0.005272 -0.000179 0.999618 0.009317 -0.001560 0.024412     0.605870 0.021054 0.073053 0.099677 -0.566025 0.768494 0.281209     0.605705 0.021123 0.072901 0.101019 -0.565900 0.768231 0.281733     -0.005838 -0.006402 0.002363 0.999683 -0.007485 0.001626 -0.023970     0.600161 0.014565 0.075370 0.100899 -0.547714 0.784085 0.273899     0.598996 0.015485 0.075162 0.102861 -0.547391 0.784103 0.273798     
0.596000 0.014000 0.063000 0.000000 -0.707100 0.707100 0.000000     0.601000 0.019000 0.066500 0.007521 0.704122 -0.710024 0.001471     0.005420 0.004078 0.003280 0.999923 -0.006358 0.004278 -0.004173     0.606102 0.021085 0.076431 0.094328 -0.543734 0.789239 0.269326     0.606783 0.020563 0.076443 0.093795 -0.543937 0.789040 0.269726     -0.005713 -0.005585 -0.002416 0.999978 0.002381 -0.003388 0.005174     0.600300 0.015504 0.074059 0.096902 -0.548494 0.785448 0.269845     0.600053 0.015712 0.074120 0.099424 -0.547982 0.784518 0.272694     
0.596000 0.014000 0.063000 0.000000 -0.707100 0.707100 0.000000     0.601000 0.024000 0.059500 0.012872 -0.714624 0.699361 0.004734     0.004332 0.010239 -0.003434 0.999809 0.012449 -0.005754 0.010793     0.605843 0.025856 0.069605 0.108413 -0.556269 0.774828 0.280059     0.605445 0.025784 0.069640 0.109659 -0.555898 0.774558 0.281089     -0.005183 -0.010226 0.002517 0.999844 -0.014497 0.003549 -0.009478     0.600769 0.015829 0.072030 0.100236 -0.549417 0.784424 0.269729     0.599621 0.016527 0.071367 0.101557 -0.549159 0.784505 0.269562     
0.596000 0.014000 0.063000 0.000000 -0.707100 0.707100 0.000000     0.601000 0.024000 0.063000 0.002877 0.715296 -0.698689 0.012586     0.004906 0.009652 0.000027 0.999809 -0.010934 -0.006865 0.011742     0.605812 0.026334 0.073020 0.096222 -0.559656 0.780566 0.261194     0.606008 0.026133 0.073047 0.096200 -0.559654 0.780574 0.261223     -0.004451 -0.009645 0.000668 0.999907 0.007635 0.005796 -0.009739     0.601520 0.016441 0.073665 0.098506 -0.549754 0.784508 0.269436     0.600250 0.017166 0.073336 0.100367 -0.549617 0.784786 0.268251     
0.596000 0.014000 0.063000 0.000000 -0.707100 0.707100 0.000000     0.601000 0.024000 0.066500 -0.000000 0.707100 -0.707100 -0.000000     0.004071 0.009728 0.003278 0.999961 0.000000 0.000000 0.000000     0.606000 0.026000 0.076500 0.100035 -0.547560 0.784824 0.272401     0.605280 0.025379 0.076635 0.100032 -0.547562 0.784833 0.272410     -0.004576 -0.010566 -0.001457 0.999992 -0.003971 0.000026 -0.000847     0.601428 0.015505 0.075027 0.098069 -0.547281 0.786366 0.269213     0.600059 0.016072 0.074830 0.099313 -0.547298 0.786350 0.268805     
0.596000 0.014000 0.063000 0.000000 -0.707100 0.707100 0.000000     0.606000 0.004000 0.059500 0.005347 0.709359 -0.704625 -0.016272     0.010009 -0.010218 -0.003912 0.999809 0.007725 0.015287 0.003347     0.611291 0.005881 0.069373 0.091340 -0.545167 0.782296 0.287128     0.611046 0.005453 0.069349 0.092582 -0.546210 0.781099 0.288043     -0.009328 0.007415 0.003585 0.999715 -0.016157 -0.015330 -0.008641     0.601693 0.013528 0.073051 0.096979 -0.544128 0.790023 0.265260     0.600350 0.014191 0.072989 0.098507 -0.543642 0.790341 0.264785     
0.596000 0.014000 0.063000 0.000000 -0.707100 0.707100 0.000000     0.606000 0.004000 0.063000 0.000945 0.702799 -0.711347 0.006223     0.010033 -0.010653 -0.000019 0.999923 -0.005069 -0.003732 -0.006044     0.610950 0.006041 0.073017 0.101831 -0.544319 0.789111 0.265764     0.610985 0.005402 0.072989 0.102667 -0.544741 0.788326 0.266944     -0.009163 0.008731 0.001115 0.999978 0.005219 -0.001966 0.003680     0.601732 0.014704 0.074172 0.105243 -0.547202 0.785503 0.269181     0.600535 0.015570 0.074015 0.107245 -0.546620 0.785895 0.268466     
0.596000 0.014000 0.063000 0.000000 -0.707100 0.707100 0.000000     0.606000 0.004000 0.066500 -0.000000 0.707100 -0.707100 -0.000000     0.008924 -0.009447 0.003424 0.999961 0.000000 0.000000 0.000000     0.611000 0.006000 0.076500 0.100035 -0.547560 0.784824 0.272401     0.610237 0.006375 0.076441 0.101885 -0.547208 0.785004 0.271940     -0.009312 0.008624 -0.002315 1.000000 -0.000819 -0.000012 0.000405     0.601686 0.014645 0.074182 0.099485 -0.547963 0.784824 0.271793     0.600513 0.015542 0.074003 0.101101 -0.547641 0.784452 0.272953     
0.596000 0.014000 0.063000 0.000000 -0.707100 0.707100 0.000000     0.606000 0.009000 0.059500 0.000189 -0.704148 0.709568 -0.025894     0.009721 -0.005003 -0.003759 0.999618 -0.018175 -0.018443 -0.003832     0.610646 0.011329 0.069599 0.105567 -0.551207 0.789760 0.247560     0.610404 0.011216 0.069293 0.107488 -0.551021 0.789389 0.248371     -0.010518 0.003265 0.002606 0.999701 0.016284 0.016419 0.007933     0.600423 0.014342 0.072119 0.099580 -0.551524 0.782853 0.270234     0.599166 0.015150 0.072005 0.100654 -0.551366 0.782901 0.270056     
0.596000 0.014000 0.063000 0.000000 -0.707100 0.707100 0.000000     0.606000 0.009000 0.063000 0.008841 0.723786 -0.689552 0.023533     0.009429 -0.005093 -0.000136 0.999352 -0.022892 -0.010389 0.024206     0.610678 0.011692 0.072993 0.088998 -0.571345 0.776288 0.251002     0.610244 0.011439 0.072787 0.090865 -0.571486 0.775922 0.251181     -0.009055 0.002530 0.000973 0.999614 0.021705 0.007531 -0.015651     0.601849 0.013637 0.073998 0.099447 -0.555152 0.780152 0.270664     0.600635 0.014486 0.074066 0.100203 -0.554867 0.779885 0.271773     
0.596000 0.014000 0.063000 0.000000 -0.707100 0.707100 0.000000     0.606000 0.009000 0.066500 0.033666 0.704046 -0.709292 -0.008415     0.008841 -0.004538 0.003420 0.999352 -0.017854 0.029755 -0.003709     0.611600 0.011311 0.076107 0.067854 -0.537996 0.794217 0.274145     0.610759 0.011602 0.076058 0.069368 -0.537813 0.793951 0.274931     -0.008179 0.004666 -0.001871 0.999400 0.017337 -0.028854 0.008156     0.602819 0.015724 0.074618 0.097821 -0.550884 0.782642 0.272779     0.602736 0.015486 0.074724 0.100050 -0.550570 0.781263 0.276571     
0.596000 0.014000 0.063000 0.000000 -0.707100 0.707100 0.000000     0.606000 0.014000 0.059500 0.001401 0.700996 -0.713151 -0.000562     0.007777 0.000287 -0.003583 0.999923 -0.000593 0.001388 -0.008595     0.611061 0.015925 0.069484 0.100957 -0.540475 0.789801 0.271826     0.608670 0.015758 0.069320 0.101976 -0.540819 0.789421 0.271901     -0.008596 -0.000489 0.002861 0.999972 -0.000606 -0.002073 0.007184     0.602396 0.015521 0.072363 0.100312 -0.546758 0.785851 0.270944     0.601618 0.015836 0.072241 0.103324 -0.546207 0.785801 0.271106     
0.596000 0.014000 0.063000 0.000000 -0.707100 0.707100 0.000000     0.606000 0.014000 0.063000 0.005102 0.707734 -0.706413 0.007017     0.010484 -0.000542 -0.000198 0.999923 -0.008570 -0.001354 0.000934     0.610969 0.016181 0.072978 0.096146 -0.549498 0.786482 0.265017     0.611728 0.015687 0.072652 0.095900 -0.549600 0.786414 0.265135     -0.009406 -0.001120 0.000144 0.999991 0.003616 0.000753 -0.002148     0.601587 0.014967 0.073129 0.098109 -0.547256 0.786769 0.268065     0.600432 0.015770 0.072613 0.098706 -0.547191 0.786823 0.267858     
0.596000 0.014000 0.063000 0.000000 -0.707100 0.707100 0.000000     0.606000 0.014000 0.066500 -0.000000 0.707100 -0.707100 -0.000000     0.010145 -0.000407 0.003700 0.999961 0.000000 0.000000 0.000000     0.611000 0.016000 0.076500 0.100035 -0.547560 0.784824 0.272401     0.611187 0.015690 0.076733 0.100034 -0.547567 0.784830 0.272407     -0.009951 -0.000372 -0.002924 0.999997 -0.000823 0.001706 -0.001499     0.601089 0.015629 0.073556 0.098654 -0.545999 0.786037 0.272539     0.599804 0.016395 0.073503 0.100295 -0.545782 0.785755 0.273224     
0.596000 0.014000 0.063000 0.000000 -0.707100 0.707100 0.000000     0.606000 0.019000 0.059500 0.003185 -0.700931 0.713053 -0.014865     0.009134 0.005583 -0.003294 0.999809 -0.008259 -0.012763 -0.008571     0.610778 0.021082 0.069591 0.107849 -0.545052 0.790371 0.258032     0.610115 0.021455 0.069689 0.109956 -0.544588 0.790493 0.257788     -0.009174 -0.005609 0.003342 0.999818 0.009928 0.012101 0.010917     0.601803 0.015380 0.072856 0.100859 -0.549389 0.783020 0.273604     0.600378 0.015846 0.072880 0.102480 -0.549141 0.783230 0.272934     
0.596000 0.014000 0.063000 0.000000 -0.707100 0.707100 0.000000     0.606000 0.019000 0.063000 0.007037 -0.710720 0.703426 -0.000186     0.009270 0.005349 0.000070 0.999923 0.004844 -0.005107 0.005157     0.610877 0.020954 0.073070 0.105287 -0.552493 0.780140 0.273913     0.610401 0.021117 0.073277 0.106693 -0.552177 0.779924 0.274656     -0.009098 -0.005118 -0.000777 0.999955 -0.006281 0.001595 -0.006896     0.601838 0.015895 0.072252 0.102456 -0.547313 0.785803 0.269155     0.600572 0.016571 0.071841 0.103502 -0.546938 0.785741 0.269735     
0.596000 0.014000 0.063000 0.000000 -0.707100 0.707100 0.000000     0.606000 0.019000 0.066500 0.001632 0.688059 -0.725280 0.022860     0.010018 0.005009 0.003423 0.999352 -0.017318 -0.015011 -0.026318     0.610806 0.021090 0.076576 0.109441 -0.532392 0.801973 0.247791     0.610970 0.021043 0.076608 0.110426 -0.532254 0.801311 0.249827     -0.010696 -0.004645 0.000203 0.999498 0.017476 0.013538 0.022708     0.600290 0.016316 0.076717 0.102206 -0.545068 0.786632 0.271375     0.599045 0.017020 0.076277 0.103669 -0.545139 0.786870 0.270022     
0.596000 0.014000 0.063000 0.000000 -0.707100 0.707100 0.000000     0.606000 0.024000 0.059500 -0.000000 0.707100 -0.707100 -0.000000     0.008033 0.010267 -0.003530 0.999961 0.000000 0.000000 0.000000     0.611000 0.026000 0.069500 0.100035 -0.547560 0.784824 0.272401     0.608991 0.025888 0.069408 0.100336 -0.547730 0.784611 0.272600     -0.007962 -0.008207 0.003060 0.999998 -0.000655 -0.000696 -0.001966     0.603032 0.017786 0.072565 0.100757 -0.546270 0.786008 0.271309     0.601850 0.018589 0.072121 0.102363 -0.545545 0.786454 0.270911     
0.596000 0.014000 0.063000 0.000000 -0.707100 0.707100 0.000000     0.606000 0.024000 0.063000 0.005126 -0.704839 0.709307 -0.006316     0.009729 0.010390 -0.000463 0.999923 -0.000841 -0.008091 -0.003159     0.610850 0.025986 0.073076 0.106781 -0.547348 0.785944 0.266984     0.610757 0.025944 0.072717 0.108410 -0.547343 0.785389 0.268007     -0.009199 -0.010560 -0.000448 0.999977 -0.002798 0.005698 0.002501     0.601755 0.015506 0.072561 0.100100 -0.548078 0.785912 0.268165     0.601470 0.015759 0.072361 0.102606 -0.547493 0.785768 0.268871     
0.596000 0.014000 0.063000 0.000000 -0.707100 0.707100 0.000000     0.606000 0.024000 0.066500 0.027538 0.691510 -0.721828 0.000204     0.009141 0.010316 0.003516 0.999352 -0.019616 0.019327 -0.021437     0.611471 0.026162 0.076216 0.079903 -0.527099 0.803362 0.265279     0.611013 0.026305 0.076128 0.081716 -0.526865 0.803173 0.265798     -0.009470 -0.009173 -0.001573 0.999434 0.018935 -0.017824 0.021339     0.601560 0.016840 0.074909 0.098497 -0.547159 0.785212 0.272650     0.600409 0.017754 0.074707 0.099809 -0.546656 0.784932 0.274018     
