0.596000 0.014000 0.063000 0.000000 -0.707100 0.707100 0.000000     0.596000 0.014000 0.063000 -0.000000 0.707100 -0.707100 -0.000000     0.000424 -0.000394 -0.000141 0.999961 0.000000 0.000000 0.000000     0.601000 0.016000 0.073000 0.100035 -0.547560 0.784824 0.272401     0.601468 0.015605 0.072902 0.100025 -0.547560 0.784833 0.272415     0.000590 -0.002295 -0.000003 0.999996 -0.002264 -0.000314 0.001604     0.601577 0.013766 0.072991 0.098604 -0.549129 0.784528 0.270612     0.602848 0.013646 0.072863 0.095731 -0.549729 0.784208 0.271388     
0.596000 0.014000 0.063000 0.000000 -0.707100 0.707100 0.000000     0.586000 0.004000 0.059500 0.007188 0.703607 -0.710539 -0.000676     -0.010505 -0.010376 -0.003428 0.999923 -0.004604 0.005561 -0.004901     0.591131 0.006042 0.069425 0.094480 -0.542638 0.789289 0.271332     0.590750 0.005556 0.069417 0.095871 -0.543083 0.788530 0.272196     0.010174 0.009761 0.003504 0.999956 0.001470 -0.007558 0.005301     0.601132 0.015827 0.073011 0.099801 -0.548710 0.785265 0.268879     0.602856 0.015946 0.072610 0.096865 -0.548813 0.784846 0.270995     
0.596000 0.014000 0.063000 0.000000 -0.707100 0.707100 0.000000     0.586000 0.004000 0.063000 0.002965 0.703472 -0.710674 -0.006436     -0.009975 -0.010551 -0.000005 0.999923 0.002454 0.006647 -0.005093     0.591152 0.005899 0.072942 0.097545 -0.541485 0.787579 0.277447     0.591541 0.005388 0.072868 0.097528 -0.541482 0.787588 0.277472     0.010914 0.010359 0.000907 0.999946 -0.003663 -0.006865 0.006949     0.601902 0.016402 0.073904 0.099035 -0.549191 0.784121 0.271508     0.603780 0.016258 0.073387 0.094671 -0.549887 0.783644 0.273063     
0.596000 0.014000 0.063000 0.000000 -0.707100 0.707100 0.000000     0.586000 0.004000 0.066500 0.014522 -0.696051 0.717664 0.015517     -0.009976 -0.009620 0.002902 0.999618 0.021240 0.000703 -0.015283     0.591066 0.005420 0.076566 0.115242 -0.533061 0.787208 0.287834     0.591165 0.005328 0.076042 0.116494 -0.533441 0.786452 0.288727     0.010037 0.009070 -0.003581 0.999669 -0.020772 -0.001800 0.015095     0.601016 0.015059 0.072932 0.101203 -0.547680 0.784672 0.272167     0.602551 0.014664 0.072586 0.098845 -0.548049 0.784214 0.273644     
0.596000 0.014000 0.063000 0.000000 -0.707100 0.707100 0.000000     0.586000 0.009000 0.059500 0.002768 0.711679 -0.702468 0.005106     -0.010111 -0.005326 -0.003585 0.999923 -0.005567 -0.001653 0.006513     0.590940 0.011176 0.069493 0.096505 -0.553658 0.782579 0.267768     0.590871 0.010612 0.069434 0.097611 -0.553921 0.781605 0.269697     0.008716 0.005021 0.002603 0.999988 0.001337 -0.003928 -0.002693     0.599588 0.016144 0.072140 0.101039 -0.552466 0.783324 0.266376     0.600679 0.016250 0.072438 0.098722 -0.552119 0.783716 0.266848     
0.596000 0.014000 0.063000 0.000000 -0.707100 0.707100 0.000000     0.586000 0.009000 0.063000 0.007010 0.704558 -0.709588 0.003790     -0.010549 -0.005110 -0.000308 0.999923 -0.007636 0.002277 -0.003557     0.591060 0.011117 0.072946 0.095031 -0.544891 0.789050 0.267289     0.590605 0.010837 0.072669 0.096620 -0.545032 0.788751 0.267349     0.009990 0.004781 0.001216 0.999932 0.005740 -0.005451 0.008597     0.600905 0.015868 0.074240 0.100155 -0.552549 0.782259 0.269647     0.602532 0.015776 0.074000 0.097818 -0.553040 0.781550 0.271586     
0.596000 0.014000 0.063000 0.000000 -0.707100 0.707100 0.000000     0.586000 0.009000 0.066500 0.003262 0.711520 -0.702627 0.005096     -0.010023 -0.005894 0.003468 0.999923 -0.005910 -0.001297 0.006288     0.590948 0.011181 0.076488 0.096100 -0.553419 0.782831 0.267672     0.591341 0.010508 0.076537 0.096074 -0.553433 0.782832 0.267686     0.010617 0.005241 -0.002101 0.999987 0.000211 -0.003619 -0.003592     0.601508 0.016382 0.074423 0.100010 -0.551548 0.784404 0.265485     0.602597 0.016820 0.074799 0.097836 -0.551300 0.784742 0.265850     
0.596000 0.014000 0.063000 0.000000 -0.707100 0.707100 0.000000     0.586000 0.014000 0.059500 0.008995 0.723741 -0.689597 -0.023540     -0.010873 0.000405 -0.003502 0.999352 0.010285 0.023005 0.024143     0.591358 0.016046 0.069303 0.080974 -0.558879 0.770625 0.295320     0.590932 0.015923 0.069255 0.082597 -0.559040 0.770148 0.295847     0.010057 0.000909 0.002934 0.999422 -0.011546 -0.023311 -0.021887     0.601043 0.016958 0.072432 0.098901 -0.549509 0.783934 0.271451     0.601399 0.017770 0.072857 0.097476 -0.548977 0.784949 0.270145     
0.596000 0.014000 0.063000 0.000000 -0.707100 0.707100 0.000000     0.586000 0.014000 0.063000 0.004990 0.703484 -0.710662 0.005049     -0.010573 0.000461 -0.000388 0.999923 -0.007098 -0.000042 -0.005075     0.591020 0.016091 0.072971 0.097559 -0.544277 0.789503 0.266289     0.590865 0.016063 0.072712 0.098973 -0.544357 0.789004 0.267120     0.010867 -0.000200 0.000116 0.999977 0.004128 -0.002290 0.004884     0.601821 0.015858 0.073127 0.100311 -0.548328 0.785504 0.268772     0.601092 0.015566 0.074051 0.098698 -0.547449 0.786576 0.268059     
0.596000 0.014000 0.063000 0.000000 -0.707100 0.707100 0.000000     0.586000 0.014000 0.066500 0.005212 -0.710958 0.703189 -0.004337     -0.010939 0.000413 0.003182 0.999923 0.000618 -0.006752 0.005493     0.590842 0.016042 0.076569 0.104172 -0.553628 0.780942 0.269729     0.590898 0.016040 0.076243 0.104459 -0.553729 0.779430 0.273792     0.009519 -0.000820 -0.002866 0.999984 -0.002781 0.004849 -0.000779     0.600462 0.015270 0.073644 0.099054 -0.551992 0.782616 0.270156     0.601910 0.014862 0.073071 0.097533 -0.552223 0.782186 0.271517     
0.596000 0.014000 0.063000 0.000000 -0.707100 0.707100 0.000000     0.586000 0.019000 0.059500 0.009011 -0.722289 0.691050 -0.025472     -0.010116 0.004574 -0.004046 0.999352 -0.011639 -0.024382 0.022089     0.590409 0.021443 0.069678 0.106719 -0.572369 0.772982 0.251959     0.590545 0.021004 0.069662 0.106712 -0.572374 0.772990 0.251968     0.010658 -0.006106 0.003537 0.999438 0.006325 0.025838 -0.020396     0.601681 0.015017 0.073000 0.095446 -0.549097 0.785386 0.269319     0.601485 0.015576 0.073375 0.094094 -0.548294 0.786513 0.268173     
0.596000 0.014000 0.063000 0.000000 -0.707100 0.707100 0.000000     0.586000 0.019000 0.063000 0.007998 0.708907 -0.705239 0.002335     -0.010755 0.004785 -0.000130 0.999923 -0.007307 0.004004 0.002593     0.591069 0.021172 0.072929 0.092181 -0.549215 0.785765 0.269108     0.590435 0.020749 0.072677 0.094286 -0.549788 0.785131 0.269096     0.011808 -0.005581 0.001240 0.999978 0.003178 -0.005623 -0.001175     0.602769 0.015516 0.074240 0.098659 -0.549500 0.785020 0.268403     0.604433 0.015446 0.073858 0.096984 -0.549782 0.784328 0.270487     
0.596000 0.014000 0.063000 0.000000 -0.707100 0.707100 0.000000     0.586000 0.019000 0.066500 0.008099 -0.709390 0.703948 -0.033728     -0.010072 0.005202 0.002905 0.999352 -0.018122 -0.029575 0.003848     0.590385 0.021402 0.076698 0.112214 -0.560116 0.784217 0.242203     0.590414 0.021271 0.076180 0.113751 -0.560465 0.783542 0.242900     0.010183 -0.005460 -0.001220 0.999435 0.015151 0.029420 -0.005934     0.601189 0.015580 0.075269 0.099003 -0.546320 0.786729 0.269760     0.600263 0.016637 0.075200 0.099646 -0.546515 0.787230 0.267697     
0.596000 0.014000 0.063000 0.000000 -0.707100 0.707100 0.000000     0.586000 0.024000 0.059500 0.002037 -0.706138 0.708008 0.008382     -0.009540 0.009302 -0.003655 0.999923 0.007367 0.004487 -0.001323     0.591095 0.025839 0.069483 0.100904 -0.544542 0.783961 0.280497     0.591917 0.025360 0.069509 0.100313 -0.544708 0.783685 0.281190     0.010231 -0.007611 0.002900 0.999892 -0.010528 -0.009756 0.003098     0.601118 0.018470 0.072439 0.101939 -0.550710 0.784158 0.267214     0.600485 0.019117 0.072558 0.101739 -0.550728 0.784953 0.264946     
0.596000 0.014000 0.063000 0.000000 -0.707100 0.707100 0.000000     0.586000 0.024000 0.063000 0.004698 0.701930 -0.712216 0.001089     -0.010020 0.009557 -0.000656 0.999923 -0.004092 0.002552 -0.007273     0.591080 0.026008 0.072958 0.097769 -0.541545 0.790146 0.269849     0.591188 0.025147 0.072404 0.099139 -0.541711 0.789453 0.271080     0.010606 -0.008929 0.000332 0.999961 -0.000587 -0.002818 0.008327     0.601596 0.017175 0.073315 0.097426 -0.548921 0.785489 0.268663     0.602145 0.017702 0.073374 0.095767 -0.549413 0.785832 0.267285     
0.596000 0.014000 0.063000 0.000000 -0.707100 0.707100 0.000000     0.586000 0.024000 0.066500 0.012808 0.714682 -0.698657 0.030422     -0.010560 0.010271 0.003289 0.999352 -0.030567 -0.012455 0.011331     0.590697 0.026721 0.076476 0.089924 -0.562571 0.785222 0.242558     0.590424 0.026656 0.076288 0.091675 -0.562717 0.784744 0.243151     0.012291 -0.009399 -0.001165 0.999532 0.023681 0.016080 -0.010823     0.603361 0.016745 0.075270 0.093203 -0.547779 0.786645 0.269112     0.602971 0.017284 0.075528 0.092340 -0.546742 0.787914 0.267840     
0.596000 0.014000 0.063000 0.000000 -0.707100 0.707100 0.000000     0.591000 0.004000 0.059500 -0.000000 0.707100 -0.707100 -0.000000     -0.005393 -0.010801 -0.003797 0.999961 0.000000 0.000000 0.000000     0.596000 0.006000 0.069500 0.100035 -0.547560 0.784824 0.272401     0.595776 0.005338 0.069308 0.100211 -0.547727 0.784552 0.272821     0.005126 0.009570 0.004049 0.999965 -0.008127 0.000559 0.001747     0.601130 0.015750 0.073509 0.094666 -0.549573 0.786110 0.266495     0.601917 0.015898 0.073427 0.091238 -0.549577 0.787546 0.263463     
0.596000 0.014000 0.063000 0.000000 -0.707100 0.707100 0.000000     0.591000 0.004000 0.063000 0.007035 -0.711357 0.702628 -0.014731     -0.005670 -0.010589 -0.000163 0.999809 -0.005441 -0.015390 0.006173     0.595664 0.006169 0.073126 0.107437 -0.557058 0.781267 0.260279     0.595062 0.005546 0.072963 0.108723 -0.557313 0.780825 0.260566     0.005491 0.009086 0.000989 0.999783 -0.001810 0.019759 -0.006286     0.601579 0.015230 0.073915 0.092604 -0.547078 0.787194 0.269140     0.602128 0.014740 0.074389 0.090404 -0.547440 0.787117 0.269412     
0.596000 0.014000 0.063000 0.000000 -0.707100 0.707100 0.000000     0.591000 0.004000 0.066500 0.021018 -0.696002 0.717714 -0.002790     -0.004946 -0.010203 0.002782 0.999618 0.012889 -0.016834 -0.015352     0.595715 0.005590 0.076710 0.124452 -0.538619 0.787767 0.271670     0.595722 0.005047 0.075982 0.125946 -0.538665 0.787191 0.272595     0.004241 0.008932 -0.000465 0.999665 -0.015754 0.014655 0.014374     0.600199 0.014980 0.076046 0.100475 -0.547742 0.785864 0.268852     0.599378 0.014320 0.077112 0.100484 -0.547758 0.785872 0.268830     
0.596000 0.014000 0.063000 0.000000 -0.707100 0.707100 0.000000     0.591000 0.009000 0.059500 0.000602 0.703419 -0.710727 0.007006     -0.005285 -0.005194 -0.003894 0.999923 -0.005379 -0.004528 -0.005168     0.595930 0.011056 0.069523 0.102047 -0.545255 0.788636 0.265173     0.595599 0.010623 0.069007 0.103454 -0.545497 0.788156 0.265595     0.004366 0.004955 0.003717 0.999968 0.000571 0.002744 0.007501     0.600320 0.016074 0.073215 0.098202 -0.550367 0.784650 0.267876     0.602206 0.015849 0.072892 0.093158 -0.551180 0.784069 0.269736     
0.596000 0.014000 0.063000 0.000000 -0.707100 0.707100 0.000000     0.591000 0.009000 0.063000 0.027522 -0.691857 0.721482 0.004656     -0.005510 -0.005522 -0.000288 0.999352 0.022753 -0.016168 -0.020947     0.595743 0.010335 0.073234 0.130828 -0.532914 0.788001 0.279144     0.595319 0.009780 0.072977 0.132206 -0.533404 0.787353 0.279424     0.004894 0.005960 0.000349 0.999325 -0.024259 0.016648 0.021990     0.600899 0.017001 0.073338 0.098555 -0.548409 0.784700 0.271589     0.600276 0.016296 0.074506 0.098481 -0.548419 0.784731 0.271542     
0.596000 0.014000 0.063000 0.000000 -0.707100 0.707100 0.000000     0.591000 0.009000 0.066500 0.000456 -0.701900 0.712084 0.015891     -0.005014 -0.005239 0.003060 0.999809 0.011559 0.010914 -0.007201     0.596244 0.010696 0.076431 0.099745 -0.537696 0.786591 0.286687     0.596223 0.010127 0.075978 0.100812 -0.537710 0.786208 0.287370     0.004057 0.005161 -0.003609 0.999778 -0.015612 -0.009441 0.010516     0.600073 0.016275 0.072859 0.095739 -0.550112 0.784296 0.270316     0.600497 0.016757 0.073113 0.092788 -0.550552 0.785728 0.266297     
0.596000 0.014000 0.063000 0.000000 -0.707100 0.707100 0.000000     0.591000 0.014000 0.059500 -0.000000 0.707100 -0.707100 -0.000000     -0.005019 0.000296 -0.003915 0.999961 0.000000 0.000000 0.000000     0.596000 0.016000 0.069500 0.100035 -0.547560 0.784824 0.272401     0.596227 0.015816 0.069245 0.100871 -0.547680 0.784185 0.273727     0.006089 -0.000773 0.003855 0.999974 -0.001871 -0.006706 0.001681     0.601947 0.015281 0.073413 0.103813 -0.550879 0.783722 0.267422     0.602918 0.015127 0.073323 0.101377 -0.551451 0.783787 0.267027     
0.596000 0.014000 0.063000 0.000000 -0.707100 0.707100 0.000000     0.591000 0.014000 0.063000 0.008339 -0.706983 0.707163 -0.002568     -0.004916 -0.000336 -0.000161 0.999923 0.004080 -0.007712 -0.000127     0.595845 0.015917 0.073092 0.108353 -0.549132 0.782981 0.271358     0.596095 0.015239 0.073030 0.109040 -0.550169 0.780953 0.274839     0.005397 0.000071 0.000283 0.999954 -0.008632 0.004031 -0.000654     0.601326 0.016155 0.073301 0.100629 -0.548437 0.786083 0.266729     0.602474 0.015542 0.073450 0.098939 -0.548678 0.785668 0.268121     
0.596000 0.014000 0.063000 0.000000 -0.707100 0.707100 0.000000     0.591000 0.014000 0.066500 0.008888 -0.696883 0.717102 0.004604     -0.005297 -0.000106 0.003375 0.999809 0.009540 -0.003029 -0.014296     0.595992 0.015666 0.076565 0.111515 -0.536127 0.789631 0.276758     0.595711 0.015361 0.076340 0.113236 -0.536586 0.788865 0.277391     0.004869 -0.000300 -0.002125 0.999802 -0.010630 0.001983 0.016695     0.600838 0.015745 0.074381 0.099608 -0.549840 0.783688 0.271234     0.602144 0.015487 0.074566 0.096182 -0.550636 0.783356 0.271848     
0.596000 0.014000 0.063000 0.000000 -0.707100 0.707100 0.000000     0.591000 0.019000 0.059500 0.004992 0.710833 -0.703313 -0.004791     -0.007320 0.004511 -0.003625 0.999923 -0.000142 0.006918 0.005317     0.596116 0.021057 0.069429 0.093075 -0.549842 0.782613 0.276600     0.594001 0.020816 0.069367 0.093158 -0.549842 0.782658 0.276481     0.008730 -0.006840 0.004095 0.999943 -0.004597 -0.006607 -0.006974     0.604744 0.014238 0.073572 0.097641 -0.546608 0.787060 0.268704     0.605095 0.014378 0.073931 0.095558 -0.546817 0.787427 0.267989     
0.596000 0.014000 0.063000 0.000000 -0.707100 0.707100 0.000000     0.591000 0.019000 0.063000 0.007290 0.715223 -0.698762 -0.010769     -0.005430 0.004455 -0.000289 0.999809 0.002460 0.012769 0.011639     0.596206 0.021070 0.072880 0.088174 -0.552887 0.778938 0.282447     0.597177 0.020694 0.072279 0.088157 -0.552903 0.778919 0.282510     0.005241 -0.005849 0.000745 0.999915 -0.002277 -0.010793 -0.006954     0.601261 0.015195 0.073726 0.097279 -0.550672 0.782409 0.274068     0.602746 0.015186 0.073864 0.095848 -0.550841 0.782161 0.274975     
0.596000 0.014000 0.063000 0.000000 -0.707100 0.707100 0.000000     0.591000 0.019000 0.066500 0.018815 0.712971 -0.700367 -0.028009     -0.005635 0.005463 0.003330 0.999352 0.006501 0.033109 0.008912     0.596616 0.020967 0.076174 0.075121 -0.544551 0.781007 0.296359     0.596173 0.020916 0.075961 0.076232 -0.544863 0.780653 0.296468     0.005814 -0.005289 -0.002909 0.999442 -0.008699 -0.032058 -0.003538     0.601814 0.015812 0.073570 0.096427 -0.551639 0.782668 0.271677     0.602726 0.016143 0.073310 0.095520 -0.551977 0.783228 0.269723     
0.596000 0.014000 0.063000 0.000000 -0.707100 0.707100 0.000000     0.591000 0.024000 0.059500 0.013549 -0.708743 0.705241 0.010718     -0.005080 0.009633 -0.003666 0.999809 0.017159 -0.002002 0.002476     0.595951 0.025680 0.069583 0.110312 -0.548248 0.778474 0.284979     0.596543 0.024999 0.068708 0.111452 -0.548735 0.777504 0.286277     0.006714 -0.009531 0.004055 0.999760 -0.020954 0.002525 -0.005873     0.602737 0.016511 0.073535 0.098505 -0.545137 0.787757 0.269335     0.601760 0.015884 0.074483 0.098403 -0.545153 0.787800 0.269250     
0.596000 0.014000 0.063000 0.000000 -0.707100 0.707100 0.000000     0.591000 0.024000 0.063000 0.015518 -0.709898 0.704087 0.006847     -0.005505 0.009693 -0.000197 0.999809 0.015814 -0.006131 0.004109     0.595861 0.025722 0.073119 0.112371 -0.550790 0.777533 0.281826     0.596341 0.025277 0.072319 0.113154 -0.551441 0.776538 0.283014     0.006039 -0.010702 0.001789 0.999759 -0.020940 0.004919 -0.004359     0.602016 0.015399 0.074780 0.098214 -0.548235 0.786201 0.267696     0.603712 0.015120 0.074238 0.094976 -0.548793 0.785940 0.268521     
0.596000 0.014000 0.063000 0.000000 -0.707100 0.707100 0.000000     0.591000 0.024000 0.066500 0.016043 0.715192 -0.698523 0.016997     -0.005065 0.009862 0.002666 0.999618 -0.023363 -0.000675 0.011786     0.595932 0.026582 0.076400 0.084526 -0.559144 0.784398 0.254782     0.595903 0.026031 0.075831 0.086045 -0.559366 0.783800 0.255664     0.006191 -0.010243 -0.001682 0.999724 0.020755 0.001199 -0.010907     0.602198 0.015818 0.074802 0.097947 -0.548374 0.785094 0.270740     0.603801 0.015332 0.074280 0.096400 -0.548627 0.784035 0.273870     
0.596000 0.014000 0.063000 0.000000 -0.707100 0.707100 0.000000     0.596000 0.004000 0.059500 0.006099 0.702181 -0.711804 0.014869     -0.000907 -0.009511 -0.003758 0.999809 -0.014826 -0.006201 -0.006805     0.600905 0.006229 0.069499 0.098621 -0.545308 0.791849 0.256647     0.600441 0.006231 0.069297 0.100538 -0.545565 0.791334 0.256986     0.000063 0.009432 0.004461 0.999887 0.011122 0.005418 0.008559     0.601039 0.015523 0.073954 0.098188 -0.549537 0.784772 0.269224     0.603133 0.015136 0.073720 0.093562 -0.549661 0.784336 0.271911     
0.596000 0.014000 0.063000 0.000000 -0.707100 0.707100 0.000000     0.596000 0.004000 0.063000 0.004218 -0.707142 0.707004 0.007639     -0.000203 -0.010918 -0.000009 0.999923 0.008384 0.002418 0.000097     0.601048 0.005833 0.073008 0.102697 -0.546118 0.782699 0.280305     0.601279 0.005012 0.072964 0.102906 -0.546925 0.781181 0.282913     0.000352 0.011516 -0.000569 0.999869 -0.014427 -0.007000 0.002226     0.601251 0.017660 0.072451 0.099660 -0.551232 0.784706 0.265382     0.602110 0.017850 0.072520 0.096005 -0.550762 0.786090 0.263640     
0.596000 0.014000 0.063000 0.000000 -0.707100 0.707100 0.000000     0.596000 0.004000 0.066500 0.007857 -0.695443 0.718273 -0.019049     0.000437 -0.010535 0.003884 0.999618 -0.007914 -0.019025 -0.016143     0.600681 0.006003 0.076653 0.114996 -0.540677 0.793647 0.254064     0.601355 0.005625 0.077008 0.114802 -0.540716 0.793635 0.254144     -0.000251 0.009384 -0.000908 0.999681 0.003039 0.016979 0.018437     0.600697 0.015503 0.075594 0.098444 -0.550474 0.784606 0.267696     0.600494 0.016720 0.075764 0.097285 -0.550602 0.785283 0.265902     
0.596000 0.014000 0.063000 0.000000 -0.707100 0.707100 0.000000     0.596000 0.009000 0.059500 0.008736 0.699622 -0.713717 -0.032285     0.000076 -0.005412 -0.003588 0.999352 0.016651 0.029005 -0.009967     0.601609 0.010565 0.069251 0.089042 -0.529837 0.788169 0.300189     0.601816 0.009904 0.069023 0.090147 -0.530526 0.786508 0.303021     0.000585 0.005886 0.003747 0.999383 -0.017845 -0.028329 0.010601     0.601596 0.016917 0.073235 0.098677 -0.547958 0.784901 0.271873     0.602860 0.017113 0.073110 0.096747 -0.548830 0.784792 0.271161     
0.596000 0.014000 0.063000 0.000000 -0.707100 0.707100 0.000000     0.596000 0.009000 0.063000 0.008703 0.706777 -0.707369 0.000474     -0.000164 -0.005134 -0.000395 0.999923 -0.006489 0.005819 -0.000419     0.601118 0.011125 0.072914 0.092025 -0.546274 0.787374 0.270442     0.600990 0.010819 0.072548 0.093528 -0.546759 0.786677 0.271012     0.001393 0.004395 0.000890 0.999978 0.003773 -0.005391 0.000444     0.602401 0.015450 0.073875 0.098209 -0.547723 0.785597 0.270503     0.602405 0.015952 0.073898 0.098868 -0.547634 0.786415 0.268095     
0.596000 0.014000 0.063000 0.000000 -0.707100 0.707100 0.000000     0.596000 0.009000 0.066500 -0.000000 0.707100 -0.707100 -0.000000     -0.000449 -0.004524 0.003335 0.999961 0.000000 0.000000 0.000000     0.601000 0.011000 0.076500 0.100035 -0.547560 0.784824 0.272401     0.600617 0.010903 0.076267 0.101106 -0.547754 0.784507 0.272565     0.001215 0.003211 -0.002503 0.999985 -0.003411 0.001895 0.003927     0.602236 0.014318 0.073964 0.095608 -0.550458 0.783781 0.271151     0.602867 0.014269 0.073629 0.094297 -0.550677 0.784609 0.268797     
0.596000 0.014000 0.063000 0.000000 -0.707100 0.707100 0.000000     0.596000 0.014000 0.059500 0.016680 -0.710294 0.703690 0.002132     0.000495 -0.000686 -0.003501 0.999809 0.013302 -0.010287 0.004669     0.600775 0.015778 0.069651 0.114105 -0.552613 0.777495 0.277634     0.601536 0.015230 0.069635 0.113759 -0.552711 0.777282 0.278213     0.000723 0.000159 0.003610 0.999758 -0.017913 0.012461 -0.002949     0.601760 0.016268 0.073069 0.095308 -0.548770 0.785332 0.270189     0.600646 0.016060 0.074051 0.095307 -0.548780 0.785352 0.270147     
0.596000 0.014000 0.063000 0.000000 -0.707100 0.707100 0.000000     0.596000 0.014000 0.063000 0.031517 -0.698148 0.715191 -0.008909     0.000182 -0.000320 -0.000159 0.999352 0.015986 -0.028585 -0.012051     0.600461 0.015561 0.073328 0.134445 -0.543955 0.783731 0.267924     0.600642 0.014952 0.073167 0.135425 -0.544788 0.782400 0.269661     0.000606 -0.000204 0.000101 0.999503 -0.018509 0.023213 0.010591     0.601502 0.015833 0.073145 0.103279 -0.548255 0.785660 0.267336     0.600544 0.015065 0.074003 0.103232 -0.548283 0.785666 0.267317     
0.596000 0.014000 0.063000 0.000000 -0.707100 0.707100 0.000000     0.596000 0.014000 0.066500 0.003666 -0.707917 0.706230 -0.007829     0.000614 -0.000168 0.003113 0.999923 -0.002944 -0.008128 0.001193     0.600832 0.016071 0.076568 0.104473 -0.550984 0.784130 0.265749     0.601660 0.015373 0.076318 0.104104 -0.552024 0.781551 0.271312     0.000662 -0.000733 -0.002972 0.999978 -0.003574 0.004960 -0.002568     0.601605 0.015384 0.073532 0.099295 -0.548013 0.786996 0.265405     0.602706 0.014705 0.073669 0.097854 -0.548425 0.786378 0.266953     
0.596000 0.014000 0.063000 0.000000 -0.707100 0.707100 0.000000     0.596000 0.019000 0.059500 0.004665 0.709862 -0.703477 -0.034290     -0.000489 0.004957 -0.003744 0.999352 0.020948 0.027544 0.004514     0.601529 0.020633 0.069286 0.088596 -0.541170 0.778923 0.304211     0.601016 0.020287 0.069128 0.089385 -0.541130 0.778784 0.304440     0.001184 -0.004692 0.004114 0.999343 -0.019141 -0.030317 -0.005308     0.602131 0.016265 0.073649 0.103409 -0.547599 0.784421 0.272224     0.602196 0.016645 0.073683 0.104102 -0.547780 0.784930 0.270156     
0.596000 0.014000 0.063000 0.000000 -0.707100 0.707100 0.000000     0.596000 0.019000 0.063000 0.012611 -0.698620 0.715365 -0.002310     -0.000570 0.005346 -0.000287 0.999809 0.007284 -0.010550 -0.011840     0.600832 0.020737 0.073131 0.115514 -0.540329 0.788148 0.271115     0.600761 0.020841 0.072756 0.116577 -0.540160 0.788000 0.271464     0.001262 -0.004942 0.000759 0.999801 -0.009804 0.011249 0.013261     0.602270 0.016122 0.073742 0.097732 -0.548755 0.784783 0.270945     0.601474 0.015153 0.074275 0.099653 -0.548835 0.784161 0.271921     
0.596000 0.014000 0.063000 0.000000 -0.707100 0.707100 0.000000     0.596000 0.019000 0.066500 0.023774 -0.724437 0.688901 0.004621     0.000176 0.004477 0.003507 0.999352 0.020078 -0.013543 0.025127     0.600630 0.020836 0.076708 0.114753 -0.568628 0.763763 0.283091     0.600989 0.020359 0.076813 0.114752 -0.568636 0.763767 0.283100     0.000617 -0.005056 -0.002771 0.999296 -0.023457 0.010860 -0.027178     0.601572 0.015994 0.073741 0.100732 -0.547088 0.786566 0.268033     0.603449 0.015456 0.073318 0.096519 -0.547877 0.785724 0.270468     
0.596000 0.014000 0.063000 0.000000 -0.707100 0.707100 0.000000     0.596000 0.024000 0.059500 0.019982 -0.710789 0.702550 -0.028013     0.000162 0.009687 -0.003661 0.999352 -0.005678 -0.033937 0.005826     0.600287 0.026169 0.069792 0.121912 -0.561611 0.779308 0.249778     0.600495 0.025518 0.069651 0.123098 -0.562776 0.777228 0.253075     0.000798 -0.009463 0.002763 0.999422 0.000362 0.033211 -0.007203     0.601789 0.016633 0.072248 0.097963 -0.547334 0.786862 0.267690     0.600706 0.017289 0.072302 0.098464 -0.547294 0.787536 0.265635     
0.596000 0.014000 0.063000 0.000000 -0.707100 0.707100 0.000000     0.596000 0.024000 0.063000 0.021022 0.716983 -0.696732 -0.006185     -0.000878 0.010336 0.000149 0.999618 -0.010491 0.019237 0.014320     0.601318 0.026355 0.072756 0.075257 -0.554420 0.781496 0.276041     0.600846 0.026319 0.072655 0.076517 -0.554583 0.781201 0.276238     0.002861 -0.009753 0.000091 0.999630 0.008964 -0.020980 -0.014827     0.603829 0.016272 0.073102 0.100687 -0.547744 0.785374 0.270196     0.605205 0.015741 0.073137 0.100853 -0.548064 0.785254 0.269870     
0.596000 0.014000 0.063000 0.000000 -0.707100 0.707100 0.000000     0.596000 0.024000 0.066500 0.000585 0.704582 -0.709564 0.007962     -0.000808 0.010466 0.003353 0.999923 -0.006044 -0.005217 -0.003522     0.600910 0.026086 0.076527 0.101775 -0.546800 0.787847 0.264439     0.600162 0.026202 0.076405 0.102431 -0.546884 0.787707 0.264470     0.001974 -0.011083 -0.001992 0.999970 0.005581 0.002820 0.004662     0.602921 0.014937 0.074530 0.101369 -0.549142 0.784086 0.270844     0.604441 0.014726 0.074233 0.097410 -0.550414 0.783144 0.272472     
0.596000 0.014000 0.063000 0.000000 -0.707100 0.707100 0.000000     0.601000 0.004000 0.059500 0.003180 -0.712339 0.701807 0.003254     0.001509 -0.009998 -0.003597 0.999923 0.004549 0.000052 0.007447     0.605971 0.005983 0.069518 0.100452 -0.552914 0.779483 0.276735     0.602351 0.005766 0.069373 0.100824 -0.553014 0.779341 0.276835     -0.000540 0.009945 0.003616 0.999964 -0.007094 -0.000051 -0.004684     0.605449 0.016023 0.073105 0.097862 -0.549970 0.784002 0.270697     0.606414 0.016112 0.072982 0.094112 -0.549482 0.785074 0.269948     
0.596000 0.014000 0.063000 0.000000 -0.707100 0.707100 0.000000     0.601000 0.004000 0.063000 0.007397 0.710308 -0.703838 0.000706     0.004573 -0.010297 0.000116 0.999923 -0.005730 0.004731 0.004575     0.606075 0.006160 0.072928 0.091934 -0.550414 0.784323 0.270942     0.605881 0.005721 0.072836 0.093270 -0.550878 0.783561 0.271784     -0.004156 0.011160 -0.001159 0.999941 0.005816 -0.008092 -0.004413     0.601776 0.017160 0.071875 0.102672 -0.548578 0.784386 0.270628     0.601865 0.017832 0.072115 0.102748 -0.548458 0.785191 0.268538     
0.596000 0.014000 0.063000 0.000000 -0.707100 0.707100 0.000000     0.601000 0.004000 0.066500 0.000145 0.703390 -0.710756 0.007000     0.004233 -0.009460 0.003493 0.999923 -0.005052 -0.004847 -0.005208     0.605924 0.006050 0.076528 0.102487 -0.545277 0.788537 0.265250     0.605608 0.006127 0.076372 0.103141 -0.545314 0.788427 0.265289     -0.002677 0.010496 -0.003457 0.999943 0.003445 0.001886 0.009934     0.603244 0.016574 0.073066 0.100238 -0.552226 0.782355 0.269998     0.603769 0.016888 0.073045 0.098241 -0.552627 0.783174 0.267565     
0.596000 0.014000 0.063000 0.000000 -0.707100 0.707100 0.000000     0.601000 0.009000 0.059500 0.007854 -0.711780 0.701936 0.023981     0.004715 -0.005612 -0.003335 0.999618 0.022510 0.011403 0.006961     0.606202 0.010622 0.069465 0.101480 -0.547477 0.775753 0.296916     0.605969 0.009946 0.069605 0.103042 -0.547978 0.774427 0.298940     -0.003833 0.006533 0.001204 0.999686 -0.022466 -0.009565 -0.005674     0.602199 0.017545 0.070686 0.098253 -0.548024 0.784315 0.273582     0.602815 0.017995 0.071031 0.094865 -0.546565 0.786584 0.271206     
0.596000 0.014000 0.063000 0.000000 -0.707100 0.707100 0.000000     0.601000 0.009000 0.063000 0.017279 0.708673 -0.705311 -0.000593     0.004123 -0.004658 0.000025 0.999809 -0.011799 0.012637 0.002377     0.606240 0.011258 0.072820 0.082993 -0.547080 0.787881 0.270257     0.605755 0.011227 0.072639 0.084505 -0.547202 0.787666 0.270206     -0.003349 0.004916 -0.000662 0.999844 0.009673 -0.014733 -0.001405     0.602605 0.015968 0.072350 0.100259 -0.549067 0.784690 0.269659     0.604087 0.015919 0.072133 0.100321 -0.549050 0.784696 0.269688     
0.596000 0.014000 0.063000 0.000000 -0.707100 0.707100 0.000000     0.601000 0.009000 0.066500 0.010564 -0.716232 0.697753 -0.004716     0.004595 -0.005143 0.002952 0.999809 0.004135 -0.010805 0.013066     0.605730 0.011044 0.076622 0.107204 -0.560261 0.775343 0.270996     0.605352 0.010759 0.076328 0.108763 -0.560646 0.774755 0.271295     -0.003509 0.005706 -0.003316 0.999873 -0.006766 0.010168 -0.010237     0.602467 0.016786 0.073179 0.098290 -0.550223 0.783903 0.270315     0.603242 0.017158 0.073210 0.094778 -0.549193 0.785816 0.268138     
0.596000 0.014000 0.063000 0.000000 -0.707100 0.707100 0.000000     0.601000 0.014000 0.059500 0.018246 -0.718418 0.695297 -0.009220     0.004847 -0.000197 -0.003619 0.999618 0.006382 -0.019421 0.016348     0.605541 0.016027 0.069711 0.114284 -0.564855 0.771922 0.268318     0.605394 0.015588 0.069572 0.115958 -0.565365 0.771051 0.269065     -0.004343 0.001507 0.002344 0.999642 -0.009417 0.018536 -0.016866     0.601642 0.017564 0.071840 0.099141 -0.547737 0.785817 0.269495     0.601753 0.017790 0.072105 0.096512 -0.546950 0.787970 0.265773     
0.596000 0.014000 0.063000 0.000000 -0.707100 0.707100 0.000000     0.601000 0.014000 0.063000 0.021370 -0.724097 0.689242 0.012403     0.005088 -0.000338 -0.000229 0.999352 0.023880 -0.006341 0.024646     0.605779 0.015760 0.073152 0.111313 -0.565908 0.763711 0.289971     0.605967 0.015089 0.072971 0.112025 -0.566415 0.762134 0.292877     -0.004883 0.000678 0.000801 0.999273 -0.026703 0.004338 -0.026879     0.601086 0.016714 0.073809 0.100601 -0.546683 0.786592 0.268829     0.601731 0.017433 0.074066 0.097338 -0.545159 0.788405 0.267853     
0.596000 0.014000 0.063000 0.000000 -0.707100 0.707100 0.000000     0.601000 0.014000 0.066500 0.011262 0.699344 -0.714372 0.021106     0.004437 0.000327 0.003703 0.999618 -0.022887 -0.006960 -0.010626     0.605907 0.016352 0.076469 0.095825 -0.543218 0.795912 0.249471     0.605638 0.016163 0.076563 0.096972 -0.543258 0.795423 0.250538     -0.004731 0.000890 -0.003441 0.999765 0.015645 0.005928 0.013802     0.601232 0.017066 0.073041 0.096140 -0.551098 0.784892 0.266407     0.602973 0.016967 0.072602 0.093323 -0.551733 0.784013 0.268710     
0.596000 0.014000 0.063000 0.000000 -0.707100 0.707100 0.000000     0.601000 0.019000 0.059500 -0.000000 0.707100 -0.707100 -0.000000     0.002366 0.004863 -0.003215 0.999961 0.000000 0.000000 0.000000     0.606000 0.021000 0.069500 0.100035 -0.547560 0.784824 0.272401     0.603400 0.020555 0.069563 0.100445 -0.547838 0.784233 0.273427     -0.000512 -0.004374 0.002397 0.999995 0.001639 0.001790 0.002169     0.605515 0.016616 0.071886 0.098936 -0.548608 0.783365 0.274884     0.606739 0.016540 0.071995 0.095467 -0.549331 0.782959 0.275856     
0.596000 0.014000 0.063000 0.000000 -0.707100 0.707100 0.000000     0.601000 0.019000 0.063000 0.007691 -0.724120 0.689595 0.005486     0.004845 0.004707 -0.000196 0.999618 0.009317 -0.001560 0.024412     0.605870 0.021054 0.073053 0.099677 -0.566025 0.768494 0.281209     0.605775 0.020343 0.072885 0.100385 -0.566265 0.767963 0.281956     -0.003883 -0.004865 0.001087 0.999668 -0.010802 0.001768 -0.023305     0.602118 0.016176 0.074079 0.098724 -0.548507 0.784644 0.271492     0.602149 0.016936 0.074873 0.096920 -0.547108 0.786816 0.268699     
0.596000 0.014000 0.063000 0.000000 -0.707100 0.707100 0.000000     0.601000 0.019000 0.066500 0.007521 0.704122 -0.710024 0.001471     0.004194 0.005461 0.003563 0.999923 -0.006358 0.004278 -0.004173     0.606102 0.021085 0.076431 0.094328 -0.543734 0.789239 0.269326     0.606168 0.021278 0.075768 0.095344 -0.543543 0.788945 0.270252     -0.002373 -0.003741 -0.002797 0.999917 0.004596 -0.004476 0.011168     0.603593 0.017364 0.073698 0.097345 -0.553275 0.781442 0.271550     0.605048 0.017235 0.073365 0.095154 -0.553630 0.781349 0.271906     
0.596000 0.014000 0.063000 0.000000 -0.707100 0.707100 0.000000     0.601000 0.024000 0.059500 0.012872 -0.714624 0.699361 0.004734     0.002461 0.009981 -0.003711 0.999809 0.012449 -0.005754 0.010793     0.605843 0.025856 0.069605 0.108413 -0.556269 0.774828 0.280059     0.603334 0.025658 0.069390 0.109221 -0.556763 0.774163 0.280639     -0.001427 -0.009618 0.004426 0.999824 -0.011931 0.002283 -0.014300     0.604516 0.016338 0.073962 0.103992 -0.545745 0.786235 0.270485     0.605329 0.016482 0.074078 0.100619 -0.545195 0.787297 0.269817     
0.596000 0.014000 0.063000 0.000000 -0.707100 0.707100 0.000000     0.601000 0.024000 0.063000 0.002877 0.715296 -0.698689 0.012586     0.004889 0.009365 -0.000046 0.999809 -0.010934 -0.006865 0.011742     0.605812 0.026334 0.073020 0.096222 -0.559656 0.780566 0.261194     0.605899 0.025457 0.073110 0.096218 -0.559665 0.780554 0.261251     -0.002205 -0.010919 0.000632 0.999890 0.011007 0.003016 -0.009444     0.603708 0.015102 0.073671 0.102484 -0.550376 0.783182 0.270536     0.605282 0.014681 0.073496 0.100319 -0.550777 0.781743 0.274699     
0.596000 0.014000 0.063000 0.000000 -0.707100 0.707100 0.000000     0.601000 0.024000 0.066500 -0.000000 0.707100 -0.707100 -0.000000     0.004161 0.010382 0.003576 0.999961 0.000000 0.000000 0.000000     0.606000 0.026000 0.076500 0.100035 -0.547560 0.784824 0.272401     0.605703 0.026176 0.076326 0.101496 -0.547379 0.784622 0.272842     -0.002491 -0.010179 -0.003003 0.999995 -0.002390 -0.002048 -0.000032     0.603469 0.015868 0.073508 0.100341 -0.548329 0.785284 0.269400     0.604058 0.016210 0.073597 0.097221 -0.549057 0.785957 0.267126     
0.596000 0.014000 0.063000 0.000000 -0.707100 0.707100 0.000000     0.606000 0.004000 0.059500 0.005347 0.709359 -0.704625 -0.016272     0.011243 -0.011387 -0.004917 0.999809 0.007725 0.015287 0.003347     0.611291 0.005881 0.069373 0.091340 -0.545167 0.782296 0.287128     0.611865 0.004982 0.068295 0.092404 -0.545539 0.781594 0.288028     -0.007101 0.009940 0.002076 0.999851 -0.007363 -0.015600 -0.001025     0.603884 0.015957 0.071580 0.099810 -0.549435 0.783428 0.272727     0.604097 0.016333 0.072110 0.098980 -0.549545 0.784149 0.270765     
0.596000 0.014000 0.063000 0.000000 -0.707100 0.707100 0.000000     0.606000 0.004000 0.063000 0.000945 0.702799 -0.711347 0.006223     0.010183 -0.010612 0.000155 0.999923 -0.005069 -0.003732 -0.006044     0.610950 0.006041 0.073017 0.101831 -0.544319 0.789111 0.265764     0.611309 0.005628 0.073158 0.101805 -0.544318 0.789119 0.265792     -0.008293 0.009526 0.001483 0.999963 0.003231 0.004601 0.006475     0.602722 0.015567 0.074467 0.098234 -0.547857 0.785167 0.271468     0.604312 0.015313 0.074316 0.096000 -0.547772 0.785740 0.270818     
0.596000 0.014000 0.063000 0.000000 -0.707100 0.707100 0.000000     0.606000 0.004000 0.066500 -0.000000 0.707100 -0.707100 -0.000000     0.009170 -0.009752 0.003446 0.999961 0.000000 0.000000 0.000000     0.611000 0.006000 0.076500 0.100035 -0.547560 0.784824 0.272401     0.610728 0.005840 0.076295 0.101050 -0.548003 0.784116 0.273211     -0.008321 0.010705 -0.003724 0.999990 -0.003405 0.001269 0.002775     0.602693 0.016800 0.072750 0.096417 -0.549727 0.784351 0.270699     0.603348 0.017327 0.072629 0.093994 -0.548677 0.786207 0.268323     
0.596000 0.014000 0.063000 0.000000 -0.707100 0.707100 0.000000     0.606000 0.009000 0.059500 0.000189 -0.704148 0.709568 -0.025894     0.010234 -0.005340 -0.003714 0.999618 -0.018175 -0.018443 -0.003832     0.610646 0.011329 0.069599 0.105567 -0.551207 0.789760 0.247560     0.610934 0.010835 0.069427 0.106050 -0.551586 0.788788 0.249641     -0.009006 0.005004 0.003669 0.999820 0.012774 0.013754 0.002637     0.601905 0.016101 0.073193 0.101074 -0.548437 0.786454 0.265464     0.602749 0.016238 0.073115 0.099373 -0.547344 0.787489 0.265331     
0.596000 0.014000 0.063000 0.000000 -0.707100 0.707100 0.000000     0.606000 0.009000 0.063000 0.008841 0.723786 -0.689552 0.023533     0.009139 -0.004545 0.000003 0.999352 -0.022892 -0.010389 0.024206     0.610678 0.011692 0.072993 0.088998 -0.571345 0.776288 0.251002     0.610336 0.011762 0.072760 0.090469 -0.571472 0.775957 0.251250     -0.008926 0.003987 0.000413 0.999591 0.018523 0.008109 -0.020230     0.602012 0.015114 0.073417 0.098328 -0.551723 0.783601 0.268111     0.602022 0.015772 0.073402 0.098420 -0.551502 0.784461 0.266047     
0.596000 0.014000 0.063000 0.000000 -0.707100 0.707100 0.000000     0.606000 0.009000 0.066500 0.033666 0.704046 -0.709292 -0.008415     0.009838 -0.005474 0.003359 0.999352 -0.017854 0.029755 -0.003709     0.611600 0.011311 0.076107 0.067854 -0.537996 0.794217 0.274145     0.611526 0.010663 0.076017 0.068844 -0.538410 0.793471 0.275280     -0.007550 0.004437 -0.003943 0.999369 0.016068 -0.029480 0.011593     0.603420 0.015555 0.072547 0.096691 -0.553855 0.781074 0.271660     0.604827 0.015217 0.072159 0.096732 -0.553843 0.781071 0.271716     
0.596000 0.014000 0.063000 0.000000 -0.707100 0.707100 0.000000     0.606000 0.014000 0.059500 0.001401 0.700996 -0.713151 -0.000562     0.011349 -0.000565 -0.004507 0.999923 -0.000593 0.001388 -0.008595     0.611061 0.015925 0.069484 0.100957 -0.540475 0.789801 0.271826     0.611852 0.015503 0.068518 0.102251 -0.541320 0.788527 0.273389     -0.010365 0.001151 0.003493 0.999965 -0.006277 -0.001317 0.005299     0.600648 0.017255 0.072965 0.097161 -0.545633 0.788483 0.266683     0.601529 0.017960 0.072913 0.094716 -0.545445 0.789267 0.265663     
0.596000 0.014000 0.063000 0.000000 -0.707100 0.707100 0.000000     0.606000 0.014000 0.063000 0.005102 0.707734 -0.706413 0.007017     0.009814 -0.000681 -0.000134 0.999923 -0.008570 -0.001354 0.000934     0.610969 0.016181 0.072978 0.096146 -0.549498 0.786482 0.265017     0.610827 0.015393 0.072859 0.097827 -0.550024 0.785247 0.267002     -0.008023 0.001809 -0.000117 0.999994 0.001520 0.002791 -0.001220     0.603007 0.017947 0.072839 0.095109 -0.547649 0.787013 0.267627     0.604422 0.018456 0.072542 0.091425 -0.548479 0.787459 0.265933     
0.596000 0.014000 0.063000 0.000000 -0.707100 0.707100 0.000000     0.606000 0.014000 0.066500 -0.000000 0.707100 -0.707100 -0.000000     0.009886 -0.000403 0.003531 0.999961 0.000000 0.000000 0.000000     0.611000 0.016000 0.076500 0.100035 -0.547560 0.784824 0.272401     0.611043 0.015679 0.076729 0.100043 -0.547568 0.784832 0.272397     -0.007928 0.000300 -0.002893 0.999980 -0.004049 0.003685 0.003297     0.603132 0.016414 0.073553 0.094025 -0.549538 0.784474 0.271566     0.603309 0.016843 0.073279 0.094761 -0.549619 0.785047 0.269520     
0.596000 0.014000 0.063000 0.000000 -0.707100 0.707100 0.000000     0.606000 0.019000 0.059500 0.003185 -0.700931 0.713053 -0.014865     0.008711 0.005050 -0.003141 0.999809 -0.008259 -0.012763 -0.008571     0.610778 0.021082 0.069591 0.107849 -0.545052 0.790371 0.258032     0.609454 0.020945 0.069853 0.108957 -0.545704 0.789409 0.259170     -0.007948 -0.003787 0.003486 0.999881 0.004838 0.010659 0.010011     0.603003 0.017296 0.072994 0.099466 -0.549628 0.784722 0.268714     0.605032 0.017118 0.072454 0.094061 -0.550838 0.783731 0.271101     
0.596000 0.014000 0.063000 0.000000 -0.707100 0.707100 0.000000     0.606000 0.019000 0.063000 0.007037 -0.710720 0.703426 -0.000186     0.009460 0.004880 0.000026 0.999923 0.004844 -0.005107 0.005157     0.610877 0.020954 0.073070 0.105287 -0.552493 0.780140 0.273913     0.610529 0.020669 0.072972 0.106820 -0.552948 0.779458 0.274380     -0.008420 -0.003639 -0.000356 0.999969 -0.004212 0.005501 -0.003622     0.602582 0.017364 0.072642 0.099657 -0.548588 0.783850 0.273276     0.603104 0.017852 0.072708 0.096406 -0.548850 0.785049 0.270493     
0.596000 0.014000 0.063000 0.000000 -0.707100 0.707100 0.000000     0.606000 0.019000 0.066500 0.001632 0.688059 -0.725280 0.022860     0.010275 0.004446 0.003663 0.999352 -0.017318 -0.015011 -0.026318     0.610806 0.021090 0.076576 0.109441 -0.532392 0.801973 0.247791     0.611178 0.020248 0.076623 0.110332 -0.532908 0.800618 0.250692     -0.009942 -0.004250 -0.002012 0.999522 0.013180 0.012222 0.025138     0.601005 0.016821 0.074500 0.100375 -0.547826 0.786279 0.267501     0.600158 0.017346 0.074663 0.099594 -0.547759 0.787092 0.265569     
0.596000 0.014000 0.063000 0.000000 -0.707100 0.707100 0.000000     0.606000 0.024000 0.059500 -0.000000 0.707100 -0.707100 -0.000000     0.008026 0.009992 -0.003468 0.999961 0.000000 0.000000 0.000000     0.611000 0.026000 0.069500 0.100035 -0.547560 0.784824 0.272401     0.608969 0.025639 0.069466 0.101462 -0.548260 0.783529 0.274224     -0.006520 -0.009192 0.003547 0.999996 0.000806 0.000884 0.002631     0.604487 0.016818 0.073042 0.099065 -0.549301 0.783249 0.273780     0.605821 0.017293 0.072548 0.099009 -0.549335 0.783275 0.273692     
0.596000 0.014000 0.063000 0.000000 -0.707100 0.707100 0.000000     0.606000 0.024000 0.063000 0.005126 -0.704839 0.709307 -0.006316     0.009656 0.010376 -0.000519 0.999923 -0.000841 -0.008091 -0.003159     0.610850 0.025986 0.073076 0.106781 -0.547348 0.785944 0.266984     0.610599 0.025949 0.072656 0.108343 -0.547600 0.785443 0.267351     -0.007849 -0.010908 0.001549 0.999984 0.000417 0.005416 0.001838     0.603103 0.015087 0.074574 0.102260 -0.547293 0.785391 0.270469     0.603531 0.015979 0.074541 0.101071 -0.546745 0.786998 0.267375     
0.596000 0.014000 0.063000 0.000000 -0.707100 0.707100 0.000000     0.606000 0.024000 0.066500 0.027538 0.691510 -0.721828 0.000204     0.009198 0.010393 0.003451 0.999352 -0.019616 0.019327 -0.021437     0.611471 0.026162 0.076216 0.079903 -0.527099 0.803362 0.265279     0.611211 0.026307 0.076039 0.081087 -0.526946 0.803195 0.265763     -0.008576 -0.009298 -0.003353 0.999361 0.019093 -0.019651 0.022971     0.602411 0.016728 0.073148 0.099609 -0.548903 0.784105 0.271925     0.603735 0.016059 0.072977 0.100753 -0.548483 0.784442 0.271414     
