0.596000 0.014000 0.063000 0.000000 -0.707100 0.707100 0.000000     0.596000 0.014000 0.063000 -0.000000 0.707100 -0.707100 -0.000000     -0.000359 0.000464 0.000649 0.999961 0.000000 0.000000 0.000000     0.601000 0.016000 0.073000 0.100035 -0.547560 0.784824 0.272401     0.601118 0.016035 0.073357 0.100082 -0.547549 0.784796 0.272524     -0.000035 0.000422 -0.000982 0.999975 0.003004 -0.006151 0.001837     0.600834 0.016380 0.072090 0.106004 -0.550363 0.782365 0.271567     0.599856 0.017233 0.071816 0.106028 -0.550396 0.783081 0.269455     
0.596000 0.014000 0.063000 0.000000 -0.707100 0.707100 0.000000     0.586000 0.004000 0.059500 0.007188 0.703607 -0.710539 -0.000676     -0.010510 -0.009566 -0.003589 0.999923 -0.004604 0.005561 -0.004901     0.591131 0.006042 0.069425 0.094480 -0.542638 0.789289 0.271332     0.590849 0.006280 0.069343 0.095161 -0.542476 0.789246 0.271578     0.009960 0.012351 0.002051 0.999938 0.002025 -0.009952 0.004476     0.600874 0.018398 0.071584 0.102214 -0.548647 0.785321 0.267936     0.599505 0.019010 0.071616 0.102259 -0.548457 0.786084 0.266101     
0.596000 0.014000 0.063000 0.000000 -0.707100 0.707100 0.000000     0.586000 0.004000 0.063000 0.002965 0.703472 -0.710674 -0.006436     -0.010700 -0.009797 -0.000032 0.999923 0.002454 0.006647 -0.005093     0.591152 0.005899 0.072942 0.097545 -0.541485 0.787579 0.277447     0.590831 0.006003 0.072849 0.098151 -0.541533 0.787422 0.277623     0.009146 0.011349 -0.000834 0.999931 -0.001677 -0.010605 0.004722     0.600068 0.017329 0.072208 0.103673 -0.548273 0.784399 0.270826     0.598801 0.017975 0.072232 0.104194 -0.547978 0.785234 0.268832     
0.596000 0.014000 0.063000 0.000000 -0.707100 0.707100 0.000000     0.586000 0.004000 0.066500 0.014522 -0.696051 0.717664 0.015517     -0.010636 -0.009721 0.003233 0.999618 0.021240 0.000703 -0.015283     0.591066 0.005420 0.076566 0.115242 -0.533061 0.787208 0.287834     0.590725 0.005556 0.076338 0.115872 -0.533149 0.787048 0.287891     0.009881 0.009703 -0.001831 0.999764 -0.017777 -0.003489 0.011953     0.600837 0.015601 0.074710 0.105045 -0.545398 0.785366 0.273290     0.599617 0.016445 0.074891 0.104848 -0.545424 0.785520 0.272906     
0.596000 0.014000 0.063000 0.000000 -0.707100 0.707100 0.000000     0.586000 0.009000 0.059500 0.002768 0.711679 -0.702468 0.005106     -0.010411 -0.004560 -0.004025 0.999923 -0.005567 -0.001653 0.006513     0.590940 0.011176 0.069493 0.096505 -0.553658 0.782579 0.267768     0.590923 0.011285 0.069267 0.097039 -0.553554 0.782481 0.268113     0.011190 0.006456 0.002711 0.999938 0.009169 -0.004102 -0.004804     0.602067 0.017401 0.072283 0.106072 -0.550078 0.782339 0.272192     0.600862 0.018290 0.072251 0.105803 -0.550078 0.782489 0.271902     
0.596000 0.014000 0.063000 0.000000 -0.707100 0.707100 0.000000     0.586000 0.009000 0.063000 0.007010 0.704558 -0.709588 0.003790     -0.010756 -0.004512 -0.000324 0.999923 -0.007636 0.002277 -0.003557     0.591060 0.011117 0.072946 0.095031 -0.544891 0.789050 0.267289     0.590560 0.011392 0.072807 0.095350 -0.544849 0.789049 0.267301     0.010973 0.004546 0.000129 0.999914 0.007752 -0.009023 0.005537     0.601830 0.015562 0.073196 0.104887 -0.550889 0.783035 0.268992     0.600532 0.016299 0.073135 0.105778 -0.550674 0.783737 0.267069     
0.596000 0.014000 0.063000 0.000000 -0.707100 0.707100 0.000000     0.586000 0.009000 0.066500 0.003262 0.711520 -0.702627 0.005096     -0.010174 -0.004744 0.003421 0.999923 -0.005910 -0.001297 0.006288     0.590948 0.011181 0.076488 0.096100 -0.553419 0.782831 0.267672     0.590950 0.011297 0.076517 0.097010 -0.553273 0.782472 0.268731     0.010232 0.007128 -0.003390 0.999939 0.008127 -0.003467 -0.006608     0.601137 0.018081 0.073166 0.105074 -0.548359 0.783931 0.271464     0.599994 0.018653 0.073110 0.105871 -0.548338 0.784543 0.269460     
0.596000 0.014000 0.063000 0.000000 -0.707100 0.707100 0.000000     0.586000 0.014000 0.059500 0.008995 0.723741 -0.689597 -0.023540     -0.010466 0.000359 -0.003531 0.999352 0.010285 0.023005 0.024143     0.591358 0.016046 0.069303 0.080974 -0.558879 0.770625 0.295320     0.591175 0.016234 0.069297 0.082463 -0.558439 0.770503 0.296091     0.009517 0.002030 0.001144 0.999337 -0.011434 -0.024755 -0.024146     0.600483 0.018053 0.070656 0.100736 -0.548138 0.784981 0.270522     0.599308 0.018737 0.070028 0.100785 -0.548067 0.785540 0.269056     
0.596000 0.014000 0.063000 0.000000 -0.707100 0.707100 0.000000     0.586000 0.014000 0.063000 0.004990 0.703484 -0.710662 0.005049     -0.010839 0.000431 -0.000165 0.999923 -0.007098 -0.000042 -0.005075     0.591020 0.016091 0.072971 0.097559 -0.544277 0.789503 0.266289     0.590947 0.016313 0.072572 0.098885 -0.544128 0.789242 0.266913     0.010554 0.001406 -0.000224 0.999947 0.006785 -0.002857 0.007132     0.601487 0.017432 0.072804 0.101603 -0.549978 0.783494 0.270773     0.600303 0.018292 0.072573 0.101603 -0.549989 0.783430 0.270974     
0.596000 0.014000 0.063000 0.000000 -0.707100 0.707100 0.000000     0.586000 0.014000 0.066500 0.005212 -0.710958 0.703189 -0.004337     -0.011199 0.000622 0.003303 0.999923 0.000618 -0.006752 0.005493     0.590842 0.016042 0.076569 0.104172 -0.553628 0.780942 0.269729     0.590911 0.015888 0.076372 0.104199 -0.553356 0.780056 0.272860     0.011366 -0.000124 -0.002465 0.999988 0.001354 0.004190 -0.001956     0.602300 0.015872 0.074069 0.102176 -0.550823 0.782087 0.272898     0.601094 0.016710 0.074049 0.102222 -0.551010 0.781872 0.273159     
0.596000 0.014000 0.063000 0.000000 -0.707100 0.707100 0.000000     0.586000 0.019000 0.059500 0.009011 -0.722289 0.691050 -0.025472     -0.010613 0.005301 -0.003345 0.999352 -0.011639 -0.024382 0.022089     0.590409 0.021443 0.069678 0.106719 -0.572369 0.772982 0.251959     0.590447 0.021554 0.069249 0.107920 -0.572087 0.772806 0.252666     0.009908 -0.006104 0.002132 0.999574 0.013570 0.017991 -0.018551     0.600764 0.014893 0.071703 0.105209 -0.551804 0.781772 0.270658     0.599678 0.015726 0.071273 0.105802 -0.551797 0.782416 0.268610     
0.596000 0.014000 0.063000 0.000000 -0.707100 0.707100 0.000000     0.586000 0.019000 0.063000 0.007998 0.708907 -0.705239 0.002335     -0.011019 0.005518 -0.000266 0.999923 -0.007307 0.004004 0.002593     0.591069 0.021172 0.072929 0.092181 -0.549215 0.785765 0.269108     0.590395 0.021501 0.072838 0.093406 -0.549090 0.785783 0.268927     0.010983 -0.004149 0.000537 0.999964 0.006859 -0.004980 -0.000420     0.601954 0.016882 0.073545 0.099970 -0.549573 0.783663 0.271714     0.600668 0.017585 0.073399 0.100492 -0.549327 0.783581 0.272289     
0.596000 0.014000 0.063000 0.000000 -0.707100 0.707100 0.000000     0.586000 0.019000 0.066500 0.008099 -0.709390 0.703948 -0.033728     -0.010052 0.005173 0.002963 0.999352 -0.018122 -0.029575 0.003848     0.590385 0.021402 0.076698 0.112214 -0.560116 0.784217 0.242203     0.590429 0.021522 0.076242 0.112596 -0.560073 0.784154 0.242368     0.009477 -0.005188 -0.002063 0.999782 0.009479 0.018511 0.001596     0.600230 0.016037 0.074510 0.102595 -0.555699 0.782934 0.260131     0.598805 0.016423 0.074771 0.102824 -0.555686 0.782916 0.260157     
0.596000 0.014000 0.063000 0.000000 -0.707100 0.707100 0.000000     0.586000 0.024000 0.059500 0.002037 -0.706138 0.708008 0.008382     -0.010509 0.010239 -0.003394 0.999923 0.007367 0.004487 -0.001323     0.591095 0.025839 0.069483 0.100904 -0.544542 0.783961 0.280497     0.591320 0.025733 0.069594 0.101591 -0.544352 0.783568 0.281748     0.010798 -0.008779 0.001129 0.999965 -0.006647 -0.003900 0.003300     0.601802 0.017227 0.070626 0.099413 -0.548875 0.783607 0.273485     0.600432 0.017827 0.070608 0.100187 -0.548846 0.783888 0.272490     
0.596000 0.014000 0.063000 0.000000 -0.707100 0.707100 0.000000     0.586000 0.024000 0.063000 0.004698 0.701930 -0.712216 0.001089     -0.010055 0.010280 -0.000519 0.999923 -0.004092 0.002552 -0.007273     0.591080 0.026008 0.072958 0.097769 -0.541545 0.790146 0.269849     0.591147 0.026117 0.072535 0.098142 -0.541491 0.790079 0.270056     0.010078 -0.008629 0.000649 0.999919 0.002599 -0.007940 0.009588     0.600960 0.017423 0.073697 0.102855 -0.550966 0.783412 0.268519     0.599588 0.018028 0.073672 0.103219 -0.550831 0.783909 0.267241     
0.596000 0.014000 0.063000 0.000000 -0.707100 0.707100 0.000000     0.586000 0.024000 0.066500 0.012808 0.714682 -0.698657 0.030422     -0.010239 0.010231 0.003465 0.999352 -0.030567 -0.012455 0.011331     0.590697 0.026721 0.076476 0.089924 -0.562571 0.785222 0.242558     0.590627 0.026721 0.076484 0.090393 -0.562514 0.785048 0.243119     0.010762 -0.008896 -0.002261 0.999410 0.031811 0.005395 -0.011815     0.601623 0.017073 0.074313 0.106396 -0.548792 0.784174 0.269366     0.600282 0.017734 0.074234 0.106617 -0.548858 0.784539 0.268117     
0.596000 0.014000 0.063000 0.000000 -0.707100 0.707100 0.000000     0.591000 0.004000 0.059500 -0.000000 0.707100 -0.707100 -0.000000     -0.004402 -0.010553 -0.003501 0.999961 0.000000 0.000000 0.000000     0.596000 0.006000 0.069500 0.100035 -0.547560 0.784824 0.272401     0.596653 0.005109 0.069349 0.100397 -0.547965 0.783934 0.274046     0.004871 0.012073 0.001988 0.999997 -0.001823 0.001065 -0.001591     0.600898 0.018094 0.071470 0.098634 -0.546202 0.786295 0.271394     0.599591 0.018798 0.071535 0.098867 -0.546108 0.786262 0.271631     
0.596000 0.014000 0.063000 0.000000 -0.707100 0.707100 0.000000     0.591000 0.004000 0.063000 0.007035 -0.711357 0.702628 -0.014731     -0.005508 -0.009655 -0.000194 0.999809 -0.005441 -0.015390 0.006173     0.595664 0.006169 0.073126 0.107437 -0.557058 0.781267 0.260279     0.595346 0.006338 0.073067 0.108161 -0.556992 0.781139 0.260543     0.005371 0.011173 0.000170 0.999917 0.003592 0.010620 -0.006330     0.601276 0.017209 0.073209 0.102780 -0.548917 0.784935 0.268300     0.599885 0.017759 0.073105 0.103284 -0.548813 0.785429 0.266903     
0.596000 0.014000 0.063000 0.000000 -0.707100 0.707100 0.000000     0.591000 0.004000 0.066500 0.021018 -0.696002 0.717714 -0.002790     -0.005960 -0.009504 0.003339 0.999618 0.012889 -0.016834 -0.015352     0.595715 0.005590 0.076710 0.124452 -0.538619 0.787767 0.271670     0.595862 0.005763 0.076063 0.124817 -0.538656 0.787594 0.271967     0.005200 0.010324 -0.002339 0.999710 -0.009129 0.011298 0.019223     0.601075 0.016284 0.074230 0.105376 -0.551673 0.781070 0.272878     0.599788 0.017027 0.074049 0.106088 -0.551777 0.781436 0.271376     
0.596000 0.014000 0.063000 0.000000 -0.707100 0.707100 0.000000     0.591000 0.009000 0.059500 0.000602 0.703419 -0.710727 0.007006     -0.005405 -0.004797 -0.003808 0.999923 -0.005379 -0.004528 -0.005168     0.595930 0.011056 0.069523 0.102047 -0.545255 0.788636 0.265173     0.595654 0.011188 0.069253 0.102412 -0.545269 0.788572 0.265231     0.004880 0.004677 0.002400 0.999941 0.008413 0.001634 0.006723     0.600816 0.015631 0.071940 0.103557 -0.549233 0.782860 0.273369     0.599646 0.016541 0.071899 0.103872 -0.549293 0.782677 0.273686     
0.596000 0.014000 0.063000 0.000000 -0.707100 0.707100 0.000000     0.591000 0.009000 0.063000 0.027522 -0.691857 0.721482 0.004656     -0.005539 -0.004413 -0.000156 0.999352 0.022753 -0.016168 -0.020947     0.595743 0.010335 0.073234 0.130828 -0.532914 0.788001 0.279144     0.595428 0.010651 0.073083 0.131657 -0.532675 0.788023 0.279185     0.005326 0.004671 0.000364 0.999423 -0.026453 0.011562 0.017923     0.601243 0.015715 0.073396 0.102542 -0.546962 0.786891 0.266645     0.599861 0.016223 0.073115 0.102812 -0.547044 0.786861 0.266498     
0.596000 0.014000 0.063000 0.000000 -0.707100 0.707100 0.000000     0.591000 0.009000 0.066500 0.000456 -0.701900 0.712084 0.015891     -0.005869 -0.004689 0.003447 0.999809 0.011559 0.010914 -0.007201     0.596244 0.010696 0.076431 0.099745 -0.537696 0.786591 0.286687     0.595718 0.010842 0.076181 0.100297 -0.537704 0.786521 0.286704     0.005814 0.004872 -0.002450 0.999857 -0.010082 -0.012242 0.005939     0.601792 0.015829 0.074069 0.102236 -0.546805 0.784954 0.272726     0.600587 0.016689 0.073891 0.102755 -0.546691 0.784775 0.273312     
0.596000 0.014000 0.063000 0.000000 -0.707100 0.707100 0.000000     0.591000 0.014000 0.059500 -0.000000 0.707100 -0.707100 -0.000000     -0.006218 0.000488 -0.003514 0.999961 0.000000 0.000000 0.000000     0.596000 0.016000 0.069500 0.100035 -0.547560 0.784824 0.272401     0.596256 0.015919 0.069574 0.100291 -0.547454 0.783970 0.275005     0.005919 -0.000289 0.002728 0.999992 0.002933 -0.002489 0.000703     0.601866 0.015659 0.072264 0.103402 -0.548492 0.783385 0.273409     0.600504 0.016286 0.072274 0.103567 -0.548475 0.783413 0.273337     
0.596000 0.014000 0.063000 0.000000 -0.707100 0.707100 0.000000     0.591000 0.014000 0.063000 0.008339 -0.706983 0.707163 -0.002568     -0.005897 0.000351 -0.000150 0.999923 0.004080 -0.007712 -0.000127     0.595845 0.015917 0.073092 0.108353 -0.549132 0.782981 0.271358     0.596171 0.015922 0.072773 0.108880 -0.549166 0.782516 0.272453     0.005938 0.001541 -0.001110 0.999991 -0.001626 0.003466 0.001790     0.601847 0.017508 0.071942 0.104259 -0.549764 0.782808 0.272179     0.600504 0.018174 0.071943 0.104700 -0.549782 0.782818 0.271983     
0.596000 0.014000 0.063000 0.000000 -0.707100 0.707100 0.000000     0.591000 0.014000 0.066500 0.008888 -0.696883 0.717102 0.004604     -0.005899 0.000547 0.003310 0.999809 0.009540 -0.003029 -0.014296     0.595992 0.015666 0.076565 0.111515 -0.536127 0.789631 0.276758     0.595339 0.016029 0.076423 0.112698 -0.535954 0.789630 0.276654     0.005725 0.000661 -0.002811 0.999832 -0.010116 -0.001241 0.015246     0.601635 0.016681 0.073730 0.102833 -0.549547 0.783986 0.269759     0.600275 0.017310 0.073698 0.103687 -0.549454 0.784599 0.267871     
0.596000 0.014000 0.063000 0.000000 -0.707100 0.707100 0.000000     0.591000 0.019000 0.059500 0.004992 0.710833 -0.703313 -0.004791     -0.004774 0.004251 -0.003598 0.999923 -0.000142 0.006918 0.005317     0.596116 0.021057 0.069429 0.093075 -0.549842 0.782613 0.276600     0.596542 0.020216 0.069288 0.093974 -0.550344 0.781489 0.278506     0.004680 -0.004542 0.002835 0.999954 0.000776 -0.008596 -0.004144     0.600642 0.016457 0.072354 0.101371 -0.548879 0.783841 0.272082     0.599407 0.017265 0.072230 0.101966 -0.548700 0.783708 0.272642     
0.596000 0.014000 0.063000 0.000000 -0.707100 0.707100 0.000000     0.591000 0.019000 0.063000 0.007290 0.715223 -0.698762 -0.010769     -0.005307 0.004596 -0.000135 0.999809 0.002460 0.012769 0.011639     0.596206 0.021070 0.072880 0.088174 -0.552887 0.778938 0.282447     0.595691 0.020362 0.072556 0.088283 -0.552893 0.778905 0.282529     0.005565 -0.004638 0.000863 0.999848 0.003347 -0.015506 -0.007173     0.601491 0.016293 0.073913 0.104115 -0.551300 0.780474 0.275805     0.600225 0.017060 0.074039 0.104372 -0.551235 0.780388 0.276117     
0.596000 0.014000 0.063000 0.000000 -0.707100 0.707100 0.000000     0.591000 0.019000 0.066500 0.018815 0.712971 -0.700367 -0.028009     -0.005473 0.005071 0.003323 0.999352 0.006501 0.033109 0.008912     0.596616 0.020967 0.076174 0.075121 -0.544551 0.781007 0.296359     0.595919 0.020736 0.076034 0.076924 -0.544720 0.780557 0.296806     0.005812 -0.003673 -0.002795 0.999351 -0.007275 -0.034248 -0.008520     0.601788 0.017347 0.073713 0.100383 -0.548239 0.784723 0.271195     0.600747 0.018372 0.073415 0.101388 -0.548133 0.784526 0.271642     
0.596000 0.014000 0.063000 0.000000 -0.707100 0.707100 0.000000     0.591000 0.024000 0.059500 0.013549 -0.708743 0.705241 0.010718     -0.005983 0.010558 -0.003605 0.999809 0.017159 -0.002002 0.002476     0.595951 0.025680 0.069583 0.110312 -0.548248 0.778474 0.284979     0.595527 0.026020 0.069420 0.110659 -0.548245 0.778447 0.284958     0.005481 -0.009449 0.002409 0.999930 -0.011196 -0.003441 -0.001678     0.601369 0.016441 0.071986 0.107322 -0.549120 0.782151 0.274171     0.600116 0.017190 0.071657 0.107081 -0.549288 0.782306 0.273521     
0.596000 0.014000 0.063000 0.000000 -0.707100 0.707100 0.000000     0.591000 0.024000 0.063000 0.015518 -0.709898 0.704087 0.006847     -0.005766 0.010400 -0.000095 0.999809 0.015814 -0.006131 0.004109     0.595861 0.025722 0.073119 0.112371 -0.550790 0.777533 0.281826     0.595441 0.025876 0.072938 0.113487 -0.550643 0.777454 0.281918     0.006527 -0.009723 0.000076 0.999908 -0.012339 0.003284 -0.004652     0.602471 0.016203 0.073118 0.104322 -0.547583 0.783870 0.273492     0.601167 0.016939 0.073075 0.104787 -0.547490 0.783941 0.273332     
0.596000 0.014000 0.063000 0.000000 -0.707100 0.707100 0.000000     0.591000 0.024000 0.066500 0.016043 0.715192 -0.698523 0.016997     -0.005462 0.010289 0.003084 0.999618 -0.023363 -0.000675 0.011786     0.595932 0.026582 0.076400 0.084526 -0.559144 0.784398 0.254782     0.595726 0.026711 0.076155 0.085076 -0.559124 0.784311 0.254949     0.005465 -0.009662 -0.001388 0.999736 0.020568 -0.000964 -0.010233     0.601426 0.016410 0.075117 0.099368 -0.549476 0.784590 0.269444     0.600070 0.017027 0.074962 0.100946 -0.549373 0.784661 0.268900     
0.596000 0.014000 0.063000 0.000000 -0.707100 0.707100 0.000000     0.596000 0.004000 0.059500 0.006099 0.702181 -0.711804 0.014869     -0.001034 -0.009468 -0.003601 0.999809 -0.014826 -0.006201 -0.006805     0.600905 0.006229 0.069499 0.098621 -0.545308 0.791849 0.256647     0.600581 0.006434 0.069370 0.099103 -0.545253 0.791805 0.256756     0.000979 0.011519 0.002450 0.999878 0.011178 -0.003807 0.010226     0.601763 0.017623 0.072035 0.105095 -0.553214 0.782932 0.264400     0.600394 0.018190 0.072225 0.105260 -0.553169 0.782961 0.264380     
0.596000 0.014000 0.063000 0.000000 -0.707100 0.707100 0.000000     0.596000 0.004000 0.063000 0.004218 -0.707142 0.707004 0.007639     -0.000613 -0.009577 -0.000280 0.999923 0.008384 0.002418 0.000097     0.601048 0.005833 0.073008 0.102697 -0.546118 0.782699 0.280305     0.600886 0.005987 0.072741 0.103343 -0.545999 0.782606 0.280595     0.001150 0.009329 0.000493 0.999971 -0.004949 -0.005733 0.000151     0.602082 0.015263 0.073540 0.104436 -0.548336 0.783392 0.273308     0.600784 0.016011 0.073481 0.105423 -0.548123 0.783505 0.273070     
0.596000 0.014000 0.063000 0.000000 -0.707100 0.707100 0.000000     0.596000 0.004000 0.066500 0.007857 -0.695443 0.718273 -0.019049     -0.000297 -0.010314 0.003270 0.999618 -0.007914 -0.019025 -0.016143     0.600681 0.006003 0.076653 0.114996 -0.540677 0.793647 0.254064     0.600457 0.005540 0.076559 0.115023 -0.540676 0.793650 0.254083     0.000557 0.010923 -0.002393 0.999696 0.009962 0.012422 0.018831     0.601414 0.016905 0.074181 0.105705 -0.551156 0.782122 0.270775     0.600067 0.017562 0.074197 0.106816 -0.550944 0.782737 0.269022     
0.596000 0.014000 0.063000 0.000000 -0.707100 0.707100 0.000000     0.596000 0.009000 0.059500 0.008736 0.699622 -0.713717 -0.032285     -0.000494 -0.004849 -0.003895 0.999352 0.016651 0.029005 -0.009967     0.601609 0.010565 0.069251 0.089042 -0.529837 0.788169 0.300189     0.601518 0.010553 0.068884 0.089977 -0.529918 0.787781 0.300818     0.002245 0.004586 0.002580 0.999163 -0.014269 -0.037317 0.008837     0.603082 0.015527 0.072172 0.108166 -0.548831 0.783787 0.269707     0.601765 0.016232 0.072209 0.108609 -0.548800 0.784450 0.267693     
0.596000 0.014000 0.063000 0.000000 -0.707100 0.707100 0.000000     0.596000 0.009000 0.063000 0.008703 0.706777 -0.707369 0.000474     -0.000234 -0.004688 -0.000069 0.999923 -0.006489 0.005819 -0.000419     0.601118 0.011125 0.072914 0.092025 -0.546274 0.787374 0.270442     0.601131 0.011135 0.073015 0.092895 -0.546222 0.786765 0.272053     0.000496 0.005198 -0.000018 0.999943 0.004734 -0.009588 0.000123     0.601422 0.016230 0.073012 0.102121 -0.548497 0.785098 0.268928     0.600053 0.016818 0.073160 0.103046 -0.548375 0.785728 0.267015     
0.596000 0.014000 0.063000 0.000000 -0.707100 0.707100 0.000000     0.596000 0.009000 0.066500 -0.000000 0.707100 -0.707100 -0.000000     -0.000347 -0.004706 0.003576 0.999961 0.000000 0.000000 0.000000     0.601000 0.011000 0.076500 0.100035 -0.547560 0.784824 0.272401     0.600855 0.011091 0.076573 0.101088 -0.547315 0.784563 0.273291     0.001081 0.006234 -0.003878 0.999984 -0.000016 -0.005610 0.000449     0.601967 0.017239 0.072677 0.104305 -0.549433 0.784009 0.269357     0.600601 0.017858 0.072659 0.105627 -0.549175 0.784427 0.268185     
0.596000 0.014000 0.063000 0.000000 -0.707100 0.707100 0.000000     0.596000 0.014000 0.059500 0.016680 -0.710294 0.703690 0.002132     -0.001251 0.000479 -0.003335 0.999809 0.013302 -0.010287 0.004669     0.600775 0.015778 0.069651 0.114105 -0.552613 0.777495 0.277634     0.600901 0.015798 0.069589 0.114650 -0.552525 0.777048 0.278868     0.001212 0.000374 0.002386 0.999939 -0.009699 0.004649 -0.002317     0.602089 0.016326 0.071955 0.105767 -0.550594 0.781952 0.272381     0.600839 0.017087 0.071640 0.105967 -0.550586 0.782515 0.270734     
0.596000 0.014000 0.063000 0.000000 -0.707100 0.707100 0.000000     0.596000 0.014000 0.063000 0.031517 -0.698148 0.715191 -0.008909     -0.000232 0.000385 -0.000408 0.999352 0.015986 -0.028585 -0.012051     0.600461 0.015561 0.073328 0.134445 -0.543955 0.783731 0.267924     0.600410 0.015707 0.073040 0.135652 -0.543732 0.783501 0.268478     0.000229 0.000601 0.000259 0.999633 -0.014404 0.018586 0.013485     0.601023 0.016581 0.073364 0.108382 -0.551281 0.782465 0.268460     0.599701 0.017262 0.073234 0.108804 -0.551237 0.782395 0.268620     
0.596000 0.014000 0.063000 0.000000 -0.707100 0.707100 0.000000     0.596000 0.014000 0.066500 0.003666 -0.707917 0.706230 -0.007829     -0.000016 0.000097 0.003077 0.999923 -0.002944 -0.008128 0.001193     0.600832 0.016071 0.076568 0.104473 -0.550984 0.784130 0.265749     0.600934 0.016097 0.076239 0.105302 -0.550936 0.783867 0.266332     0.000076 0.000479 -0.002935 0.999988 0.004435 -0.000425 0.001976     0.600892 0.016480 0.073655 0.106724 -0.552176 0.781809 0.269196     0.599520 0.017080 0.073582 0.107966 -0.551987 0.782081 0.268332     
0.596000 0.014000 0.063000 0.000000 -0.707100 0.707100 0.000000     0.596000 0.019000 0.059500 0.004665 0.709862 -0.703477 -0.034290     -0.000453 0.005160 -0.003361 0.999352 0.020948 0.027544 0.004514     0.601529 0.020633 0.069286 0.088596 -0.541170 0.778923 0.304211     0.601389 0.020581 0.069470 0.089460 -0.541187 0.778209 0.305785     0.000653 -0.002663 0.001493 0.999221 -0.019150 -0.033549 -0.008016     0.601543 0.018266 0.071060 0.106734 -0.546408 0.785508 0.270192     0.600184 0.018891 0.070986 0.106983 -0.546387 0.785893 0.269051     
0.596000 0.014000 0.063000 0.000000 -0.707100 0.707100 0.000000     0.596000 0.019000 0.063000 0.012611 -0.698620 0.715365 -0.002310     -0.000409 0.005241 -0.000331 0.999809 0.007284 -0.010550 -0.011840     0.600832 0.020737 0.073131 0.115514 -0.540329 0.788148 0.271115     0.600671 0.020878 0.072904 0.116230 -0.540279 0.788004 0.271364     -0.000480 -0.003641 0.000374 0.999844 -0.007852 -0.002063 0.015697     0.600251 0.017405 0.073495 0.108624 -0.554082 0.781434 0.265583     0.598968 0.018132 0.073255 0.109171 -0.553992 0.781372 0.265767     
0.596000 0.014000 0.063000 0.000000 -0.707100 0.707100 0.000000     0.596000 0.019000 0.066500 0.023774 -0.724437 0.688901 0.004621     -0.000427 0.005246 0.003083 0.999352 0.020078 -0.013543 0.025127     0.600630 0.020836 0.076708 0.114753 -0.568628 0.763763 0.283091     0.600342 0.020971 0.076488 0.115466 -0.568658 0.763586 0.283255     -0.000852 -0.003773 -0.002574 0.999538 -0.015332 0.009968 -0.024282     0.600070 0.017142 0.073981 0.105242 -0.548757 0.782701 0.274132     0.598737 0.017824 0.074024 0.106720 -0.548587 0.783186 0.272549     
0.596000 0.014000 0.063000 0.000000 -0.707100 0.707100 0.000000     0.596000 0.024000 0.059500 0.019982 -0.710789 0.702550 -0.028013     -0.000467 0.010410 -0.003861 0.999352 -0.005678 -0.033937 0.005826     0.600287 0.026169 0.069792 0.121912 -0.561611 0.779308 0.249778     0.600047 0.026423 0.069536 0.122309 -0.561543 0.779276 0.249877     0.000867 -0.009903 0.003127 0.999662 0.007335 0.024895 -0.001527     0.601668 0.016103 0.072723 0.106971 -0.553119 0.781105 0.269205     0.600312 0.016725 0.072874 0.108183 -0.552941 0.781543 0.267850     
0.596000 0.014000 0.063000 0.000000 -0.707100 0.707100 0.000000     0.596000 0.024000 0.063000 0.021022 0.716983 -0.696732 -0.006185     -0.000549 0.010310 0.000180 0.999618 -0.010491 0.019237 0.014320     0.601318 0.026355 0.072756 0.075257 -0.554420 0.781496 0.276041     0.600977 0.026399 0.073047 0.076332 -0.554231 0.781165 0.277098     0.000484 -0.009564 -0.000328 0.999545 0.014442 -0.023817 -0.011606     0.601380 0.016386 0.072733 0.105045 -0.550585 0.781796 0.273123     0.600305 0.017355 0.072355 0.106255 -0.550265 0.782029 0.272670     
0.596000 0.014000 0.063000 0.000000 -0.707100 0.707100 0.000000     0.596000 0.024000 0.066500 0.000585 0.704582 -0.709564 0.007962     -0.000375 0.010219 0.003399 0.999923 -0.006044 -0.005217 -0.003522     0.600910 0.026086 0.076527 0.101775 -0.546800 0.787847 0.264439     0.600881 0.026197 0.076647 0.103257 -0.546539 0.787129 0.266573     0.001194 -0.009923 -0.002094 0.999971 0.001311 -0.004851 0.005748     0.601982 0.016193 0.074485 0.104791 -0.552462 0.783841 0.263396     0.600691 0.016912 0.074370 0.105037 -0.552438 0.783774 0.263585     
0.596000 0.014000 0.063000 0.000000 -0.707100 0.707100 0.000000     0.601000 0.004000 0.059500 0.003180 -0.712339 0.701807 0.003254     0.004630 -0.009720 -0.003938 0.999923 0.004549 0.000052 0.007447     0.605971 0.005983 0.069518 0.100452 -0.552914 0.779483 0.276735     0.605730 0.006174 0.069198 0.100966 -0.552989 0.779311 0.276917     -0.004906 0.011801 0.001568 0.999959 -0.003773 -0.002139 -0.008010     0.601055 0.017781 0.071092 0.102246 -0.547618 0.784708 0.271795     0.599825 0.018511 0.070640 0.103546 -0.547309 0.784996 0.271131     
0.596000 0.014000 0.063000 0.000000 -0.707100 0.707100 0.000000     0.601000 0.004000 0.063000 0.007397 0.710308 -0.703838 0.000706     0.004421 -0.009554 -0.000176 0.999923 -0.005730 0.004731 0.004575     0.606075 0.006160 0.072928 0.091934 -0.550414 0.784323 0.270942     0.605646 0.006465 0.072819 0.093316 -0.550148 0.784303 0.271106     -0.003937 0.010880 -0.001082 0.999959 0.004747 -0.007196 -0.002714     0.602006 0.016918 0.071939 0.100922 -0.549777 0.783837 0.270444     0.600662 0.017547 0.071726 0.101501 -0.549801 0.784045 0.269610     
0.596000 0.014000 0.063000 0.000000 -0.707100 0.707100 0.000000     0.601000 0.004000 0.066500 0.000145 0.703390 -0.710756 0.007000     0.004298 -0.009618 0.003424 0.999923 -0.005052 -0.004847 -0.005208     0.605924 0.006050 0.076528 0.102487 -0.545277 0.788537 0.265250     0.605486 0.006178 0.076477 0.103567 -0.545153 0.788354 0.265669     -0.004643 0.009733 -0.003298 0.999987 0.002263 -0.000910 0.004497     0.601245 0.015781 0.073247 0.103245 -0.548825 0.785382 0.266996     0.599878 0.016378 0.073120 0.103460 -0.548808 0.785400 0.266933     
0.596000 0.014000 0.063000 0.000000 -0.707100 0.707100 0.000000     0.601000 0.009000 0.059500 0.007854 -0.711780 0.701936 0.023981     0.004193 -0.004221 -0.003423 0.999618 0.022510 0.011403 0.006961     0.606202 0.010622 0.069465 0.101480 -0.547477 0.775753 0.296916     0.605803 0.010371 0.069338 0.103071 -0.546804 0.775916 0.297212     -0.004033 0.007004 0.002618 0.999490 -0.024478 -0.018050 -0.009704     0.601843 0.018018 0.072176 0.104911 -0.547513 0.786106 0.266909     0.600474 0.018606 0.072060 0.106839 -0.547144 0.786460 0.265894     
0.596000 0.014000 0.063000 0.000000 -0.707100 0.707100 0.000000     0.601000 0.009000 0.063000 0.017279 0.708673 -0.705311 -0.000593     0.003766 -0.004575 -0.000055 0.999809 -0.011799 0.012637 0.002377     0.606240 0.011258 0.072820 0.082993 -0.547080 0.787881 0.270257     0.605386 0.011487 0.072796 0.083598 -0.547035 0.787780 0.270493     -0.003483 0.004224 0.000139 0.999713 0.013556 -0.019723 -0.001290     0.602370 0.015199 0.073216 0.106273 -0.550112 0.783060 0.269963     0.601226 0.015975 0.072638 0.106702 -0.550039 0.783292 0.269306     
0.596000 0.014000 0.063000 0.000000 -0.707100 0.707100 0.000000     0.601000 0.009000 0.066500 0.010564 -0.716232 0.697753 -0.004716     0.004511 -0.004730 0.003277 0.999809 0.004135 -0.010805 0.013066     0.605730 0.011044 0.076622 0.107204 -0.560261 0.775343 0.270996     0.605428 0.011174 0.076501 0.108580 -0.560192 0.774989 0.271639     -0.004579 0.007044 -0.002771 0.999903 -0.006043 0.002486 -0.012262     0.601251 0.018093 0.073803 0.105203 -0.550674 0.784042 0.266362     0.599963 0.018763 0.073461 0.106807 -0.550166 0.784147 0.266503     
0.596000 0.014000 0.063000 0.000000 -0.707100 0.707100 0.000000     0.601000 0.014000 0.059500 0.018246 -0.718418 0.695297 -0.009220     0.004074 0.000427 -0.003816 0.999618 0.006382 -0.019421 0.016348     0.605541 0.016027 0.069711 0.114284 -0.564855 0.771922 0.268318     0.605146 0.016235 0.069528 0.115308 -0.564806 0.771767 0.268468     -0.003831 0.001254 0.002096 0.999713 -0.005405 0.016426 -0.016588     0.602110 0.017233 0.071630 0.102970 -0.548099 0.784397 0.271451     0.600814 0.017856 0.071205 0.104953 -0.547653 0.784522 0.271269     
0.596000 0.014000 0.063000 0.000000 -0.707100 0.707100 0.000000     0.601000 0.014000 0.063000 0.021370 -0.724097 0.689242 0.012403     0.004818 0.000276 -0.000615 0.999352 0.023880 -0.006341 0.024646     0.605779 0.015760 0.073152 0.111313 -0.565908 0.763711 0.289971     0.605889 0.015780 0.072746 0.113227 -0.565875 0.762836 0.291627     -0.004976 0.000817 0.000270 0.999459 -0.021563 0.003609 -0.024583     0.600968 0.016774 0.073307 0.103422 -0.548181 0.783864 0.272652     0.599779 0.017557 0.072861 0.104534 -0.547972 0.783819 0.272812     
0.596000 0.014000 0.063000 0.000000 -0.707100 0.707100 0.000000     0.601000 0.014000 0.066500 0.011262 0.699344 -0.714372 0.021106     0.003846 0.000372 0.003294 0.999618 -0.022887 -0.006960 -0.010626     0.605907 0.016352 0.076469 0.095825 -0.543218 0.795912 0.249471     0.605168 0.016569 0.076308 0.097099 -0.543153 0.795932 0.249096     -0.004050 0.000709 -0.002603 0.999746 0.018960 -0.003165 0.011795     0.601741 0.016795 0.073981 0.105676 -0.551441 0.784269 0.263908     0.600377 0.017327 0.073660 0.107075 -0.551176 0.784236 0.264034     
0.596000 0.014000 0.063000 0.000000 -0.707100 0.707100 0.000000     0.601000 0.019000 0.059500 -0.000000 0.707100 -0.707100 -0.000000     0.003793 0.005475 -0.003700 0.999961 0.000000 0.000000 0.000000     0.606000 0.021000 0.069500 0.100035 -0.547560 0.784824 0.272401     0.606136 0.021162 0.069384 0.101243 -0.547387 0.783708 0.275534     -0.003864 -0.005219 0.002893 0.999961 0.003524 -0.006812 0.004361     0.601982 0.015753 0.072474 0.106119 -0.552464 0.780765 0.271862     0.600769 0.016506 0.072087 0.108052 -0.552237 0.781051 0.270774     
0.596000 0.014000 0.063000 0.000000 -0.707100 0.707100 0.000000     0.601000 0.019000 0.063000 0.007691 -0.724120 0.689595 0.005486     0.004284 0.005309 -0.000173 0.999618 0.009317 -0.001560 0.024412     0.605870 0.021054 0.073053 0.099677 -0.566025 0.768494 0.281209     0.605517 0.021177 0.072921 0.100529 -0.565980 0.768336 0.281463     -0.005070 -0.005041 0.000492 0.999806 -0.006176 -0.001075 -0.018685     0.600854 0.015954 0.073530 0.102241 -0.552473 0.780550 0.273937     0.599580 0.016726 0.073607 0.102633 -0.552383 0.780405 0.274422     
0.596000 0.014000 0.063000 0.000000 -0.707100 0.707100 0.000000     0.601000 0.019000 0.066500 0.007521 0.704122 -0.710024 0.001471     0.004175 0.005352 0.003472 0.999923 -0.006358 0.004278 -0.004173     0.606102 0.021085 0.076431 0.094328 -0.543734 0.789239 0.269326     0.606251 0.021268 0.075835 0.095089 -0.543702 0.788717 0.270689     -0.004879 -0.003403 -0.002566 0.999861 0.008510 -0.010846 0.009397     0.600967 0.017605 0.074008 0.104972 -0.553193 0.780705 0.270993     0.599619 0.018140 0.073921 0.106065 -0.553231 0.781201 0.269093     
0.596000 0.014000 0.063000 0.000000 -0.707100 0.707100 0.000000     0.601000 0.024000 0.059500 0.012872 -0.714624 0.699361 0.004734     0.004414 0.010208 -0.003434 0.999809 0.012449 -0.005754 0.010793     0.605843 0.025856 0.069605 0.108413 -0.556269 0.774828 0.280059     0.605500 0.025898 0.069831 0.109510 -0.556016 0.774429 0.281270     -0.004811 -0.008530 0.002848 0.999888 -0.012675 -0.000521 -0.007904     0.601052 0.017505 0.072408 0.103967 -0.551603 0.782631 0.269060     0.599991 0.018147 0.072240 0.106111 -0.551232 0.782801 0.268528     
0.596000 0.014000 0.063000 0.000000 -0.707100 0.707100 0.000000     0.601000 0.024000 0.063000 0.002877 0.715296 -0.698689 0.012586     0.004374 0.010155 -0.000168 0.999809 -0.010934 -0.006865 0.011742     0.605812 0.026334 0.073020 0.096222 -0.559656 0.780566 0.261194     0.605155 0.026338 0.072714 0.099771 -0.559508 0.780061 0.261726     -0.004475 -0.009489 0.001199 0.999903 0.010935 0.004149 -0.007529     0.601453 0.016553 0.074226 0.101060 -0.551589 0.782248 0.271302     0.600307 0.017488 0.074057 0.102193 -0.551585 0.781931 0.271837     
0.596000 0.014000 0.063000 0.000000 -0.707100 0.707100 0.000000     0.601000 0.024000 0.066500 -0.000000 0.707100 -0.707100 -0.000000     0.004475 0.010092 0.003347 0.999961 0.000000 0.000000 0.000000     0.606000 0.026000 0.076500 0.100035 -0.547560 0.784824 0.272401     0.605228 0.025972 0.076351 0.102365 -0.547180 0.784510 0.273238     -0.004535 -0.010054 -0.001427 0.999981 0.001047 -0.006006 -0.000429     0.601346 0.015921 0.075136 0.105437 -0.548744 0.784159 0.269887     0.600006 0.016568 0.074973 0.106786 -0.548650 0.784465 0.268690     
0.596000 0.014000 0.063000 0.000000 -0.707100 0.707100 0.000000     0.606000 0.004000 0.059500 0.005347 0.709359 -0.704625 -0.016272     0.008990 -0.010176 -0.003836 0.999809 0.007725 0.015287 0.003347     0.611291 0.005881 0.069373 0.091340 -0.545167 0.782296 0.287128     0.610214 0.005372 0.069113 0.091520 -0.545156 0.782260 0.287226     -0.009578 0.010615 0.002151 0.999815 -0.005069 -0.018358 -0.002563     0.601357 0.016571 0.071692 0.103657 -0.548795 0.783328 0.272868     0.600000 0.017189 0.071539 0.105365 -0.548628 0.783641 0.271682     
0.596000 0.014000 0.063000 0.000000 -0.707100 0.707100 0.000000     0.606000 0.004000 0.063000 0.000945 0.702799 -0.711347 0.006223     0.009782 -0.009899 0.000061 0.999923 -0.005069 -0.003732 -0.006044     0.610950 0.006041 0.073017 0.101831 -0.544319 0.789111 0.265764     0.611017 0.005988 0.073150 0.103298 -0.544271 0.787904 0.268896     -0.009162 0.009950 0.000336 0.999950 0.004212 -0.005899 0.006893     0.601641 0.015973 0.073428 0.106941 -0.550870 0.783600 0.266566     0.600346 0.016700 0.073289 0.107342 -0.550780 0.783594 0.266644     
0.596000 0.014000 0.063000 0.000000 -0.707100 0.707100 0.000000     0.606000 0.004000 0.066500 -0.000000 0.707100 -0.707100 -0.000000     0.008906 -0.009517 0.003331 0.999961 0.000000 0.000000 0.000000     0.611000 0.006000 0.076500 0.100035 -0.547560 0.784824 0.272401     0.610192 0.006258 0.076511 0.101389 -0.547451 0.784865 0.272037     -0.008275 0.011333 -0.002129 0.999978 0.000318 -0.006454 0.001686     0.602589 0.017344 0.074436 0.104813 -0.550597 0.783151 0.269279     0.601188 0.017865 0.074323 0.106155 -0.550428 0.783541 0.267999     
0.596000 0.014000 0.063000 0.000000 -0.707100 0.707100 0.000000     0.606000 0.009000 0.059500 0.000189 -0.704148 0.709568 -0.025894     0.009503 -0.004705 -0.003946 0.999618 -0.018175 -0.018443 -0.003832     0.610646 0.011329 0.069599 0.105567 -0.551207 0.789760 0.247560     0.610380 0.011500 0.069291 0.106845 -0.551161 0.789552 0.247817     -0.008323 0.005297 0.002737 0.999725 0.016645 0.014784 0.007339     0.602588 0.016360 0.072268 0.101220 -0.551434 0.782938 0.269562     0.601239 0.016972 0.072092 0.102325 -0.551369 0.783495 0.267689     
0.596000 0.014000 0.063000 0.000000 -0.707100 0.707100 0.000000     0.606000 0.009000 0.063000 0.008841 0.723786 -0.689552 0.023533     0.009238 -0.004692 -0.000079 0.999352 -0.022892 -0.010389 0.024206     0.610678 0.011692 0.072993 0.088998 -0.571345 0.776288 0.251002     0.610232 0.011883 0.072883 0.090958 -0.571103 0.776132 0.251370     -0.008124 0.003734 0.001384 0.999429 0.023299 0.008589 -0.022923     0.602834 0.014739 0.074404 0.101345 -0.548994 0.783858 0.271812     0.601553 0.015490 0.074372 0.102241 -0.548674 0.783754 0.272458     
0.596000 0.014000 0.063000 0.000000 -0.707100 0.707100 0.000000     0.606000 0.009000 0.066500 0.033666 0.704046 -0.709292 -0.008415     0.009196 -0.004590 0.003397 0.999352 -0.017854 0.029755 -0.003709     0.611600 0.011311 0.076107 0.067854 -0.537996 0.794217 0.274145     0.611274 0.011494 0.076068 0.068397 -0.537987 0.794115 0.274361     -0.008080 0.004642 -0.002211 0.999254 0.016686 -0.034325 0.005974     0.602818 0.015688 0.074329 0.102404 -0.550616 0.783507 0.269132     0.601784 0.016475 0.073988 0.103327 -0.550414 0.784193 0.267226     
0.596000 0.014000 0.063000 0.000000 -0.707100 0.707100 0.000000     0.606000 0.014000 0.059500 0.001401 0.700996 -0.713151 -0.000562     0.008975 0.000455 -0.003537 0.999923 -0.000593 0.001388 -0.008595     0.611061 0.015925 0.069484 0.100957 -0.540475 0.789801 0.271826     0.610488 0.016160 0.069374 0.101382 -0.540426 0.789790 0.271832     -0.009657 0.001684 0.001793 0.999920 0.001579 -0.009866 0.007733     0.601176 0.017655 0.071381 0.107493 -0.549061 0.784133 0.268499     0.599798 0.018242 0.071440 0.107720 -0.549035 0.784272 0.268093     
0.596000 0.014000 0.063000 0.000000 -0.707100 0.707100 0.000000     0.606000 0.014000 0.063000 0.005102 0.707734 -0.706413 0.007017     0.009922 0.000172 0.000019 0.999923 -0.008570 -0.001354 0.000934     0.610969 0.016181 0.072978 0.096146 -0.549498 0.786482 0.265017     0.611078 0.016220 0.073119 0.096684 -0.549444 0.785890 0.266722     -0.009611 0.000887 -0.000488 0.999951 0.007892 -0.005926 0.000287     0.601238 0.016912 0.072581 0.105063 -0.550509 0.783624 0.267983     0.599912 0.017608 0.072575 0.104633 -0.550409 0.784216 0.266661     
0.596000 0.014000 0.063000 0.000000 -0.707100 0.707100 0.000000     0.606000 0.014000 0.066500 -0.000000 0.707100 -0.707100 -0.000000     0.009610 0.000277 0.003253 0.999961 0.000000 0.000000 0.000000     0.611000 0.016000 0.076500 0.100035 -0.547560 0.784824 0.272401     0.610765 0.016097 0.076329 0.100733 -0.547526 0.784702 0.272599     -0.009923 0.000136 -0.003760 0.999974 0.002654 -0.006642 0.000655     0.600941 0.016089 0.072816 0.106519 -0.549603 0.783058 0.270905     0.599721 0.016734 0.072843 0.107359 -0.549421 0.783757 0.268953     
0.596000 0.014000 0.063000 0.000000 -0.707100 0.707100 0.000000     0.606000 0.019000 0.059500 0.003185 -0.700931 0.713053 -0.014865     0.009133 0.005518 -0.003531 0.999809 -0.008259 -0.012763 -0.008571     0.610778 0.021082 0.069591 0.107849 -0.545052 0.790371 0.258032     0.610505 0.021262 0.069461 0.108701 -0.544864 0.790252 0.258477     -0.007851 -0.006091 0.002732 0.999819 0.011876 0.009221 0.011675     0.603066 0.014865 0.072281 0.104002 -0.550521 0.781794 0.273656     0.601775 0.015605 0.072447 0.105086 -0.550277 0.781993 0.273201     
0.596000 0.014000 0.063000 0.000000 -0.707100 0.707100 0.000000     0.606000 0.019000 0.063000 0.007037 -0.710720 0.703426 -0.000186     0.009363 0.005352 0.000121 0.999923 0.004844 -0.005107 0.005157     0.610877 0.020954 0.073070 0.105287 -0.552493 0.780140 0.273913     0.610487 0.021065 0.073217 0.105943 -0.552347 0.780045 0.274261     -0.009359 -0.005727 -0.000362 0.999986 -0.003295 -0.001796 -0.003640     0.601496 0.015258 0.072712 0.105862 -0.550485 0.782853 0.269963     0.600310 0.016140 0.072488 0.106466 -0.550018 0.783466 0.268937     
0.596000 0.014000 0.063000 0.000000 -0.707100 0.707100 0.000000     0.606000 0.019000 0.066500 0.001632 0.688059 -0.725280 0.022860     0.010134 0.005179 0.003263 0.999352 -0.017318 -0.015011 -0.026318     0.610806 0.021090 0.076576 0.109441 -0.532392 0.801973 0.247791     0.611033 0.021125 0.076406 0.110169 -0.532257 0.801657 0.248821     -0.009892 -0.006388 -0.002286 0.999394 0.017657 0.004215 0.029704     0.600877 0.014629 0.074323 0.108035 -0.552914 0.781759 0.267296     0.599597 0.015371 0.074106 0.108147 -0.552905 0.781767 0.267284     
0.596000 0.014000 0.063000 0.000000 -0.707100 0.707100 0.000000     0.606000 0.024000 0.059500 -0.000000 0.707100 -0.707100 -0.000000     0.009222 0.010406 -0.003629 0.999961 0.000000 0.000000 0.000000     0.611000 0.026000 0.069500 0.100035 -0.547560 0.784824 0.272401     0.610624 0.026206 0.069322 0.100730 -0.547469 0.784777 0.272502     -0.008182 -0.009216 0.002595 0.999982 0.002417 -0.005381 0.001177     0.602705 0.016748 0.072158 0.105258 -0.549698 0.782969 0.271465     0.601528 0.017576 0.071744 0.105182 -0.549644 0.783690 0.269552     
0.596000 0.014000 0.063000 0.000000 -0.707100 0.707100 0.000000     0.606000 0.024000 0.063000 0.005126 -0.704839 0.709307 -0.006316     0.009436 0.010339 -0.000409 0.999923 -0.000841 -0.008091 -0.003159     0.610850 0.025986 0.073076 0.106781 -0.547348 0.785944 0.266984     0.610491 0.026164 0.072823 0.107262 -0.547319 0.785898 0.267024     -0.009372 -0.009772 -0.000021 0.999981 0.002045 -0.002557 0.005232     0.601406 0.016223 0.073088 0.108511 -0.551914 0.782246 0.267746     0.600087 0.016928 0.073182 0.108384 -0.551870 0.782606 0.266871     
0.596000 0.014000 0.063000 0.000000 -0.707100 0.707100 0.000000     0.606000 0.024000 0.066500 0.027538 0.691510 -0.721828 0.000204     0.009269 0.010275 0.003531 0.999352 -0.019616 0.019327 -0.021437     0.611471 0.026162 0.076216 0.079903 -0.527099 0.803362 0.265279     0.611530 0.026225 0.075670 0.082076 -0.526686 0.803026 0.266487     -0.008686 -0.009481 -0.001755 0.999132 0.014332 -0.029855 0.025283     0.602084 0.016657 0.074828 0.104666 -0.553727 0.783150 0.262845     0.600816 0.017425 0.074640 0.105090 -0.553614 0.783231 0.262710     
