0.596000 0.014000 0.063000 0.000000 -0.707100 0.707100 0.000000     0.596000 0.014000 0.063000 -0.000000 0.707100 -0.707100 -0.000000     -0.000213 -0.005187 -0.000240 0.999971 0.000114 -0.000019 0.000094     0.601000 0.016000 0.073000 0.100035 -0.547560 0.784824 0.272401     0.600906 0.015655 0.072785 0.100025 -0.547583 0.784827 0.272386     0.000646 -0.002041 -0.000921 0.999981 -0.003002 -0.005432 0.000278     0.601536 0.014022 0.072120 0.102577 -0.549547 0.784931 0.267094     0.600406 0.014898 0.072038 0.102532 -0.549506 0.785692 0.264986     
0.596000 0.014000 0.063000 0.000000 -0.707100 0.707100 0.000000     0.586000 0.004000 0.059500 0.007188 0.703607 -0.710539 -0.000676     -0.010522 -0.014624 -0.003573 0.999935 -0.004036 0.005607 -0.004825     0.591131 0.006042 0.069425 0.094480 -0.542638 0.789289 0.271332     0.590833 0.006238 0.069360 0.095043 -0.542522 0.789238 0.271551     0.010348 0.006457 0.000787 0.999814 -0.005959 -0.016047 0.008858     0.601120 0.012706 0.070346 0.101492 -0.554445 0.784436 0.258707     0.599827 0.013450 0.070242 0.101100 -0.554431 0.784999 0.257218     
0.596000 0.014000 0.063000 0.000000 -0.707100 0.707100 0.000000     0.586000 0.004000 0.063000 0.002965 0.703472 -0.710674 -0.006436     -0.010523 -0.014671 -0.000039 0.999932 0.002997 0.006575 -0.004963     0.591152 0.005899 0.072942 0.097545 -0.541485 0.787579 0.277447     0.590890 0.006060 0.072819 0.098137 -0.541406 0.787528 0.277576     0.009811 0.007552 -0.000954 0.999869 -0.010321 -0.011328 0.005214     0.600716 0.013709 0.072060 0.099418 -0.549671 0.786411 0.263657     0.599448 0.014503 0.072002 0.099451 -0.549682 0.786433 0.263596     
0.596000 0.014000 0.063000 0.000000 -0.707100 0.707100 0.000000     0.586000 0.004000 0.066500 0.014522 -0.696051 0.717664 0.015517     -0.010412 -0.014521 0.003007 0.999607 0.022448 0.000305 -0.014928     0.591066 0.005420 0.076566 0.115242 -0.533061 0.787208 0.287834     0.590841 0.005593 0.076248 0.116617 -0.532889 0.787035 0.288108     0.010051 0.006383 -0.002623 0.999465 -0.026494 0.000535 0.019187     0.601060 0.012527 0.073842 0.095114 -0.550779 0.784246 0.269320     0.599775 0.013269 0.073706 0.095407 -0.550777 0.784170 0.269480     
0.596000 0.014000 0.063000 0.000000 -0.707100 0.707100 0.000000     0.586000 0.009000 0.059500 0.002768 0.711679 -0.702468 0.005106     -0.010359 -0.009693 -0.003838 0.999934 -0.005197 -0.001677 0.006639     0.590940 0.011176 0.069493 0.096505 -0.553658 0.782579 0.267768     0.590777 0.011338 0.069228 0.096946 -0.553633 0.782497 0.267936     0.011005 0.002898 0.001670 0.999892 -0.003688 -0.012812 -0.006239     0.601714 0.014088 0.071270 0.106149 -0.552502 0.785700 0.257157     0.600340 0.014661 0.071420 0.106749 -0.552475 0.785757 0.256829     
0.596000 0.014000 0.063000 0.000000 -0.707100 0.707100 0.000000     0.586000 0.009000 0.063000 0.007010 0.704558 -0.709588 0.003790     -0.010569 -0.009618 -0.000324 0.999937 -0.007204 0.002190 -0.003423     0.591060 0.011117 0.072946 0.095031 -0.544891 0.789050 0.267289     0.590649 0.011347 0.072732 0.095590 -0.544842 0.789015 0.267330     0.010702 0.002479 -0.001164 0.999864 -0.001319 -0.015198 0.006271     0.601431 0.013683 0.071925 0.104615 -0.553953 0.784434 0.258526     0.600130 0.014424 0.071872 0.105247 -0.553845 0.784715 0.257686     
0.596000 0.014000 0.063000 0.000000 -0.707100 0.707100 0.000000     0.586000 0.009000 0.066500 0.003262 0.711520 -0.702627 0.005096     -0.010260 -0.009779 0.003262 0.999935 -0.005315 -0.001103 0.006456     0.590948 0.011181 0.076488 0.096100 -0.553419 0.782831 0.267672     0.590866 0.011269 0.076347 0.096637 -0.553399 0.782676 0.268008     0.010715 0.001887 -0.002808 0.999909 -0.000506 -0.012987 -0.003646     0.601418 0.013042 0.073803 0.106954 -0.554039 0.783665 0.259713     0.600124 0.013746 0.074057 0.106984 -0.554012 0.783647 0.259852     
0.596000 0.014000 0.063000 0.000000 -0.707100 0.707100 0.000000     0.586000 0.014000 0.059500 0.008995 0.723741 -0.689597 -0.023540     -0.010452 -0.004750 -0.003505 0.999339 0.011877 0.023002 0.024366     0.591358 0.016046 0.069303 0.080974 -0.558879 0.770625 0.295320     0.591131 0.016198 0.069305 0.082396 -0.558638 0.770388 0.296035     0.008839 0.000104 0.000223 0.999174 -0.014352 -0.030078 -0.023251     0.599696 0.016198 0.069774 0.102931 -0.550544 0.784787 0.265323     0.598279 0.016685 0.069839 0.103232 -0.550530 0.784798 0.265240     
0.596000 0.014000 0.063000 0.000000 -0.707100 0.707100 0.000000     0.586000 0.014000 0.063000 0.004990 0.703484 -0.710662 0.005049     -0.010200 -0.005107 -0.000249 0.999939 -0.006386 -0.000198 -0.004833     0.591020 0.016091 0.072971 0.097559 -0.544277 0.789503 0.266289     0.590711 0.015705 0.072652 0.097888 -0.544543 0.789296 0.266276     0.009590 -0.001747 -0.000701 0.999929 -0.005527 -0.009820 0.003872     0.600396 0.014493 0.072343 0.101266 -0.550450 0.787853 0.256939     0.599037 0.015083 0.072524 0.101938 -0.550254 0.787853 0.257134     
0.596000 0.014000 0.063000 0.000000 -0.707100 0.707100 0.000000     0.586000 0.014000 0.066500 0.005212 -0.710958 0.703189 -0.004337     -0.011068 -0.004423 0.003298 0.999930 0.000815 -0.007094 0.005561     0.590842 0.016042 0.076569 0.104172 -0.553628 0.780942 0.269729     0.590652 0.016400 0.076066 0.104656 -0.553613 0.780812 0.269986     0.010555 -0.003067 -0.002554 0.999938 -0.009975 -0.003007 -0.004028     0.601353 0.013137 0.074001 0.102078 -0.552298 0.785501 0.259838     0.600066 0.013825 0.073664 0.102469 -0.552253 0.785487 0.259860     
0.596000 0.014000 0.063000 0.000000 -0.707100 0.707100 0.000000     0.586000 0.019000 0.059500 0.009011 -0.722289 0.691050 -0.025472     -0.010161 0.000287 -0.003724 0.999386 -0.010499 -0.023761 0.022236     0.590409 0.021443 0.069678 0.106719 -0.572369 0.772982 0.251959     0.590447 0.021543 0.069577 0.107467 -0.572207 0.772697 0.252921     0.010016 -0.006495 0.000579 0.999481 0.000874 0.016041 -0.027931     0.600879 0.014671 0.070112 0.101802 -0.546347 0.790059 0.258704     0.599531 0.015277 0.069869 0.102625 -0.546240 0.790502 0.257287     
0.596000 0.014000 0.063000 0.000000 -0.707100 0.707100 0.000000     0.586000 0.019000 0.063000 0.007998 0.708907 -0.705239 0.002335     -0.011053 0.000414 -0.000148 0.999935 -0.007088 0.003828 0.002663     0.591069 0.021172 0.072929 0.092181 -0.549215 0.785765 0.269108     0.590359 0.021466 0.072792 0.092634 -0.549211 0.785778 0.268960     0.010691 -0.006023 0.000393 0.999886 -0.000349 -0.013622 -0.006505     0.601516 0.015091 0.073456 0.104432 -0.547739 0.788086 0.260722     0.600119 0.015625 0.073572 0.104856 -0.547742 0.788324 0.259866     
0.596000 0.014000 0.063000 0.000000 -0.707100 0.707100 0.000000     0.586000 0.019000 0.066500 0.008099 -0.709390 0.703948 -0.033728     -0.010082 0.000276 0.003075 0.999374 -0.017628 -0.029455 0.003946     0.590385 0.021402 0.076698 0.112214 -0.560116 0.784217 0.242203     0.590405 0.021540 0.076345 0.112653 -0.560030 0.784140 0.242487     0.009048 -0.006687 -0.003005 0.999687 0.006070 0.021045 -0.012085     0.599915 0.014480 0.073526 0.102002 -0.544685 0.791632 0.257318     0.598913 0.015333 0.073194 0.102386 -0.544576 0.792338 0.255255     
0.596000 0.014000 0.063000 0.000000 -0.707100 0.707100 0.000000     0.586000 0.024000 0.059500 0.002037 -0.706138 0.708008 0.008382     -0.010841 0.005322 -0.003686 0.999932 0.007529 0.004393 -0.001235     0.591095 0.025839 0.069483 0.100904 -0.544542 0.783961 0.280497     0.590525 0.026057 0.069307 0.101239 -0.544569 0.783942 0.280411     0.011751 -0.008812 0.000367 0.999914 -0.009647 -0.008786 -0.001392     0.602676 0.017206 0.069901 0.102920 -0.546841 0.786471 0.267985     0.601468 0.018045 0.069643 0.103563 -0.546596 0.786462 0.268300     
0.596000 0.014000 0.063000 0.000000 -0.707100 0.707100 0.000000     0.586000 0.024000 0.063000 0.004698 0.701930 -0.712216 0.001089     -0.009744 0.004465 -0.000246 0.999938 -0.003312 0.003137 -0.006695     0.591080 0.026008 0.072958 0.097769 -0.541545 0.790146 0.269849     0.591339 0.025466 0.072716 0.098209 -0.541870 0.789603 0.270664     0.010822 -0.009817 -0.000420 0.999980 0.001703 -0.005059 0.003323     0.601788 0.016191 0.072596 0.101789 -0.545359 0.787377 0.268775     0.600618 0.016928 0.072021 0.102055 -0.545340 0.787375 0.268756     
0.596000 0.014000 0.063000 0.000000 -0.707100 0.707100 0.000000     0.586000 0.024000 0.066500 0.012808 0.714682 -0.698657 0.030422     -0.010265 0.005260 0.003478 0.999422 -0.028813 -0.011549 0.011553     0.590697 0.026721 0.076476 0.089924 -0.562571 0.785222 0.242558     0.590662 0.026815 0.076533 0.091023 -0.562375 0.784773 0.244090     0.010270 -0.010479 -0.003210 0.999516 0.019457 0.009571 -0.022300     0.601266 0.015638 0.073268 0.098720 -0.540717 0.793529 0.261098     0.599994 0.016425 0.073252 0.098702 -0.540713 0.793641 0.260811     
0.596000 0.014000 0.063000 0.000000 -0.707100 0.707100 0.000000     0.591000 0.004000 0.059500 -0.000000 0.707100 -0.707100 -0.000000     -0.004840 -0.015591 -0.003397 0.999971 0.000368 0.000465 0.000382     0.596000 0.006000 0.069500 0.100035 -0.547560 0.784824 0.272401     0.596299 0.005316 0.069555 0.100276 -0.547783 0.784547 0.272698     0.006038 0.008743 0.001375 0.999973 -0.003795 -0.003430 -0.005271     0.601990 0.014767 0.070894 0.102082 -0.544722 0.788380 0.267010     0.600750 0.015588 0.070718 0.102902 -0.544624 0.788558 0.266407     
0.596000 0.014000 0.063000 0.000000 -0.707100 0.707100 0.000000     0.591000 0.004000 0.063000 0.007035 -0.711357 0.702628 -0.014731     -0.005552 -0.014738 0.000011 0.999827 -0.004270 -0.015144 0.006404     0.595664 0.006169 0.073126 0.107437 -0.557058 0.781267 0.260279     0.595317 0.006295 0.073219 0.108416 -0.556937 0.781001 0.260969     0.005429 0.008394 0.000428 0.999837 -0.001773 0.012990 -0.012452     0.601408 0.014479 0.073422 0.099524 -0.544048 0.789933 0.264750     0.600123 0.015231 0.073528 0.099229 -0.544069 0.790074 0.264433     
0.596000 0.014000 0.063000 0.000000 -0.707100 0.707100 0.000000     0.591000 0.004000 0.066500 0.021018 -0.696002 0.717714 -0.002790     -0.005627 -0.014546 0.003328 0.999617 0.013580 -0.017159 -0.015126     0.595715 0.005590 0.076710 0.124452 -0.538619 0.787767 0.271670     0.595984 0.005724 0.076197 0.125195 -0.538502 0.787227 0.273158     0.005757 0.007835 -0.003251 0.999418 -0.020543 0.021911 0.016153     0.601852 0.013998 0.073167 0.091665 -0.547635 0.786916 0.269141     0.600479 0.014548 0.073382 0.091765 -0.547710 0.786875 0.269110     
0.596000 0.014000 0.063000 0.000000 -0.707100 0.707100 0.000000     0.591000 0.009000 0.059500 0.000602 0.703419 -0.710727 0.007006     -0.005490 -0.009784 -0.003809 0.999935 -0.005092 -0.004534 -0.005007     0.595930 0.011056 0.069523 0.102047 -0.545255 0.788636 0.265173     0.595651 0.011178 0.069263 0.102427 -0.545312 0.788527 0.265272     0.005057 0.003996 0.001505 0.999983 0.002828 -0.004816 -0.001779     0.600898 0.014978 0.071087 0.107857 -0.544831 0.788351 0.264591     0.599668 0.015804 0.071038 0.107811 -0.544870 0.788315 0.264676     
0.596000 0.014000 0.063000 0.000000 -0.707100 0.707100 0.000000     0.591000 0.009000 0.063000 0.027522 -0.691857 0.721482 0.004656     -0.005556 -0.009661 -0.000225 0.999354 0.023109 -0.016244 -0.020866     0.595743 0.010335 0.073234 0.130828 -0.532914 0.788001 0.279144     0.595350 0.010575 0.073094 0.131281 -0.532875 0.787954 0.279172     0.005364 0.003280 0.000165 0.999148 -0.028543 0.020588 0.021541     0.601447 0.014404 0.073097 0.093269 -0.547422 0.786511 0.270204     0.600175 0.015124 0.073285 0.093421 -0.547747 0.786181 0.270493     
0.596000 0.014000 0.063000 0.000000 -0.707100 0.707100 0.000000     0.591000 0.009000 0.066500 0.000456 -0.701900 0.712084 0.015891     -0.005375 -0.009779 0.003085 0.999786 0.013769 0.011728 -0.006582     0.596244 0.010696 0.076431 0.099745 -0.537696 0.786591 0.286687     0.596210 0.010743 0.076215 0.101439 -0.537691 0.785820 0.288247     0.005073 0.003893 -0.003249 0.999880 -0.011667 -0.009144 0.004428     0.601118 0.014867 0.073234 0.099383 -0.544900 0.786548 0.273001     0.599769 0.015497 0.073222 0.099740 -0.544885 0.786458 0.273196     
0.596000 0.014000 0.063000 0.000000 -0.707100 0.707100 0.000000     0.591000 0.014000 0.059500 -0.000000 0.707100 -0.707100 -0.000000     -0.005003 -0.004850 -0.003746 0.999970 0.001084 0.000777 0.000151     0.596000 0.016000 0.069500 0.100035 -0.547560 0.784824 0.272401     0.596161 0.016021 0.069366 0.100631 -0.547452 0.784462 0.273476     0.004134 0.000103 0.001359 0.999968 -0.000253 -0.007114 -0.003746     0.600006 0.016071 0.070928 0.106496 -0.546565 0.786207 0.267924     0.598715 0.016808 0.071050 0.106651 -0.546524 0.786199 0.268008     
0.596000 0.014000 0.063000 0.000000 -0.707100 0.707100 0.000000     0.591000 0.014000 0.063000 0.008339 -0.706983 0.707163 -0.002568     -0.005169 -0.004658 -0.000686 0.999931 0.004421 -0.007721 0.000008     0.595845 0.015917 0.073092 0.108353 -0.549132 0.782981 0.271358     0.595929 0.016043 0.072689 0.108836 -0.549121 0.782852 0.271595     0.005490 -0.001193 -0.000560 0.999970 -0.005495 0.004368 -0.003205     0.601436 0.014803 0.072468 0.102782 -0.546017 0.786682 0.269098     0.600182 0.015530 0.072088 0.103669 -0.545892 0.786957 0.268240     
0.596000 0.014000 0.063000 0.000000 -0.707100 0.707100 0.000000     0.591000 0.014000 0.066500 0.008888 -0.696883 0.717102 0.004604     -0.006015 -0.004454 0.003388 0.999816 0.009748 -0.003224 -0.014269     0.595992 0.015666 0.076565 0.111515 -0.536127 0.789631 0.276758     0.595286 0.015992 0.076471 0.111965 -0.536025 0.789705 0.276599     0.005185 -0.001584 -0.002732 0.999857 -0.012531 0.002295 0.011120     0.601182 0.014445 0.073764 0.099891 -0.545593 0.787280 0.269294     0.599756 0.014895 0.073655 0.100770 -0.545643 0.787749 0.267528     
0.596000 0.014000 0.063000 0.000000 -0.707100 0.707100 0.000000     0.591000 0.019000 0.059500 0.004992 0.710833 -0.703313 -0.004791     -0.005391 0.000443 -0.003859 0.999927 0.001372 0.007408 0.005553     0.596116 0.021057 0.069429 0.093075 -0.549842 0.782613 0.276600     0.596008 0.021227 0.069256 0.094297 -0.549617 0.782296 0.277566     0.005421 -0.004486 0.000562 0.999870 -0.005288 -0.013271 -0.007502     0.601304 0.016601 0.070102 0.102616 -0.548062 0.786864 0.264430     0.600009 0.017355 0.070036 0.103387 -0.547927 0.786910 0.264308     
0.596000 0.014000 0.063000 0.000000 -0.707100 0.707100 0.000000     0.591000 0.019000 0.063000 0.007290 0.715223 -0.698762 -0.010769     -0.005424 0.000292 0.000047 0.999818 0.002488 0.012776 0.011645     0.596206 0.021070 0.072880 0.088174 -0.552887 0.778938 0.282447     0.595830 0.021324 0.072903 0.088216 -0.552882 0.778946 0.282457     0.005950 -0.005458 -0.000938 0.999705 -0.007626 -0.015915 -0.016679     0.601909 0.015594 0.072072 0.101039 -0.544899 0.788681 0.266154     0.600591 0.016308 0.072023 0.101495 -0.545123 0.789012 0.264575     
0.596000 0.014000 0.063000 0.000000 -0.707100 0.707100 0.000000     0.591000 0.019000 0.066500 0.018815 0.712971 -0.700367 -0.028009     -0.005452 0.000226 0.003463 0.999341 0.008053 0.033271 0.009381     0.596616 0.020967 0.076174 0.075121 -0.544551 0.781007 0.296359     0.596326 0.021043 0.076150 0.076490 -0.544484 0.780621 0.297183     0.006661 -0.005294 -0.003569 0.999181 -0.012113 -0.036188 -0.013476     0.602618 0.015769 0.072939 0.100719 -0.545215 0.788577 0.265937     0.601333 0.016539 0.073002 0.100757 -0.545109 0.789183 0.264375     
0.596000 0.014000 0.063000 0.000000 -0.707100 0.707100 0.000000     0.591000 0.024000 0.059500 0.013549 -0.708743 0.705241 0.010718     -0.005764 0.005396 -0.003620 0.999803 0.017976 -0.002486 0.002688     0.595951 0.025680 0.069583 0.110312 -0.548248 0.778474 0.284979     0.595540 0.025941 0.069424 0.111373 -0.548139 0.778356 0.285134     0.005969 -0.010524 0.000732 0.999642 -0.026244 0.002941 -0.004200     0.601995 0.015640 0.070185 0.094791 -0.546840 0.788302 0.265595     0.600795 0.016499 0.069958 0.094571 -0.546824 0.788814 0.264220     
0.596000 0.014000 0.063000 0.000000 -0.707100 0.707100 0.000000     0.591000 0.024000 0.063000 0.015518 -0.709898 0.704087 0.006847     -0.005630 0.005244 -0.000122 0.999799 0.016788 -0.006477 0.004471     0.595861 0.025722 0.073119 0.112371 -0.550790 0.777533 0.281826     0.595456 0.025871 0.072923 0.113504 -0.550748 0.777348 0.282000     0.006075 -0.010480 -0.000936 0.999688 -0.023204 0.006319 -0.006692     0.602088 0.015643 0.072032 0.096529 -0.546242 0.788226 0.266424     0.600986 0.016535 0.071556 0.096779 -0.546281 0.788427 0.265696     
0.596000 0.014000 0.063000 0.000000 -0.707100 0.707100 0.000000     0.591000 0.024000 0.066500 0.016043 0.715192 -0.698523 0.016997     -0.005253 0.005347 0.003030 0.999645 -0.022552 -0.000387 0.011960     0.595932 0.026582 0.076400 0.084526 -0.559144 0.784398 0.254782     0.595906 0.026733 0.076054 0.085230 -0.559055 0.784228 0.255303     0.005793 -0.010938 -0.001035 0.999544 0.017264 -0.013864 -0.020514     0.601543 0.015100 0.075578 0.110242 -0.544871 0.789941 0.258721     0.600186 0.015694 0.075514 0.110981 -0.544813 0.790545 0.256709     
0.596000 0.014000 0.063000 0.000000 -0.707100 0.707100 0.000000     0.596000 0.004000 0.059500 0.006099 0.702181 -0.711804 0.014869     -0.000548 -0.014768 -0.003658 0.999820 -0.014738 -0.006236 -0.006774     0.600905 0.006229 0.069499 0.098621 -0.545308 0.791849 0.256647     0.600507 0.006415 0.069296 0.098769 -0.545313 0.791842 0.256642     0.001118 0.008511 0.002080 0.999956 0.009257 -0.001292 -0.000085     0.601997 0.014554 0.071631 0.104710 -0.544636 0.789358 0.263254     0.600710 0.015279 0.071391 0.105672 -0.544463 0.789479 0.262900     
0.596000 0.014000 0.063000 0.000000 -0.707100 0.707100 0.000000     0.596000 0.004000 0.063000 0.004218 -0.707142 0.707004 0.007639     -0.000737 -0.014452 -0.000230 0.999930 0.008798 0.002129 0.000143     0.601048 0.005833 0.073008 0.102697 -0.546118 0.782699 0.280305     0.600862 0.006095 0.072591 0.103305 -0.545964 0.782637 0.280590     0.000885 0.007046 0.000369 0.999851 -0.015942 -0.004885 -0.004385     0.601852 0.013154 0.073363 0.099028 -0.545611 0.788944 0.264667     0.600492 0.013784 0.073350 0.099911 -0.545368 0.789128 0.264327     
0.596000 0.014000 0.063000 0.000000 -0.707100 0.707100 0.000000     0.596000 0.004000 0.066500 0.007857 -0.695443 0.718273 -0.019049     -0.000795 -0.014609 0.003126 0.999631 -0.007484 -0.019232 -0.015944     0.600681 0.006003 0.076653 0.114996 -0.540677 0.793647 0.254064     0.600200 0.006230 0.076406 0.115691 -0.540696 0.793571 0.253985     0.001186 0.008389 -0.002255 0.999786 -0.001831 0.016504 0.012335     0.602148 0.014548 0.074231 0.097750 -0.546368 0.789171 0.262898     0.600949 0.015365 0.073865 0.098546 -0.546110 0.789193 0.263112     
0.596000 0.014000 0.063000 0.000000 -0.707100 0.707100 0.000000     0.596000 0.009000 0.059500 0.008736 0.699622 -0.713717 -0.032285     -0.000979 -0.009326 -0.003265 0.999363 0.016838 0.028885 -0.009875     0.601609 0.010565 0.069251 0.089042 -0.529837 0.788169 0.300189     0.601142 0.010972 0.069021 0.089324 -0.529747 0.788099 0.300482     0.001942 0.003136 0.001236 0.999547 -0.013743 -0.026400 0.004562     0.603014 0.014022 0.070722 0.101158 -0.542341 0.787170 0.275639     0.601964 0.014633 0.070451 0.101215 -0.542780 0.787609 0.273527     
0.596000 0.014000 0.063000 0.000000 -0.707100 0.707100 0.000000     0.596000 0.009000 0.063000 0.008703 0.706777 -0.707369 0.000474     -0.000678 -0.009478 -0.000353 0.999937 -0.005954 0.005739 -0.000304     0.601118 0.011125 0.072914 0.092025 -0.546274 0.787374 0.270442     0.600918 0.011354 0.072739 0.092709 -0.546198 0.787225 0.270831     0.001564 0.003408 0.000579 0.999916 0.003093 -0.011538 -0.004936     0.602472 0.014422 0.073622 0.104126 -0.545178 0.788106 0.266098     0.601125 0.015064 0.073486 0.105510 -0.544886 0.788263 0.265723     
0.596000 0.014000 0.063000 0.000000 -0.707100 0.707100 0.000000     0.596000 0.009000 0.066500 -0.000000 0.707100 -0.707100 -0.000000     -0.000155 -0.010759 0.003484 0.999970 0.001009 0.000499 0.000978     0.601000 0.011000 0.076500 0.100035 -0.547560 0.784824 0.272401     0.601126 0.010628 0.076261 0.100078 -0.547597 0.784766 0.272514     -0.000056 0.004064 -0.003012 0.999928 -0.009634 -0.005007 -0.005208     0.600865 0.015205 0.073498 0.100100 -0.545761 0.789742 0.261558     0.599647 0.015942 0.073030 0.100714 -0.545685 0.789701 0.261642     
0.596000 0.014000 0.063000 0.000000 -0.707100 0.707100 0.000000     0.596000 0.014000 0.059500 0.016680 -0.710294 0.703690 0.002132     -0.000179 -0.004840 -0.003774 0.999798 0.015560 -0.008889 0.004881     0.600775 0.015778 0.069651 0.114105 -0.552613 0.777495 0.277634     0.600867 0.015803 0.069561 0.115341 -0.552326 0.776773 0.279742     0.000975 -0.001098 0.001839 0.999770 -0.018530 0.009529 -0.005101     0.601961 0.015003 0.071325 0.097846 -0.547989 0.786367 0.267847     0.600620 0.015644 0.071140 0.098541 -0.547971 0.786614 0.266938     
0.596000 0.014000 0.063000 0.000000 -0.707100 0.707100 0.000000     0.596000 0.014000 0.063000 0.031517 -0.698148 0.715191 -0.008909     -0.000368 -0.004648 -0.000693 0.999352 0.016522 -0.028661 -0.011910     0.600461 0.015561 0.073328 0.134445 -0.543955 0.783731 0.267924     0.600257 0.015815 0.072879 0.135072 -0.543933 0.783565 0.268178     0.000589 -0.000763 -0.001396 0.999221 -0.026979 0.027465 0.008641     0.601575 0.015427 0.071571 0.095825 -0.546573 0.789340 0.262673     0.600325 0.016252 0.071560 0.097511 -0.546162 0.789533 0.262366     
0.596000 0.014000 0.063000 0.000000 -0.707100 0.707100 0.000000     0.596000 0.014000 0.066500 0.003666 -0.707917 0.706230 -0.007829     -0.000004 -0.004756 0.003118 0.999938 -0.001233 -0.007814 0.001484     0.600832 0.016071 0.076568 0.104473 -0.550984 0.784130 0.265749     0.600937 0.016204 0.076264 0.105803 -0.550769 0.783752 0.266818     0.000159 -0.001326 -0.002468 0.999975 -0.004342 0.001178 -0.005463     0.601037 0.014779 0.074071 0.102606 -0.546827 0.788397 0.262416     0.599649 0.015342 0.074013 0.103771 -0.546781 0.788333 0.262286     
0.596000 0.014000 0.063000 0.000000 -0.707100 0.707100 0.000000     0.596000 0.019000 0.059500 0.004665 0.709862 -0.703477 -0.034290     -0.000200 -0.000283 -0.003696 0.999349 0.021434 0.027580 0.004872     0.601529 0.020633 0.069286 0.088596 -0.541170 0.778923 0.304211     0.601300 0.020145 0.069041 0.088980 -0.541227 0.778777 0.304403     0.000827 -0.003983 0.000261 0.999392 -0.025373 -0.023610 -0.003886     0.601904 0.017110 0.069703 0.094383 -0.547245 0.786179 0.271141     0.600656 0.017749 0.069602 0.094859 -0.547275 0.786829 0.269059     
0.596000 0.014000 0.063000 0.000000 -0.707100 0.707100 0.000000     0.596000 0.019000 0.063000 0.012611 -0.698620 0.715365 -0.002310     -0.000482 0.000267 -0.000311 0.999817 0.007577 -0.010594 -0.011757     0.600832 0.020737 0.073131 0.115514 -0.540329 0.788148 0.271115     0.600590 0.020917 0.072829 0.115903 -0.540323 0.788092 0.271160     0.000422 -0.005443 -0.000684 0.999834 -0.013912 0.009857 0.006361     0.601428 0.015637 0.072296 0.098484 -0.544187 0.789491 0.266166     0.600127 0.016380 0.072317 0.098467 -0.544200 0.789831 0.265175     
0.596000 0.014000 0.063000 0.000000 -0.707100 0.707100 0.000000     0.596000 0.019000 0.066500 0.023774 -0.724437 0.688901 0.004621     -0.000546 0.000371 0.003000 0.999348 0.020516 -0.013709 0.025225     0.600630 0.020836 0.076708 0.114753 -0.568628 0.763763 0.283091     0.600299 0.021045 0.076438 0.115381 -0.568566 0.763715 0.283125     0.001167 -0.006221 -0.002968 0.999161 -0.024555 0.013241 -0.029997     0.602181 0.014822 0.073517 0.099072 -0.544309 0.788650 0.268187     0.601024 0.015422 0.073234 0.099888 -0.544134 0.789342 0.266231     
0.596000 0.014000 0.063000 0.000000 -0.707100 0.707100 0.000000     0.596000 0.024000 0.059500 0.019982 -0.710789 0.702550 -0.028013     -0.000246 0.005434 -0.003975 0.999362 -0.005508 -0.033962 0.005864     0.600287 0.026169 0.069792 0.121912 -0.561611 0.779308 0.249778     0.600123 0.026466 0.069457 0.122148 -0.561549 0.779295 0.249885     0.001240 -0.010472 0.001522 0.999449 -0.001746 0.032185 -0.007953     0.602213 0.015659 0.071008 0.097769 -0.547278 0.787705 0.265386     0.601054 0.016560 0.070734 0.097658 -0.547127 0.788104 0.264589     
0.596000 0.014000 0.063000 0.000000 -0.707100 0.707100 0.000000     0.596000 0.024000 0.063000 0.021022 0.716983 -0.696732 -0.006185     -0.000845 0.005382 0.000133 0.999631 -0.010257 0.019211 0.014358     0.601318 0.026355 0.072756 0.075257 -0.554420 0.781496 0.276041     0.600730 0.026628 0.072772 0.075562 -0.554368 0.781500 0.276086     0.001270 -0.010374 -0.001929 0.999350 0.002357 -0.029557 -0.020488     0.602093 0.015727 0.071137 0.105268 -0.546030 0.789472 0.259774     0.600866 0.016547 0.070884 0.105546 -0.546147 0.789749 0.258611     
0.596000 0.014000 0.063000 0.000000 -0.707100 0.707100 0.000000     0.596000 0.024000 0.066500 0.000585 0.704582 -0.709564 0.007962     -0.000625 0.005512 0.003558 0.999937 -0.005371 -0.005253 -0.003424     0.600910 0.026086 0.076527 0.101775 -0.546800 0.787847 0.264439     0.600502 0.026368 0.076519 0.102440 -0.546611 0.787825 0.264677     0.001547 -0.011332 -0.002847 0.999990 -0.001426 0.003834 -0.002033     0.602542 0.014762 0.073636 0.098511 -0.544325 0.789718 0.265201     0.601197 0.015426 0.073619 0.098814 -0.544367 0.790139 0.263781     
0.596000 0.014000 0.063000 0.000000 -0.707100 0.707100 0.000000     0.601000 0.004000 0.059500 0.003180 -0.712339 0.701807 0.003254     0.004693 -0.014861 -0.003729 0.999929 0.004976 0.000140 0.007631     0.605971 0.005983 0.069518 0.100452 -0.552914 0.779483 0.276735     0.605787 0.006051 0.069300 0.100858 -0.552947 0.779340 0.276960     -0.004053 0.010179 0.001646 0.999844 -0.008786 -0.005975 -0.014099     0.601855 0.016199 0.071188 0.104137 -0.544374 0.788988 0.265123     0.600485 0.016797 0.071085 0.104896 -0.544240 0.789267 0.264305     
0.596000 0.014000 0.063000 0.000000 -0.707100 0.707100 0.000000     0.601000 0.004000 0.063000 0.007397 0.710308 -0.703838 0.000706     0.004268 -0.014522 -0.000088 0.999936 -0.005277 0.004452 0.004659     0.606075 0.006160 0.072928 0.091934 -0.550414 0.784323 0.270942     0.605736 0.006430 0.072797 0.092560 -0.550312 0.784264 0.271144     -0.002833 0.008996 -0.001073 0.999897 0.000920 -0.011550 -0.008485     0.603047 0.015054 0.071975 0.103788 -0.546748 0.787601 0.264499     0.601738 0.015748 0.072008 0.105067 -0.546397 0.788247 0.262825     
0.596000 0.014000 0.063000 0.000000 -0.707100 0.707100 0.000000     0.601000 0.004000 0.066500 0.000145 0.703390 -0.710756 0.007000     0.004174 -0.014624 0.003479 0.999936 -0.004268 -0.005028 -0.005043     0.605924 0.006050 0.076528 0.102487 -0.545277 0.788537 0.265250     0.605394 0.006290 0.076464 0.103380 -0.545174 0.788450 0.265413     -0.004216 0.009098 -0.003568 0.999989 -0.003783 0.002750 0.000301     0.601761 0.015226 0.072916 0.098175 -0.545167 0.789650 0.263795     0.600533 0.016085 0.072894 0.098062 -0.545198 0.789755 0.263494     
0.596000 0.014000 0.063000 0.000000 -0.707100 0.707100 0.000000     0.601000 0.009000 0.059500 0.007854 -0.711780 0.701936 0.023981     0.004172 -0.009455 -0.003641 0.999625 0.022694 0.011288 0.006985     0.606202 0.010622 0.069465 0.101480 -0.547477 0.775753 0.296916     0.605715 0.010934 0.069268 0.101829 -0.547392 0.775761 0.296966     -0.003419 0.004155 0.000297 0.999541 -0.026954 -0.010463 -0.009078     0.602608 0.015221 0.069770 0.097489 -0.546026 0.787307 0.269220     0.601412 0.016061 0.069691 0.097212 -0.545781 0.788207 0.267212     
0.596000 0.014000 0.063000 0.000000 -0.707100 0.707100 0.000000     0.601000 0.009000 0.063000 0.017279 0.708673 -0.705311 -0.000593     0.003656 -0.009526 -0.000033 0.999823 -0.011795 0.012269 0.002421     0.606240 0.011258 0.072820 0.082993 -0.547080 0.787881 0.270257     0.605613 0.011428 0.072860 0.083386 -0.547122 0.787785 0.270367     -0.002781 0.003842 -0.000878 0.999787 0.008959 -0.017242 -0.006980     0.603147 0.014851 0.072156 0.103346 -0.545381 0.787680 0.267246     0.602003 0.015679 0.071670 0.104462 -0.545113 0.787726 0.267258     
0.596000 0.014000 0.063000 0.000000 -0.707100 0.707100 0.000000     0.601000 0.009000 0.066500 0.010564 -0.716232 0.697753 -0.004716     0.004876 -0.010143 0.003246 0.999808 0.005089 -0.010982 0.013373     0.605730 0.011044 0.076622 0.107204 -0.560261 0.775343 0.270996     0.605483 0.010574 0.076264 0.107710 -0.560498 0.775096 0.271047     -0.004729 0.005310 -0.002586 0.999748 -0.013074 0.006744 -0.016984     0.601208 0.016453 0.073915 0.099226 -0.546526 0.788928 0.262749     0.599931 0.017222 0.073795 0.099235 -0.546535 0.788943 0.262718     
0.596000 0.014000 0.063000 0.000000 -0.707100 0.707100 0.000000     0.601000 0.014000 0.059500 0.018246 -0.718418 0.695297 -0.009220     0.003968 -0.004446 -0.003879 0.999624 0.006519 -0.019563 0.016410     0.605541 0.016027 0.069711 0.114284 -0.564855 0.771922 0.268318     0.605046 0.016300 0.069490 0.114751 -0.564840 0.771892 0.268274     -0.002869 -0.001141 0.002045 0.999362 -0.019393 0.020391 -0.021987     0.603177 0.015066 0.071479 0.093416 -0.544268 0.791382 0.262183     0.602009 0.015946 0.071175 0.093231 -0.544324 0.791470 0.261905     
0.596000 0.014000 0.063000 0.000000 -0.707100 0.707100 0.000000     0.601000 0.014000 0.063000 0.021370 -0.724097 0.689242 0.012403     0.004967 -0.005404 -0.000422 0.999347 0.024201 -0.006369 0.024928     0.605779 0.015760 0.073152 0.111313 -0.565908 0.763711 0.289971     0.605742 0.015346 0.072727 0.111628 -0.566000 0.763562 0.290098     -0.003509 -0.000702 0.000528 0.998793 -0.036244 0.008212 -0.032109     0.602562 0.015470 0.073456 0.093707 -0.542357 0.792383 0.263015     0.601315 0.016295 0.073361 0.095133 -0.541826 0.792577 0.263051     
0.596000 0.014000 0.063000 0.000000 -0.707100 0.707100 0.000000     0.601000 0.014000 0.066500 0.011262 0.699344 -0.714372 0.021106     0.003989 -0.004587 0.003383 0.999635 -0.022492 -0.007521 -0.010438     0.605907 0.016352 0.076469 0.095825 -0.543218 0.795912 0.249471     0.605649 0.016514 0.076395 0.096566 -0.543218 0.795686 0.249945     -0.003622 -0.000962 -0.002953 0.999958 0.008652 0.001699 0.002388     0.602308 0.015241 0.073539 0.098573 -0.543843 0.792586 0.257498     0.600946 0.015833 0.073736 0.098628 -0.543850 0.792587 0.257497     
0.596000 0.014000 0.063000 0.000000 -0.707100 0.707100 0.000000     0.601000 0.019000 0.059500 -0.000000 0.707100 -0.707100 -0.000000     0.004767 0.000154 -0.003982 0.999969 0.001397 0.001118 0.000362     0.606000 0.021000 0.069500 0.100035 -0.547560 0.784824 0.272401     0.605980 0.020971 0.069183 0.100685 -0.547544 0.784106 0.274293     -0.003039 -0.005664 0.001487 0.999952 -0.005770 -0.007438 -0.002765     0.602823 0.015424 0.071036 0.103461 -0.547967 0.787128 0.263510     0.601880 0.016024 0.071001 0.105639 -0.547462 0.787218 0.263464     
0.596000 0.014000 0.063000 0.000000 -0.707100 0.707100 0.000000     0.601000 0.019000 0.063000 0.007691 -0.724120 0.689595 0.005486     0.004553 0.000214 -0.000261 0.999623 0.009591 -0.001612 0.024505     0.605870 0.021054 0.073053 0.099677 -0.566025 0.768494 0.281209     0.605621 0.021166 0.072815 0.100047 -0.566017 0.768449 0.281248     -0.003703 -0.005642 -0.000529 0.999535 -0.011750 -0.003794 -0.027883     0.602204 0.015375 0.072514 0.103736 -0.546571 0.786845 0.267122     0.600877 0.016060 0.072647 0.104617 -0.546392 0.787289 0.265872     
0.596000 0.014000 0.063000 0.000000 -0.707100 0.707100 0.000000     0.601000 0.019000 0.066500 0.007521 0.704122 -0.710024 0.001471     0.003944 0.000410 0.003426 0.999945 -0.004991 0.003286 -0.003925     0.606102 0.021085 0.076431 0.094328 -0.543734 0.789239 0.269326     0.605579 0.021411 0.076341 0.096134 -0.543562 0.789112 0.269445     -0.003128 -0.004534 -0.003559 0.999970 0.003728 -0.005530 0.004027     0.602848 0.016517 0.072943 0.099633 -0.548034 0.785500 0.269633     0.601669 0.017319 0.072587 0.100068 -0.548123 0.786113 0.267532     
0.596000 0.014000 0.063000 0.000000 -0.707100 0.707100 0.000000     0.601000 0.024000 0.059500 0.012872 -0.714624 0.699361 0.004734     0.004595 0.005263 -0.003286 0.999818 0.012522 -0.005638 0.010798     0.605843 0.025856 0.069605 0.108413 -0.556269 0.774828 0.280059     0.605573 0.025988 0.069787 0.108490 -0.556248 0.774819 0.280131     -0.003282 -0.009366 0.001155 0.999723 -0.018411 0.005031 -0.013736     0.602716 0.016725 0.070638 0.098090 -0.546059 0.787956 0.267025     0.601581 0.017667 0.070388 0.097610 -0.546144 0.788468 0.265550     
0.596000 0.014000 0.063000 0.000000 -0.707100 0.707100 0.000000     0.601000 0.024000 0.063000 0.002877 0.715296 -0.698689 0.012586     0.004516 0.005238 -0.000196 0.999820 -0.010773 -0.006912 0.011783     0.605812 0.026334 0.073020 0.096222 -0.559656 0.780566 0.261194     0.605599 0.026492 0.072888 0.096481 -0.559669 0.780501 0.261305     -0.002684 -0.009864 -0.000783 0.999849 0.008016 0.000969 -0.015402     0.603214 0.016160 0.072262 0.103960 -0.546525 0.787068 0.266471     0.602097 0.016982 0.071699 0.104219 -0.546433 0.787069 0.266594     
0.596000 0.014000 0.063000 0.000000 -0.707100 0.707100 0.000000     0.601000 0.024000 0.066500 -0.000000 0.707100 -0.707100 -0.000000     0.004007 0.005310 0.003534 0.999971 0.000431 -0.000158 0.000172     0.606000 0.026000 0.076500 0.100035 -0.547560 0.784824 0.272401     0.605318 0.026184 0.076462 0.100640 -0.547552 0.784765 0.272401     -0.003357 -0.011005 -0.003281 0.999961 -0.005542 -0.000735 -0.006778     0.602655 0.015038 0.073204 0.099419 -0.542974 0.789941 0.266960     0.601362 0.015629 0.073201 0.099729 -0.542869 0.790689 0.264876     
0.596000 0.014000 0.063000 0.000000 -0.707100 0.707100 0.000000     0.606000 0.004000 0.059500 0.005347 0.709359 -0.704625 -0.016272     0.009766 -0.014731 -0.004001 0.999811 0.008251 0.015444 0.003563     0.611291 0.005881 0.069373 0.091340 -0.545167 0.782296 0.287128     0.611331 0.005960 0.069049 0.091895 -0.545218 0.782081 0.287477     -0.007568 0.007642 0.002585 0.999809 -0.006990 -0.017888 -0.003700     0.603381 0.013625 0.072114 0.102568 -0.547942 0.784537 0.271516     0.602028 0.014261 0.072230 0.103011 -0.547927 0.784886 0.270405     
0.596000 0.014000 0.063000 0.000000 -0.707100 0.707100 0.000000     0.606000 0.004000 0.063000 0.000945 0.702799 -0.711347 0.006223     0.009734 -0.014706 -0.000371 0.999943 -0.003119 -0.003224 -0.006017     0.610950 0.006041 0.073017 0.101831 -0.544319 0.789111 0.265764     0.610907 0.006208 0.072812 0.103268 -0.543925 0.788772 0.267058     -0.008079 0.009542 -0.001001 0.999943 0.000984 -0.009471 0.004786     0.602660 0.015610 0.072111 0.108562 -0.550482 0.785235 0.261858     0.601415 0.016417 0.071915 0.108023 -0.550580 0.785793 0.260233     
0.596000 0.014000 0.063000 0.000000 -0.707100 0.707100 0.000000     0.606000 0.004000 0.066500 -0.000000 0.707100 -0.707100 -0.000000     0.008929 -0.014497 0.003387 0.999969 0.001360 -0.001209 0.000127     0.611000 0.006000 0.076500 0.100035 -0.547560 0.784824 0.272401     0.610296 0.006357 0.076421 0.101994 -0.547205 0.784962 0.272025     -0.009111 0.010058 -0.002802 0.999965 -0.004690 -0.006864 -0.000557     0.601753 0.016147 0.073747 0.103002 -0.549443 0.785692 0.264897     0.600460 0.016899 0.073684 0.102874 -0.549586 0.786074 0.263552     
0.596000 0.014000 0.063000 0.000000 -0.707100 0.707100 0.000000     0.606000 0.009000 0.059500 0.000189 -0.704148 0.709568 -0.025894     0.009575 -0.009709 -0.003714 0.999634 -0.017797 -0.018507 -0.003721     0.610646 0.011329 0.069599 0.105567 -0.551207 0.789760 0.247560     0.610408 0.011479 0.069380 0.106024 -0.551148 0.789723 0.247653     -0.007752 0.003514 0.001170 0.999854 0.007867 0.014700 -0.003658     0.603205 0.014649 0.070664 0.099184 -0.543768 0.791265 0.261454     0.601910 0.015396 0.070641 0.099220 -0.543766 0.791266 0.261481     
0.596000 0.014000 0.063000 0.000000 -0.707100 0.707100 0.000000     0.606000 0.009000 0.063000 0.008841 0.723786 -0.689552 0.023533     0.009142 -0.009567 0.000033 0.999357 -0.023059 -0.010526 0.024201     0.610678 0.011692 0.072993 0.088998 -0.571345 0.776288 0.251002     0.611129 0.011726 0.072710 0.088933 -0.571380 0.775862 0.252299     -0.006124 0.002349 -0.000497 0.999393 0.017990 -0.001183 -0.029814     0.604672 0.013397 0.072593 0.107625 -0.546549 0.788230 0.261485     0.603398 0.014185 0.072528 0.107632 -0.546552 0.788375 0.261078     
0.596000 0.014000 0.063000 0.000000 -0.707100 0.707100 0.000000     0.606000 0.009000 0.066500 0.033666 0.704046 -0.709292 -0.008415     0.009354 -0.009703 0.003433 0.999377 -0.017178 0.029670 -0.003456     0.611600 0.011311 0.076107 0.067854 -0.537996 0.794217 0.274145     0.611753 0.011341 0.075661 0.068334 -0.538036 0.793673 0.275554     -0.006370 0.003060 -0.002945 0.999234 0.017023 -0.035168 0.002244     0.604528 0.014060 0.073605 0.104276 -0.547852 0.785349 0.268687     0.603131 0.014581 0.073441 0.104492 -0.547863 0.785375 0.268541     
0.596000 0.014000 0.063000 0.000000 -0.707100 0.707100 0.000000     0.606000 0.014000 0.059500 0.001401 0.700996 -0.713151 -0.000562     0.009257 -0.004649 -0.003600 0.999935 -0.000071 0.001152 -0.008427     0.611061 0.015925 0.069484 0.100957 -0.540475 0.789801 0.271826     0.610617 0.016112 0.069366 0.101669 -0.540418 0.789731 0.271912     -0.007215 -0.000395 0.001342 0.999944 -0.002815 -0.010186 0.000688     0.603640 0.015593 0.070916 0.107288 -0.544041 0.789122 0.264152     0.602289 0.016232 0.070930 0.108116 -0.544196 0.789580 0.262155     
0.596000 0.014000 0.063000 0.000000 -0.707100 0.707100 0.000000     0.606000 0.014000 0.063000 0.005102 0.707734 -0.706413 0.007017     0.009553 -0.004695 -0.000352 0.999942 -0.007407 -0.001002 0.001203     0.610969 0.016181 0.072978 0.096146 -0.549498 0.786482 0.265017     0.610779 0.016281 0.072806 0.097146 -0.549420 0.786195 0.265703     -0.008047 -0.001672 -0.000905 0.999941 0.002406 -0.003452 -0.010019     0.602895 0.014362 0.072117 0.102833 -0.542269 0.790972 0.264033     0.601511 0.014931 0.072175 0.103487 -0.542024 0.791471 0.262818     
0.596000 0.014000 0.063000 0.000000 -0.707100 0.707100 0.000000     0.606000 0.014000 0.066500 -0.000000 0.707100 -0.707100 -0.000000     0.009552 -0.004737 0.003300 0.999971 0.000665 -0.000009 0.000278     0.611000 0.016000 0.076500 0.100035 -0.547560 0.784824 0.272401     0.610756 0.016112 0.076341 0.100759 -0.547568 0.784647 0.272664     -0.008093 -0.001273 -0.003404 0.999978 -0.002689 -0.005284 -0.002968     0.602813 0.014751 0.073137 0.103516 -0.546927 0.786636 0.267095     0.601627 0.015486 0.072593 0.103665 -0.546921 0.786632 0.267098     
0.596000 0.014000 0.063000 0.000000 -0.707100 0.707100 0.000000     0.606000 0.019000 0.059500 0.003185 -0.700931 0.713053 -0.014865     0.009319 0.000365 -0.003657 0.999819 -0.008061 -0.012896 -0.008498     0.610778 0.021082 0.069591 0.107849 -0.545052 0.790371 0.258032     0.610532 0.021223 0.069446 0.108259 -0.544999 0.790327 0.258145     -0.007201 -0.005966 0.001896 0.999976 0.002518 0.006078 0.001951     0.603692 0.015084 0.071439 0.103911 -0.544742 0.789295 0.263539     0.602253 0.015484 0.071576 0.104348 -0.545058 0.789426 0.262356     
0.596000 0.014000 0.063000 0.000000 -0.707100 0.707100 0.000000     0.606000 0.019000 0.063000 0.007037 -0.710720 0.703426 -0.000186     0.009489 -0.000360 -0.000265 0.999928 0.005152 -0.005357 0.005532     0.610877 0.020954 0.073070 0.105287 -0.552493 0.780140 0.273913     0.610284 0.020616 0.072635 0.105663 -0.552631 0.779983 0.273971     -0.008225 -0.006463 -0.001243 0.999913 -0.008320 -0.001656 -0.010059     0.602658 0.014560 0.071810 0.104728 -0.545928 0.787734 0.265424     0.601262 0.015100 0.071871 0.106005 -0.545921 0.787998 0.264181     
0.596000 0.014000 0.063000 0.000000 -0.707100 0.707100 0.000000     0.606000 0.019000 0.066500 0.001632 0.688059 -0.725280 0.022860     0.009937 0.000151 0.003083 0.999392 -0.016497 -0.014518 -0.025979     0.610806 0.021090 0.076576 0.109441 -0.532392 0.801973 0.247791     0.610900 0.021053 0.076276 0.110050 -0.532455 0.801647 0.248482     -0.008578 -0.004999 -0.003536 0.999737 0.007070 0.009802 0.019507     0.602342 0.016138 0.072975 0.100481 -0.544694 0.790698 0.260749     0.601167 0.017029 0.072751 0.100917 -0.544427 0.790786 0.260905     
0.596000 0.014000 0.063000 0.000000 -0.707100 0.707100 0.000000     0.606000 0.024000 0.059500 -0.000000 0.707100 -0.707100 -0.000000     0.009272 0.005326 -0.003520 0.999971 0.000347 -0.000133 0.000103     0.611000 0.026000 0.069500 0.100035 -0.547560 0.784824 0.272401     0.610584 0.026157 0.069421 0.100524 -0.547502 0.784784 0.272491     -0.007624 -0.009591 0.001060 0.999976 -0.003651 -0.004043 -0.004275     0.603312 0.016440 0.070586 0.102371 -0.545659 0.787736 0.266888     0.602049 0.017192 0.070391 0.102590 -0.545945 0.787495 0.266966     
0.596000 0.014000 0.063000 0.000000 -0.707100 0.707100 0.000000     0.606000 0.024000 0.063000 0.005126 -0.704839 0.709307 -0.006316     0.009640 0.005172 -0.000400 0.999934 -0.000405 -0.008018 -0.002995     0.610850 0.025986 0.073076 0.106781 -0.547348 0.785944 0.266984     0.610633 0.026065 0.072781 0.107242 -0.547370 0.785818 0.267162     -0.007896 -0.009363 -0.001283 0.999993 -0.001808 0.002672 -0.001863     0.603015 0.016641 0.071760 0.104188 -0.545360 0.787726 0.266826     0.601646 0.017235 0.071865 0.105313 -0.545358 0.788082 0.265370     
0.596000 0.014000 0.063000 0.000000 -0.707100 0.707100 0.000000     0.606000 0.024000 0.066500 0.027538 0.691510 -0.721828 0.000204     0.010270 0.004759 0.003121 0.999366 -0.018581 0.020770 -0.020808     0.611471 0.026162 0.076216 0.079903 -0.527099 0.803362 0.265279     0.611878 0.025694 0.075910 0.080184 -0.527445 0.802633 0.266744     -0.008276 -0.010438 -0.003630 0.999555 0.012915 -0.021511 0.016124     0.602702 0.015638 0.072865 0.099679 -0.544492 0.789361 0.265486     0.601333 0.016242 0.072915 0.101444 -0.544065 0.789532 0.265220     
