0.596000 0.014000 0.063000 0.000000 -0.707100 0.707100 0.000000     0.596000 0.014000 0.063000 -0.000000 0.707100 -0.707100 -0.000000     0.000923 -0.000563 0.000080 0.999961 0.000000 0.000000 0.000000     0.601000 0.016000 0.073000 0.100035 -0.547560 0.784824 0.272401     0.602121 0.015391 0.072932 0.099958 -0.547631 0.784659 0.272798     0.001439 -0.002161 -0.000321 0.999998 -0.001128 -0.001558 0.000243     0.602407 0.013864 0.072690 0.100573 -0.548287 0.784841 0.270687     0.601737 0.013491 0.073898 0.100811 -0.546416 0.785996 0.271066     
0.596000 0.014000 0.063000 0.000000 -0.707100 0.707100 0.000000     0.586000 0.004000 0.058000 0.020923 -0.717963 0.695752 0.000881     -0.010380 -0.009618 -0.005337 0.999618 0.015417 -0.014172 0.015705     0.590653 0.005840 0.068196 0.115287 -0.562017 0.770338 0.278219     0.590562 0.005649 0.068048 0.116356 -0.562408 0.769375 0.279679     0.009000 0.008792 0.004620 0.999648 -0.016525 0.016382 -0.012758     0.600034 0.014842 0.072593 0.096889 -0.549338 0.783723 0.273128     0.601862 0.014265 0.072347 0.093848 -0.549787 0.782530 0.276721     
0.596000 0.014000 0.063000 0.000000 -0.707100 0.707100 0.000000     0.586000 0.004000 0.063000 0.002418 0.707700 -0.706447 0.008338     -0.010194 -0.010409 -0.000083 0.999923 -0.007605 -0.004186 0.000886     0.590912 0.006161 0.073010 0.098910 -0.550135 0.785962 0.264218     0.590780 0.005461 0.072962 0.100225 -0.550823 0.784701 0.266070     0.009906 0.010165 0.000811 0.999990 0.002938 0.003355 -0.000531     0.600888 0.016262 0.073800 0.098029 -0.548535 0.785802 0.268318     0.602841 0.015793 0.073432 0.094834 -0.548703 0.785142 0.271078     
0.596000 0.014000 0.063000 0.000000 -0.707100 0.707100 0.000000     0.586000 0.004000 0.068000 0.033428 -0.725914 0.686940 0.005073     -0.010422 -0.010376 0.004852 0.999009 0.027223 -0.020050 0.027557     0.590490 0.005709 0.078292 0.123076 -0.571405 0.759566 0.285286     0.590485 0.005245 0.078522 0.123064 -0.571405 0.759573 0.285308     0.009727 0.007108 -0.003655 0.999151 -0.027755 0.017752 -0.024719     0.600671 0.013148 0.074364 0.100680 -0.550496 0.783149 0.271064     0.603014 0.012382 0.073960 0.095593 -0.551242 0.781772 0.275367     
0.596000 0.014000 0.063000 0.000000 -0.707100 0.707100 0.000000     0.586000 0.009000 0.058000 0.020772 0.682804 -0.730050 -0.018843     -0.009850 -0.005365 -0.004832 0.999009 -0.001364 0.028012 -0.033406     0.591675 0.010670 0.067696 0.086307 -0.513325 0.805544 0.283068     0.591904 0.010396 0.067872 0.086309 -0.513335 0.805549 0.283071     0.010613 0.006616 0.004546 0.999140 0.003529 -0.029227 0.029211     0.601607 0.017528 0.072566 0.103320 -0.544383 0.786334 0.273186     0.604263 0.017280 0.071869 0.097820 -0.545509 0.784654 0.277793     
0.596000 0.014000 0.063000 0.000000 -0.707100 0.707100 0.000000     0.586000 0.009000 0.063000 0.001113 0.702935 -0.711212 0.006376     -0.010548 -0.004663 -0.000310 0.999923 -0.005295 -0.003722 -0.005853     0.590949 0.011048 0.073016 0.101647 -0.544489 0.789069 0.265611     0.590808 0.010933 0.072377 0.102972 -0.544862 0.788359 0.266483     0.010752 0.004632 -0.000670 0.999930 0.001463 0.000650 0.011765     0.601665 0.015766 0.072345 0.098798 -0.553413 0.782285 0.268297     0.603722 0.014922 0.071625 0.095722 -0.555255 0.779627 0.273332     
0.596000 0.014000 0.063000 0.000000 -0.707100 0.707100 0.000000     0.586000 0.009000 0.068000 0.013843 0.714378 -0.699606 0.001960     -0.009932 -0.005075 0.004862 0.999809 -0.011174 0.008403 0.010445     0.591122 0.011328 0.077867 0.084461 -0.554503 0.782869 0.269236     0.591367 0.010827 0.077838 0.084970 -0.555331 0.781097 0.272534     0.008641 0.002819 -0.003306 0.999830 0.009524 -0.012865 -0.009175     0.599547 0.013865 0.074731 0.102270 -0.549886 0.784173 0.268737     0.601916 0.013357 0.074334 0.098601 -0.550083 0.782868 0.273505     
0.596000 0.014000 0.063000 0.000000 -0.707100 0.707100 0.000000     0.586000 0.014000 0.058000 0.000487 -0.703401 0.710583 0.016690     -0.011040 0.000353 -0.005005 0.999809 0.012145 0.011457 -0.005079     0.591247 0.015706 0.067928 0.099061 -0.539155 0.785323 0.287658     0.590475 0.015882 0.067839 0.098716 -0.539127 0.783736 0.292157     0.010819 0.000211 0.004879 0.999765 -0.016270 -0.012399 0.007119     0.601792 0.016314 0.072871 0.097955 -0.549797 0.784753 0.268833     0.603492 0.015308 0.072722 0.095461 -0.550268 0.784905 0.268357     
0.596000 0.014000 0.063000 0.000000 -0.707100 0.707100 0.000000     0.586000 0.014000 0.063000 0.010855 0.697491 -0.716494 0.002492     -0.009967 -0.000297 -0.000188 0.999809 -0.009437 0.005914 -0.013436     0.591172 0.016051 0.072902 0.093871 -0.536264 0.795224 0.266847     0.591266 0.015456 0.072748 0.094885 -0.537056 0.793868 0.268965     0.009573 0.001277 0.000001 0.999846 0.003794 -0.006853 0.015698     0.600543 0.017412 0.072988 0.097152 -0.550137 0.785028 0.267622     0.602547 0.016995 0.072451 0.092772 -0.551326 0.783923 0.269996     
0.596000 0.014000 0.063000 0.000000 -0.707100 0.707100 0.000000     0.586000 0.014000 0.068000 0.000915 -0.701188 0.712797 0.015374     -0.010367 0.000247 0.004945 0.999809 0.011517 0.010224 -0.008209     0.591234 0.015686 0.077938 0.100538 -0.537096 0.787085 0.286177     0.591009 0.015429 0.077793 0.101762 -0.537383 0.786379 0.287179     0.009053 -0.000654 -0.003708 0.999728 -0.013927 -0.013143 0.013304     0.599975 0.015445 0.074311 0.099567 -0.552583 0.782390 0.269415     0.602083 0.014701 0.074018 0.095627 -0.553520 0.780607 0.274087     
0.596000 0.014000 0.063000 0.000000 -0.707100 0.707100 0.000000     0.586000 0.019000 0.058000 0.011610 0.698455 -0.715529 -0.004902     -0.009417 0.005087 -0.005207 0.999809 -0.004743 0.011675 -0.012073     0.591280 0.020970 0.067861 0.091547 -0.535295 0.793775 0.273823     0.591608 0.021057 0.067532 0.091548 -0.535303 0.793783 0.273823     0.009738 -0.003896 0.005177 0.999747 0.001193 -0.014144 0.017457     0.600665 0.017229 0.073187 0.098610 -0.552780 0.782608 0.268728     0.599435 0.018055 0.072974 0.100136 -0.553300 0.782456 0.267572     
0.596000 0.014000 0.063000 0.000000 -0.707100 0.707100 0.000000     0.586000 0.019000 0.063000 0.005718 -0.702677 0.711469 -0.002190     -0.010457 0.004710 -0.000307 0.999923 0.002494 -0.005592 -0.006217     0.590912 0.020888 0.073065 0.107479 -0.543933 0.786960 0.270665     0.591746 0.020401 0.072438 0.107241 -0.544073 0.786634 0.271459     0.012040 -0.004379 -0.000227 0.999941 -0.007785 0.001694 0.007378     0.602956 0.016738 0.072790 0.099909 -0.550085 0.785189 0.266237     0.605486 0.016137 0.072109 0.094498 -0.551112 0.783686 0.270522     
0.596000 0.014000 0.063000 0.000000 -0.707100 0.707100 0.000000     0.586000 0.019000 0.068000 0.005227 0.689546 -0.724169 -0.007649     -0.010473 0.004893 0.004749 0.999618 0.001713 0.009105 -0.024482     0.591272 0.020714 0.077913 0.100461 -0.525506 0.798405 0.276189     0.590859 0.020473 0.077642 0.102047 -0.526024 0.797794 0.276422     0.009871 -0.004499 -0.003328 0.999654 -0.004357 -0.011682 0.023166     0.600823 0.016539 0.074688 0.101066 -0.547484 0.785985 0.268803     0.603482 0.015983 0.074074 0.093954 -0.549041 0.784149 0.273564     
0.596000 0.014000 0.063000 0.000000 -0.707100 0.707100 0.000000     0.586000 0.024000 0.058000 0.015390 -0.712770 0.701215 0.000987     -0.010830 0.010500 -0.005131 0.999809 0.011580 -0.010184 0.008171     0.590763 0.025847 0.068144 0.112127 -0.555505 0.776057 0.276689     0.590147 0.026197 0.067686 0.113578 -0.555281 0.775734 0.277489     0.012056 -0.010507 0.005076 0.999818 -0.012939 0.010062 -0.009788     0.603060 0.015504 0.073071 0.099818 -0.546475 0.786061 0.271089     0.604958 0.014961 0.072704 0.096778 -0.547044 0.784870 0.274509     
0.596000 0.014000 0.063000 0.000000 -0.707100 0.707100 0.000000     0.586000 0.024000 0.063000 0.001058 -0.706953 0.707032 -0.017420     -0.010467 0.009636 -0.000220 0.999809 -0.011570 -0.013065 -0.000056     0.590738 0.026232 0.073078 0.103953 -0.552149 0.786580 0.256119     0.590929 0.025642 0.073300 0.103951 -0.552157 0.786585 0.256124     0.011033 -0.011195 0.000888 0.999847 0.005556 0.016283 0.003206     0.602083 0.014957 0.073831 0.093377 -0.549838 0.784959 0.269775     0.602113 0.015025 0.074081 0.091356 -0.549893 0.785464 0.268922     
0.596000 0.014000 0.063000 0.000000 -0.707100 0.707100 0.000000     0.586000 0.024000 0.068000 0.022874 0.680628 -0.732226 0.006945     -0.010718 0.010304 0.004953 0.999009 -0.021085 0.011264 -0.036484     0.591371 0.026039 0.077798 0.089492 -0.517445 0.810925 0.258112     0.591126 0.026149 0.077564 0.090650 -0.517301 0.810744 0.258607     0.010614 -0.009186 -0.003148 0.999320 0.011356 -0.015283 0.031587     0.601550 0.016954 0.074855 0.099547 -0.545636 0.789731 0.262064     0.603175 0.016036 0.074746 0.097444 -0.546007 0.788494 0.265815     
0.596000 0.014000 0.063000 0.000000 -0.707100 0.707100 0.000000     0.591000 0.004000 0.058000 0.014710 0.718531 -0.695184 0.014011     -0.007753 -0.009845 -0.004987 0.999618 -0.020308 0.000494 0.016508     0.595934 0.006568 0.067902 0.083995 -0.562226 0.781097 0.258291     0.593225 0.006457 0.067870 0.084102 -0.562367 0.780688 0.259224     0.006585 0.009196 0.003612 0.999842 0.013076 -0.005427 -0.010785     0.602463 0.015398 0.071630 0.098359 -0.554016 0.783204 0.264507     0.605052 0.014370 0.070767 0.094495 -0.553405 0.782241 0.270021     
0.596000 0.014000 0.063000 0.000000 -0.707100 0.707100 0.000000     0.591000 0.004000 0.063000 0.017344 -0.691459 0.721879 0.021318     -0.005806 -0.009984 -0.000270 0.999352 0.027337 0.002810 -0.021509     0.596126 0.005233 0.073060 0.118597 -0.526844 0.788958 0.293078     0.596555 0.004695 0.072868 0.118565 -0.527939 0.786651 0.297327     0.004432 0.009575 0.000703 0.999478 -0.025051 0.002904 0.020170     0.600552 0.015516 0.073654 0.097134 -0.544603 0.785607 0.277083     0.603443 0.014654 0.073207 0.091190 -0.545764 0.784032 0.281281     
0.596000 0.014000 0.063000 0.000000 -0.707100 0.707100 0.000000     0.591000 0.004000 0.068000 0.029672 -0.719171 0.694168 -0.004997     -0.005369 -0.009924 0.004246 0.999352 0.017447 -0.024514 0.017679     0.595435 0.005813 0.078298 0.123951 -0.566034 0.767460 0.274274     0.595468 0.005311 0.077840 0.125024 -0.566374 0.766752 0.275101     0.005145 0.008485 -0.002697 0.999230 -0.022129 0.029636 -0.013107     0.601231 0.014621 0.075231 0.092180 -0.550154 0.784031 0.272230     0.603479 0.014006 0.075035 0.088062 -0.550812 0.782598 0.276388     
0.596000 0.014000 0.063000 0.000000 -0.707100 0.707100 0.000000     0.591000 0.009000 0.058000 0.024313 0.701539 -0.712176 -0.006126     -0.008194 -0.004852 -0.004618 0.999618 -0.012859 0.021523 -0.007522     0.596456 0.011175 0.067721 0.078115 -0.536892 0.794330 0.273248     0.593347 0.010759 0.068092 0.078136 -0.537310 0.793409 0.275125     0.007614 0.006006 0.003195 0.999610 0.010429 -0.023384 0.011182     0.603560 0.017092 0.071204 0.099203 -0.551140 0.783340 0.269744     0.605978 0.016617 0.070689 0.095304 -0.552188 0.781319 0.274856     
0.596000 0.014000 0.063000 0.000000 -0.707100 0.707100 0.000000     0.591000 0.009000 0.063000 0.024482 -0.708649 0.705066 0.008913     -0.005346 -0.005123 -0.000342 0.999618 0.023613 -0.011008 0.002534     0.595769 0.010548 0.073191 0.120880 -0.549997 0.775634 0.285066     0.595469 0.010232 0.072872 0.122368 -0.550501 0.775006 0.285201     0.004155 0.004389 0.001189 0.999573 -0.027530 0.009754 -0.001313     0.600126 0.015480 0.074186 0.098496 -0.549291 0.785051 0.268797     0.602881 0.014585 0.073604 0.092311 -0.550158 0.783501 0.273737     
0.596000 0.014000 0.063000 0.000000 -0.707100 0.707100 0.000000     0.591000 0.009000 0.068000 0.008778 0.705215 -0.708770 0.014873     -0.004386 -0.005458 0.005003 0.999809 -0.016723 -0.004310 -0.002514     0.595925 0.011309 0.077971 0.094929 -0.548351 0.790205 0.256623     0.596670 0.010819 0.078065 0.094171 -0.548430 0.789750 0.258170     0.005589 0.004366 -0.003552 0.999846 0.014883 0.004667 0.008033     0.601571 0.015458 0.074438 0.097326 -0.552004 0.782302 0.271666     0.601797 0.016104 0.074622 0.096551 -0.552147 0.782999 0.269674     
0.596000 0.014000 0.063000 0.000000 -0.707100 0.707100 0.000000     0.591000 0.014000 0.058000 0.034616 0.725060 -0.687794 -0.003161     -0.008286 0.000426 -0.004779 0.999009 -0.022241 0.026711 0.026351     0.596400 0.016711 0.067617 0.059618 -0.562669 0.778379 0.271949     0.593232 0.016793 0.067768 0.058855 -0.562501 0.777319 0.275506     0.008446 -0.002731 0.004206 0.999318 0.014932 -0.021015 -0.026440     0.604564 0.013410 0.072116 0.091527 -0.546529 0.787411 0.269985     0.605642 0.012401 0.071856 0.092185 -0.546351 0.787046 0.271221     
0.596000 0.014000 0.063000 0.000000 -0.707100 0.707100 0.000000     0.591000 0.014000 0.063000 0.004902 0.711518 -0.702628 -0.003551     -0.005724 0.000052 -0.000245 0.999923 -0.000956 0.005977 0.006286     0.596093 0.016083 0.072936 0.093104 -0.550940 0.782211 0.275543     0.596653 0.015502 0.072857 0.093186 -0.552131 0.779973 0.279483     0.006963 -0.001729 0.002070 0.999966 0.001036 -0.004913 -0.006517     0.602985 0.014267 0.075060 0.099311 -0.547081 0.785032 0.273030     0.605309 0.013801 0.074491 0.094686 -0.547288 0.783962 0.277334     
0.596000 0.014000 0.063000 0.000000 -0.707100 0.707100 0.000000     0.591000 0.014000 0.068000 -0.000000 0.707100 -0.707100 -0.000000     -0.005023 -0.000225 0.004241 0.999961 0.000000 0.000000 0.000000     0.596000 0.016000 0.078000 0.100035 -0.547560 0.784824 0.272401     0.596089 0.015342 0.077345 0.101136 -0.547757 0.784313 0.273106     0.006215 -0.000636 -0.003075 0.999968 -0.005653 -0.003315 0.004480     0.602129 0.015521 0.074935 0.098317 -0.552527 0.783555 0.266589     0.604866 0.015000 0.074245 0.091152 -0.553731 0.781971 0.271285     
0.596000 0.014000 0.063000 0.000000 -0.707100 0.707100 0.000000     0.591000 0.019000 0.058000 0.005476 -0.705123 0.709023 -0.006209     -0.007615 0.004537 -0.005034 0.999923 -0.000518 -0.008263 -0.002757     0.595845 0.020983 0.068079 0.106983 -0.547678 0.785619 0.267184     0.593307 0.020677 0.068104 0.106985 -0.547689 0.785621 0.267189     0.008323 -0.005658 0.005248 0.999933 -0.000527 0.009983 0.005797     0.604345 0.015393 0.073227 0.097296 -0.549584 0.783600 0.272840     0.603797 0.015352 0.072831 0.098795 -0.549661 0.783939 0.271203     
0.596000 0.014000 0.063000 0.000000 -0.707100 0.707100 0.000000     0.591000 0.019000 0.063000 0.033983 0.704662 -0.708676 0.007422     -0.004734 0.004505 0.000008 0.999352 -0.029276 0.018781 -0.002839     0.596383 0.021547 0.072672 0.069975 -0.542811 0.795754 0.259258     0.596922 0.020530 0.072571 0.070765 -0.543764 0.794072 0.262227     0.004673 -0.006057 0.001878 0.999700 0.018832 -0.015120 0.004047     0.600740 0.015163 0.074798 0.091159 -0.548471 0.787378 0.266242     0.601483 0.015464 0.074947 0.089809 -0.548654 0.787984 0.264565     
0.596000 0.014000 0.063000 0.000000 -0.707100 0.707100 0.000000     0.591000 0.019000 0.068000 0.027836 0.694018 -0.719321 -0.011089     -0.004958 0.004560 0.005281 0.999352 -0.011842 0.027523 -0.017891     0.596614 0.021043 0.077660 0.076761 -0.526871 0.800122 0.276223     0.596877 0.020189 0.077806 0.077531 -0.527631 0.798293 0.279862     0.005878 -0.004725 -0.002948 0.999393 0.003532 -0.030002 0.017324     0.601829 0.016432 0.075044 0.097795 -0.548429 0.787231 0.264404     0.604209 0.016225 0.074167 0.093996 -0.549105 0.785881 0.268400     
0.596000 0.014000 0.063000 0.000000 -0.707100 0.707100 0.000000     0.591000 0.024000 0.058000 0.007540 -0.696448 0.717537 0.005034     -0.007630 0.010198 -0.005149 0.999809 0.008891 -0.001772 -0.014912     0.596019 0.025672 0.068050 0.110341 -0.535366 0.790271 0.276876     0.593325 0.025554 0.067777 0.111348 -0.535902 0.789514 0.277629     0.007989 -0.009934 0.003946 0.999880 -0.008227 0.001189 0.013065     0.603985 0.016035 0.071955 0.101367 -0.546206 0.785590 0.272420     0.606020 0.015274 0.071474 0.097171 -0.547221 0.784014 0.276456     
0.596000 0.014000 0.063000 0.000000 -0.707100 0.707100 0.000000     0.591000 0.024000 0.063000 0.022331 0.697296 -0.716419 0.001928     -0.004999 0.009697 -0.000115 0.999618 -0.017153 0.014426 -0.013521     0.596342 0.026200 0.072779 0.082968 -0.534546 0.798075 0.265392     0.596395 0.025672 0.072695 0.084047 -0.535335 0.796836 0.267218     0.004931 -0.009764 0.002402 0.999767 0.010111 -0.013565 0.013443     0.600947 0.016375 0.075365 0.095612 -0.547911 0.786894 0.267264     0.602803 0.015757 0.075428 0.091771 -0.548624 0.785225 0.272049     
0.596000 0.014000 0.063000 0.000000 -0.707100 0.707100 0.000000     0.591000 0.024000 0.068000 -0.000000 0.707100 -0.707100 -0.000000     -0.004539 0.009711 0.004679 0.999961 0.000000 0.000000 0.000000     0.596000 0.026000 0.078000 0.100035 -0.547560 0.784824 0.272401     0.596584 0.025890 0.077749 0.100030 -0.547563 0.784833 0.272408     0.004607 -0.011211 -0.003604 0.999975 -0.005664 0.000751 0.004256     0.600604 0.014945 0.074365 0.095182 -0.551249 0.784091 0.268786     0.601818 0.014927 0.074727 0.091377 -0.551581 0.783911 0.269986     
0.596000 0.014000 0.063000 0.000000 -0.707100 0.707100 0.000000     0.596000 0.004000 0.058000 0.032317 0.697388 -0.715950 -0.001130     -0.000641 -0.009630 -0.005282 0.999352 -0.022052 0.023650 -0.013125     0.601522 0.006296 0.067656 0.072912 -0.532689 0.799906 0.266565     0.601187 0.006367 0.067540 0.074421 -0.532635 0.799595 0.267224     0.001486 0.009691 0.004742 0.999332 0.020587 -0.023500 0.018952     0.602463 0.015781 0.072736 0.097576 -0.552256 0.782075 0.271718     0.603987 0.014716 0.072249 0.098807 -0.551868 0.780880 0.275510     
0.596000 0.014000 0.063000 0.000000 -0.707100 0.707100 0.000000     0.596000 0.004000 0.063000 0.025715 -0.703572 0.710144 -0.001537     -0.000755 -0.010147 -0.000161 0.999618 0.017096 -0.019269 -0.004647     0.600626 0.005609 0.073247 0.125751 -0.547264 0.780515 0.274709     0.600941 0.005311 0.072516 0.126779 -0.548717 0.778562 0.276908     0.001538 0.009597 0.001065 0.999473 -0.023836 0.020790 0.007311     0.602557 0.015758 0.074022 0.094405 -0.549969 0.785265 0.268257     0.605098 0.015137 0.073586 0.089270 -0.551032 0.783604 0.272689     
0.596000 0.014000 0.063000 0.000000 -0.707100 0.707100 0.000000     0.596000 0.004000 0.068000 0.013296 0.692047 -0.721669 0.008349     -0.000460 -0.010132 0.004756 0.999618 -0.015305 0.003498 -0.020945     0.601155 0.006092 0.077902 0.094579 -0.531512 0.800543 0.260116     0.600939 0.005780 0.077373 0.096324 -0.531916 0.799909 0.260638     0.000772 0.008524 -0.003679 0.999683 0.006381 -0.005279 0.023775     0.601721 0.014729 0.074304 0.095982 -0.551146 0.785494 0.264585     0.604729 0.014264 0.073649 0.088275 -0.552759 0.783567 0.269607     
0.596000 0.014000 0.063000 0.000000 -0.707100 0.707100 0.000000     0.596000 0.009000 0.058000 0.003907 0.718881 -0.694834 -0.019514     -0.000956 -0.004682 -0.004840 0.999618 0.011036 0.016561 0.017004     0.601262 0.010955 0.067874 0.088413 -0.555102 0.773895 0.291739     0.600786 0.010880 0.067445 0.089039 -0.555540 0.773127 0.292782     0.000639 0.003596 0.003478 0.999676 -0.011274 -0.015415 -0.016821     0.601661 0.014602 0.071465 0.098963 -0.547399 0.784908 0.272875     0.603288 0.014389 0.071570 0.094535 -0.546210 0.785726 0.274505     
0.596000 0.014000 0.063000 0.000000 -0.707100 0.707100 0.000000     0.596000 0.009000 0.063000 0.002005 -0.682814 0.730525 0.008705     -0.000112 -0.004898 -0.000478 0.999352 0.007573 0.004738 -0.033735     0.601213 0.010504 0.072978 0.109592 -0.518701 0.801230 0.277399     0.601376 0.010224 0.072702 0.110844 -0.518947 0.800224 0.279371     0.001444 0.004381 0.000010 0.999446 -0.010447 -0.004936 0.031213     0.602448 0.015413 0.073002 0.099409 -0.545936 0.786953 0.269735     0.604570 0.014694 0.072469 0.095020 -0.546902 0.785409 0.273867     
0.596000 0.014000 0.063000 0.000000 -0.707100 0.707100 0.000000     0.596000 0.009000 0.068000 0.034646 -0.708362 0.704976 -0.003450     -0.000488 -0.004783 0.004629 0.999352 0.022058 -0.026937 0.002395     0.600443 0.010574 0.078333 0.132541 -0.554237 0.774331 0.275037     0.600716 0.010162 0.077710 0.133723 -0.554945 0.773190 0.276281     0.000806 0.003832 -0.003807 0.999319 -0.022361 0.029363 -0.000511     0.601847 0.014856 0.074167 0.097462 -0.548352 0.784128 0.273741     0.603794 0.014289 0.073900 0.093759 -0.548921 0.782847 0.277571     
0.596000 0.014000 0.063000 0.000000 -0.707100 0.707100 0.000000     0.596000 0.014000 0.058000 0.001621 -0.710798 0.703348 0.006765     -0.000319 -0.000325 -0.005076 0.999923 0.005930 0.003637 0.005268     0.601052 0.015934 0.067987 0.098988 -0.550089 0.780658 0.279564     0.600809 0.015071 0.067844 0.099763 -0.550284 0.780016 0.280730     0.000471 -0.000077 0.004360 0.999944 -0.009455 -0.001296 -0.004518     0.601515 0.016001 0.072322 0.096056 -0.547830 0.785614 0.271008     0.602409 0.015832 0.072240 0.093490 -0.547517 0.787151 0.268101     
0.596000 0.014000 0.063000 0.000000 -0.707100 0.707100 0.000000     0.596000 0.014000 0.063000 0.006233 -0.722688 0.691028 0.012049     -0.000148 0.000140 -0.000093 0.999618 0.012927 0.004113 0.022387     0.600993 0.015965 0.073010 0.097753 -0.562529 0.769187 0.286945     0.600964 0.015609 0.072951 0.098921 -0.562886 0.767980 0.289104     0.000395 -0.002059 -0.000586 0.999600 -0.017962 -0.008871 -0.019952     0.601292 0.014069 0.072439 0.100158 -0.551258 0.784390 0.266073     0.601764 0.013965 0.072737 0.098121 -0.551041 0.785133 0.265127     
0.596000 0.014000 0.063000 0.000000 -0.707100 0.707100 0.000000     0.596000 0.014000 0.068000 0.025172 -0.706073 0.707265 0.024158     0.000108 -0.000858 0.004874 0.999352 0.034881 -0.000716 -0.000843     0.600988 0.015289 0.078122 0.119866 -0.543270 0.775234 0.299135     0.601423 0.014606 0.078252 0.119805 -0.543295 0.775192 0.299257     0.001627 -0.001382 -0.003533 0.999405 -0.034341 -0.001919 0.002533     0.602568 0.014625 0.074495 0.101868 -0.549601 0.783439 0.271596     0.604415 0.014076 0.073897 0.098976 -0.550084 0.782247 0.275139     
0.596000 0.014000 0.063000 0.000000 -0.707100 0.707100 0.000000     0.596000 0.019000 0.058000 0.011432 0.715366 -0.698619 0.005800     -0.000356 0.005355 -0.005163 0.999809 -0.012185 0.003982 0.011842     0.601028 0.021361 0.067907 0.086996 -0.556905 0.781938 0.266162     0.600836 0.021204 0.067772 0.088137 -0.557298 0.781242 0.267042     0.000058 -0.005877 0.004745 0.999905 0.008243 -0.002427 -0.010814     0.601085 0.015212 0.072713 0.096354 -0.548325 0.785480 0.270290     0.602942 0.014484 0.072844 0.093472 -0.546744 0.785681 0.273933     
0.596000 0.014000 0.063000 0.000000 -0.707100 0.707100 0.000000     0.596000 0.019000 0.063000 0.009232 -0.700866 0.712849 -0.022983     0.000498 0.004619 -0.000026 0.999618 -0.009723 -0.022778 -0.008473     0.600575 0.021115 0.073178 0.114862 -0.547900 0.789565 0.251356     0.601128 0.020884 0.073274 0.114864 -0.547905 0.789571 0.251366     -0.000198 -0.005423 0.000196 0.999735 0.004032 0.020548 0.009542     0.600751 0.015702 0.073196 0.098418 -0.549661 0.785474 0.266827     0.600092 0.016956 0.073659 0.097035 -0.549172 0.786244 0.266110     
0.596000 0.014000 0.063000 0.000000 -0.707100 0.707100 0.000000     0.596000 0.019000 0.068000 0.027231 -0.691336 0.722003 -0.002488     -0.000131 0.004254 0.004667 0.999352 0.017495 -0.021014 -0.021684     0.600648 0.020436 0.078263 0.131954 -0.534182 0.789352 0.272290     0.600878 0.019982 0.078277 0.131961 -0.534188 0.789351 0.272313     0.001486 -0.005269 -0.004265 0.999342 -0.019131 0.020252 0.023209     0.602464 0.015778 0.073736 0.099342 -0.549160 0.784316 0.270891     0.601679 0.014971 0.074291 0.101305 -0.549324 0.783668 0.271744     
0.596000 0.014000 0.063000 0.000000 -0.707100 0.707100 0.000000     0.596000 0.024000 0.058000 0.002020 0.705378 -0.708768 0.008144     -0.000224 0.010330 -0.005169 0.999923 -0.007187 -0.004330 -0.002397     0.600923 0.026120 0.068013 0.100147 -0.547556 0.787631 0.264139     0.600937 0.026032 0.067627 0.101214 -0.547776 0.787126 0.264819     0.001850 -0.009841 0.003917 0.999975 0.005002 0.004821 0.001086     0.602865 0.016190 0.071903 0.098799 -0.546624 0.786179 0.270821     0.604440 0.015611 0.071849 0.097143 -0.546892 0.785466 0.272975     
0.596000 0.014000 0.063000 0.000000 -0.707100 0.707100 0.000000     0.596000 0.024000 0.063000 0.000916 0.695687 -0.717651 0.031239     -0.000218 0.010262 -0.000646 0.999352 -0.022737 -0.021441 -0.015531     0.600635 0.026308 0.073109 0.108582 -0.543152 0.796899 0.241096     0.600581 0.026050 0.072673 0.109804 -0.543553 0.796251 0.241821     0.002114 -0.011400 0.001190 0.999475 0.016283 0.017941 0.021515     0.603014 0.014785 0.074201 0.097885 -0.553919 0.782817 0.266026     0.602728 0.014665 0.074349 0.096386 -0.554390 0.783210 0.264467     
0.596000 0.014000 0.063000 0.000000 -0.707100 0.707100 0.000000     0.596000 0.024000 0.068000 0.003712 -0.704823 0.709162 0.016775     -0.000453 0.010228 0.004871 0.999809 0.014486 0.009236 -0.003068     0.601196 0.025680 0.077959 0.101538 -0.541103 0.783362 0.288480     0.600949 0.025668 0.077950 0.102632 -0.541142 0.782889 0.289337     0.000583 -0.010703 -0.004382 0.999700 -0.018755 -0.015508 0.002937     0.601457 0.015382 0.073663 0.102660 -0.549620 0.785373 0.265608     0.602292 0.015528 0.073556 0.099679 -0.550388 0.785655 0.264355     
0.596000 0.014000 0.063000 0.000000 -0.707100 0.707100 0.000000     0.601000 0.004000 0.058000 0.006216 0.702761 -0.711385 -0.000569     0.001897 -0.010590 -0.004952 0.999923 -0.003993 0.004797 -0.006098     0.606120 0.006018 0.067935 0.095740 -0.541846 0.789701 0.271274     0.603173 0.005728 0.068086 0.095744 -0.541855 0.789706 0.271276     -0.000664 0.010278 0.003707 0.999932 -0.001760 -0.004070 0.010825     0.605330 0.016440 0.071677 0.095058 -0.551629 0.783870 0.268697     0.606980 0.016006 0.071470 0.091950 -0.552069 0.783074 0.271219     
0.596000 0.014000 0.063000 0.000000 -0.707100 0.707100 0.000000     0.601000 0.004000 0.063000 0.006254 0.711239 -0.702745 0.015146     0.004971 -0.010157 -0.000638 0.999809 -0.015131 -0.006288 0.006006     0.605848 0.006362 0.072996 0.095033 -0.555417 0.784909 0.257642     0.606051 0.005889 0.072564 0.096034 -0.555994 0.783832 0.259337     -0.004198 0.009113 -0.001033 0.999914 0.011317 0.005924 -0.002876     0.601781 0.015221 0.071955 0.097401 -0.550510 0.784086 0.269520     0.603934 0.014891 0.071598 0.092918 -0.549125 0.784587 0.272490     
0.596000 0.014000 0.063000 0.000000 -0.707100 0.707100 0.000000     0.601000 0.004000 0.068000 0.023783 0.714588 -0.699127 -0.000295     0.004921 -0.009745 0.004721 0.999618 -0.016608 0.017025 0.010932     0.606288 0.006441 0.077751 0.074566 -0.552976 0.784796 0.269689     0.606396 0.006157 0.077606 0.075224 -0.553530 0.783807 0.271279     -0.003739 0.009843 -0.003613 0.999674 0.016379 -0.018888 -0.005280     0.602199 0.015906 0.074405 0.099845 -0.552524 0.781634 0.271617     0.603557 0.015283 0.074321 0.100552 -0.552268 0.781869 0.271238     
0.596000 0.014000 0.063000 0.000000 -0.707100 0.707100 0.000000     0.601000 0.009000 0.058000 -0.000000 0.707100 -0.707100 -0.000000     0.001658 -0.004581 -0.004836 0.999961 0.000000 0.000000 0.000000     0.606000 0.011000 0.068000 0.100035 -0.547560 0.784824 0.272401     0.602747 0.011014 0.068036 0.100030 -0.547568 0.784807 0.272471     -0.000511 0.004027 0.004067 0.999993 -0.003054 0.001920 0.000197     0.605526 0.015090 0.072035 0.096801 -0.547494 0.785735 0.271073     0.607218 0.014516 0.071291 0.095014 -0.547851 0.784489 0.274606     
0.596000 0.014000 0.063000 0.000000 -0.707100 0.707100 0.000000     0.601000 0.009000 0.063000 -0.000000 0.707100 -0.707100 -0.000000     0.004052 -0.004757 -0.000133 0.999961 0.000000 0.000000 0.000000     0.606000 0.011000 0.073000 0.100035 -0.547560 0.784824 0.272401     0.605983 0.010499 0.073043 0.100700 -0.548857 0.782548 0.276107     -0.003965 0.005080 -0.000807 0.999986 -0.004474 0.000611 0.002922     0.602035 0.016199 0.072168 0.096308 -0.550126 0.784493 0.269513     0.602838 0.016244 0.072355 0.094520 -0.549032 0.786787 0.265701     
0.596000 0.014000 0.063000 0.000000 -0.707100 0.707100 0.000000     0.601000 0.009000 0.068000 0.015902 0.708198 -0.705787 -0.006985     0.003988 -0.004566 0.004877 0.999809 -0.006305 0.016183 0.001705     0.606313 0.011143 0.077807 0.083401 -0.545037 0.787107 0.276444     0.606641 0.010950 0.077724 0.083388 -0.546068 0.784953 0.280542     -0.002567 0.004236 -0.003659 0.999866 0.001798 -0.015553 0.004828     0.603418 0.015393 0.074315 0.095277 -0.552913 0.782576 0.269748     0.604741 0.015336 0.074329 0.093071 -0.553246 0.782686 0.269554     
0.596000 0.014000 0.063000 0.000000 -0.707100 0.707100 0.000000     0.601000 0.014000 0.058000 0.001341 0.705925 -0.708059 0.017335     0.002284 -0.000352 -0.004921 0.999809 -0.013206 -0.011309 -0.001509     0.605780 0.016250 0.068054 0.102075 -0.550694 0.787997 0.255652     0.603128 0.015661 0.068163 0.102227 -0.550839 0.787592 0.256564     -0.001647 -0.000236 0.003204 0.999914 0.004062 0.011736 0.004123     0.604349 0.015973 0.071161 0.094001 -0.550481 0.785819 0.265714     0.604332 0.015212 0.070519 0.096080 -0.550855 0.785178 0.266126     
0.596000 0.014000 0.063000 0.000000 -0.707100 0.707100 0.000000     0.601000 0.014000 0.063000 0.006430 -0.703704 0.710442 -0.003479     0.004187 0.000361 -0.000014 0.999923 0.002087 -0.007006 -0.004765     0.605878 0.015911 0.073077 0.107970 -0.545499 0.786134 0.269715     0.605477 0.016048 0.072934 0.110017 -0.545403 0.785767 0.270190     -0.003079 -0.000506 -0.000617 0.999953 -0.004459 0.005941 0.006310     0.602893 0.015556 0.072384 0.099161 -0.549313 0.784499 0.270120     0.604865 0.014882 0.071832 0.096400 -0.549843 0.783528 0.272882     
0.596000 0.014000 0.063000 0.000000 -0.707100 0.707100 0.000000     0.601000 0.014000 0.068000 -0.000000 0.707100 -0.707100 -0.000000     0.004561 0.000164 0.004766 0.999961 0.000000 0.000000 0.000000     0.606000 0.016000 0.078000 0.100035 -0.547560 0.784824 0.272401     0.606165 0.015664 0.077940 0.100898 -0.547941 0.783717 0.274532     -0.003836 0.000193 -0.004165 0.999985 -0.002665 -0.000503 0.004687     0.602134 0.016293 0.073830 0.097692 -0.551634 0.782922 0.270499     0.603265 0.016221 0.073675 0.094909 -0.551903 0.783834 0.268327     
0.596000 0.014000 0.063000 0.000000 -0.707100 0.707100 0.000000     0.601000 0.019000 0.058000 0.002440 -0.709612 0.704103 0.025770     0.001539 0.004823 -0.004702 0.999618 0.019947 0.016497 0.003895     0.606314 0.020643 0.067902 0.096914 -0.543940 0.778639 0.297386     0.602814 0.020290 0.068078 0.097171 -0.544095 0.778361 0.297779     -0.000164 -0.004753 0.003618 0.999642 -0.017707 -0.019898 -0.002385     0.605762 0.016219 0.071660 0.103451 -0.549522 0.782995 0.272438     0.606971 0.016363 0.071389 0.099792 -0.550104 0.783605 0.270907     
0.596000 0.014000 0.063000 0.000000 -0.707100 0.707100 0.000000     0.601000 0.019000 0.063000 0.011431 0.714298 -0.699687 0.008196     0.005389 0.004552 0.000176 0.999809 -0.013878 0.002288 0.010331     0.606000 0.021380 0.072916 0.087810 -0.556350 0.783057 0.263754     0.606416 0.021006 0.073109 0.087809 -0.556355 0.783064 0.263760     -0.003078 -0.005198 0.000082 0.999946 0.007719 -0.002396 -0.006489     0.602904 0.015963 0.073058 0.095688 -0.551193 0.784379 0.267882     0.605084 0.015575 0.072708 0.091560 -0.551778 0.782926 0.272368     
0.596000 0.014000 0.063000 0.000000 -0.707100 0.707100 0.000000     0.601000 0.019000 0.068000 0.021508 -0.691205 0.722133 0.016646     0.004187 0.005536 0.004680 0.999352 0.026978 -0.003438 -0.021868     0.606002 0.020238 0.078122 0.123402 -0.528300 0.788628 0.289339     0.605221 0.020362 0.078017 0.125298 -0.528182 0.788408 0.289375     -0.003664 -0.004623 -0.004116 0.999287 -0.027609 0.004986 0.025283     0.602355 0.016424 0.073865 0.097481 -0.549827 0.783311 0.273114     0.603892 0.015707 0.073554 0.092460 -0.550222 0.783472 0.273640     
0.596000 0.014000 0.063000 0.000000 -0.707100 0.707100 0.000000     0.601000 0.024000 0.058000 0.012678 -0.723051 0.690665 -0.000246     0.002071 0.010064 -0.005178 0.999618 0.008790 -0.009139 0.022900     0.605723 0.026046 0.068124 0.105748 -0.566955 0.768707 0.276494     0.602736 0.025859 0.067858 0.106067 -0.567057 0.768529 0.276692     -0.001129 -0.010080 0.004623 0.999700 -0.009391 0.006647 -0.021601     0.604817 0.015946 0.072645 0.101255 -0.549336 0.784023 0.270676     0.606415 0.015536 0.072417 0.097870 -0.549333 0.784196 0.271461     
0.596000 0.014000 0.063000 0.000000 -0.707100 0.707100 0.000000     0.601000 0.024000 0.063000 0.005830 -0.702516 0.711630 -0.000798     0.004147 0.010320 0.000023 0.999923 0.003558 -0.004687 -0.006444     0.605931 0.025865 0.073060 0.107413 -0.543402 0.786885 0.271972     0.605502 0.025788 0.073102 0.109096 -0.543506 0.786321 0.272759     -0.002474 -0.010508 -0.000291 0.999954 -0.004986 0.002609 0.007820     0.603479 0.015534 0.072724 0.100518 -0.549357 0.784235 0.270294     0.605398 0.014760 0.072099 0.096883 -0.550225 0.782912 0.273707     
0.596000 0.014000 0.063000 0.000000 -0.707100 0.707100 0.000000     0.601000 0.024000 0.068000 0.006615 -0.706499 0.707486 0.016135     0.004560 0.009912 0.004656 0.999809 0.016086 0.006731 -0.000698     0.606137 0.025671 0.077991 0.103735 -0.543486 0.781378 0.288601     0.605763 0.025249 0.077660 0.104883 -0.543474 0.781270 0.288534     -0.003325 -0.010926 -0.003184 0.999901 -0.012299 -0.006519 0.001823     0.602675 0.015010 0.074828 0.101608 -0.548014 0.783183 0.275609     0.603562 0.015395 0.075217 0.099561 -0.548615 0.783346 0.274733     
0.596000 0.014000 0.063000 0.000000 -0.707100 0.707100 0.000000     0.606000 0.004000 0.058000 0.027356 -0.730342 0.682512 -0.003226     0.007542 -0.011039 -0.004745 0.999009 0.017063 -0.021624 0.033820     0.610427 0.005973 0.068272 0.117042 -0.577766 0.758747 0.277076     0.607974 0.004938 0.068498 0.117782 -0.578011 0.758250 0.277646     -0.005562 0.011095 0.003174 0.999057 -0.022050 0.018838 -0.032323     0.605380 0.017213 0.071179 0.098854 -0.550057 0.785021 0.267185     0.606131 0.017490 0.071124 0.095576 -0.549424 0.786816 0.264421     
0.596000 0.014000 0.063000 0.000000 -0.707100 0.707100 0.000000     0.606000 0.004000 0.063000 0.030604 -0.716369 0.696485 0.027719     0.009470 -0.009684 0.000016 0.999009 0.041239 -0.002039 0.014059     0.610912 0.005307 0.073157 0.120292 -0.554503 0.764941 0.304798     0.610694 0.005150 0.072892 0.121787 -0.554952 0.764232 0.305198     -0.007689 0.008713 -0.000762 0.999243 -0.036856 0.004226 -0.011715     0.603347 0.014647 0.072233 0.100102 -0.548268 0.782599 0.277309     0.603934 0.014723 0.072248 0.097606 -0.547962 0.783938 0.275049     
0.596000 0.014000 0.063000 0.000000 -0.707100 0.707100 0.000000     0.606000 0.004000 0.068000 0.019974 -0.705004 0.708712 -0.016714     0.009630 -0.009972 0.004728 0.999618 0.002305 -0.025942 -0.002622     0.610485 0.005928 0.078255 0.122337 -0.552151 0.782768 0.259649     0.610024 0.005636 0.078062 0.123821 -0.552657 0.781985 0.260263     -0.008894 0.008886 -0.004290 0.999577 -0.007601 0.027600 0.005080     0.602128 0.015017 0.073672 0.095165 -0.549657 0.784982 0.269451     0.604388 0.014305 0.073615 0.088994 -0.550903 0.783875 0.272261     
0.596000 0.014000 0.063000 0.000000 -0.707100 0.707100 0.000000     0.606000 0.009000 0.058000 -0.000000 0.707100 -0.707100 -0.000000     0.006876 -0.005109 -0.004611 0.999961 0.000000 0.000000 0.000000     0.611000 0.011000 0.068000 0.100035 -0.547560 0.784824 0.272401     0.607934 0.010677 0.068290 0.099837 -0.548049 0.783480 0.275379     -0.005243 0.004019 0.001997 0.999992 0.001325 -0.001968 0.003115     0.605705 0.015024 0.070022 0.101456 -0.550404 0.782555 0.272673     0.606748 0.014818 0.069861 0.098537 -0.550882 0.783735 0.269404     
0.596000 0.014000 0.063000 0.000000 -0.707100 0.707100 0.000000     0.606000 0.009000 0.063000 0.000671 -0.718655 0.695330 -0.005665     0.010233 -0.005849 0.000072 0.999809 -0.003531 -0.004480 0.016493     0.610840 0.011233 0.073029 0.097109 -0.561995 0.776187 0.268785     0.611615 0.010519 0.073061 0.096972 -0.562043 0.776127 0.268943     -0.008576 0.004424 0.000090 0.999899 0.000096 0.003116 -0.013897     0.602387 0.015519 0.073089 0.098470 -0.550304 0.784195 0.269234     0.603066 0.015925 0.073556 0.096366 -0.549088 0.786972 0.264369     
0.596000 0.014000 0.063000 0.000000 -0.707100 0.707100 0.000000     0.606000 0.009000 0.068000 0.001360 -0.692106 0.720748 -0.038608     0.009355 -0.004591 0.004884 0.999009 -0.026338 -0.028260 -0.020253     0.610518 0.011338 0.078155 0.113214 -0.541476 0.799515 0.233970     0.610166 0.011372 0.077913 0.114531 -0.541501 0.799294 0.234070     -0.008363 0.005028 -0.004022 0.999254 0.020181 0.025429 0.020919     0.602574 0.016158 0.073982 0.098833 -0.549563 0.785748 0.266068     0.602661 0.015404 0.074485 0.098531 -0.549239 0.785294 0.268219     
0.596000 0.014000 0.063000 0.000000 -0.707100 0.707100 0.000000     0.606000 0.014000 0.058000 0.005322 -0.693653 0.719685 0.029169     0.007250 0.000208 -0.004613 0.999352 0.024388 0.016862 -0.018407     0.611397 0.015323 0.067906 0.105108 -0.525747 0.789469 0.298768     0.608568 0.015105 0.068087 0.105410 -0.526376 0.788422 0.300345     -0.006883 0.000047 0.002135 0.999412 -0.022396 -0.019680 0.016962     0.604065 0.015992 0.070172 0.103741 -0.547062 0.784709 0.272347     0.605395 0.016348 0.070458 0.102164 -0.547450 0.785170 0.270868     
0.596000 0.014000 0.063000 0.000000 -0.707100 0.707100 0.000000     0.606000 0.014000 0.063000 0.031811 0.698709 -0.714629 -0.008905     0.009292 0.000338 -0.000198 0.999352 -0.016196 0.028790 -0.011257     0.611613 0.016199 0.072626 0.071576 -0.532169 0.797802 0.274162     0.611159 0.016162 0.072371 0.073478 -0.532433 0.797358 0.274476     -0.008055 -0.000638 -0.000364 0.999266 0.012859 -0.032017 0.016618     0.602856 0.015483 0.072655 0.099354 -0.552894 0.782556 0.268371     0.604194 0.014839 0.072785 0.099833 -0.552848 0.782630 0.268110     
0.596000 0.014000 0.063000 0.000000 -0.707100 0.707100 0.000000     0.606000 0.014000 0.068000 -0.000000 0.707100 -0.707100 -0.000000     0.009719 0.000194 0.004850 0.999961 0.000000 0.000000 0.000000     0.611000 0.016000 0.078000 0.100035 -0.547560 0.784824 0.272401     0.610976 0.015683 0.077921 0.101264 -0.548077 0.783761 0.274001     -0.008271 0.000713 -0.004952 0.999993 -0.003811 -0.000401 -0.000100     0.602721 0.016788 0.073036 0.098289 -0.547968 0.785871 0.269179     0.602964 0.016877 0.073619 0.095602 -0.547902 0.787417 0.265781     
0.596000 0.014000 0.063000 0.000000 -0.707100 0.707100 0.000000     0.606000 0.019000 0.058000 0.022611 0.687927 -0.725411 -0.002041     0.005886 0.005448 -0.005163 0.999352 -0.014545 0.017431 -0.026504     0.611451 0.021010 0.067759 0.085548 -0.523131 0.804565 0.267713     0.609105 0.019999 0.068240 0.085489 -0.523169 0.804478 0.267957     -0.004378 -0.005261 0.003721 0.999351 0.012887 -0.019774 0.027199     0.611451 0.021010 0.067759 0.085548 -0.523131 0.804565 0.267713     0.613891 0.020486 0.067318 0.080189 -0.524107 0.803321 0.271214     
0.596000 0.014000 0.063000 0.000000 -0.707100 0.707100 0.000000     0.606000 0.019000 0.063000 0.030737 0.708956 -0.703898 0.030742     0.009684 0.004529 0.000005 0.999009 -0.043471 -0.000004 0.003576     0.610982 0.021897 0.072787 0.075164 -0.554196 0.793960 0.238380     0.610711 0.020982 0.072771 0.076413 -0.554458 0.793170 0.240039     -0.009243 -0.003812 -0.000691 0.999338 0.036271 0.000570 -0.002745     0.601765 0.017341 0.072274 0.095418 -0.548787 0.786353 0.267129     0.603639 0.016864 0.072143 0.092075 -0.549130 0.784026 0.274376     
0.596000 0.014000 0.063000 0.000000 -0.707100 0.707100 0.000000     0.606000 0.019000 0.068000 0.000489 0.729191 -0.684147 -0.014257     0.009028 0.005280 0.004866 0.999352 0.009735 0.010426 0.031850     0.611076 0.021127 0.077935 0.088445 -0.568410 0.765297 0.288772     0.610332 0.021010 0.077909 0.089181 -0.568991 0.764304 0.290061     -0.007125 -0.004008 -0.004260 0.999473 -0.010538 -0.012620 -0.027980     0.603817 0.017049 0.073758 0.100147 -0.551273 0.782725 0.270906     0.604652 0.017922 0.073829 0.098155 -0.549889 0.784989 0.267919     
0.596000 0.014000 0.063000 0.000000 -0.707100 0.707100 0.000000     0.606000 0.024000 0.058000 0.017471 -0.695320 0.718396 -0.010664     0.007599 0.010374 -0.004801 0.999618 0.004814 -0.019894 -0.016317     0.610659 0.025745 0.068210 0.122695 -0.539503 0.790189 0.263560     0.608094 0.025677 0.068244 0.123580 -0.539851 0.789821 0.263575     -0.006567 -0.009841 0.002958 0.999722 -0.007090 0.016822 0.014906     0.604376 0.016190 0.070980 0.101614 -0.547568 0.785860 0.268789     0.606555 0.015440 0.070719 0.097459 -0.548214 0.784473 0.273068     
0.596000 0.014000 0.063000 0.000000 -0.707100 0.707100 0.000000     0.606000 0.024000 0.063000 0.019738 0.692458 -0.720880 0.020602     0.009889 0.010204 -0.000571 0.999352 -0.028524 -0.000611 -0.020097     0.611076 0.026365 0.072882 0.090308 -0.534474 0.803060 0.247503     0.611314 0.026137 0.072559 0.091618 -0.534738 0.802066 0.249702     -0.008849 -0.008503 0.001422 0.999568 0.022071 0.001828 0.019313     0.602176 0.017619 0.074384 0.095818 -0.547306 0.787093 0.267842     0.603381 0.017306 0.074327 0.094308 -0.547541 0.786354 0.270096     
0.596000 0.014000 0.063000 0.000000 -0.707100 0.707100 0.000000     0.606000 0.024000 0.068000 0.030494 -0.702273 0.710581 0.030630     0.010036 0.009740 0.004738 0.999009 0.043220 0.000096 -0.005875     0.611020 0.025070 0.078132 0.125131 -0.538078 0.775530 0.305528     0.611060 0.024534 0.077865 0.126238 -0.538434 0.774586 0.306871     -0.008153 -0.008421 -0.004283 0.999023 -0.043694 -0.000596 0.006651     0.602834 0.017596 0.073720 0.099928 -0.548360 0.784468 0.271855     0.603956 0.017493 0.073627 0.096018 -0.548478 0.785863 0.269019     
