0.596000 0.014000 0.063000 0.000000 -0.707100 0.707100 0.000000     0.596000 0.014000 0.063000 -0.000000 0.707100 -0.707100 -0.000000     -0.000570 0.000495 0.000447 0.999961 0.000000 0.000000 0.000000     0.601000 0.016000 0.073000 0.100035 -0.547560 0.784824 0.272401     0.600857 0.015947 0.073252 0.100694 -0.547267 0.784672 0.273220     0.000294 -0.001055 -0.000097 0.999985 -0.004712 0.001801 0.002098     0.601322 0.015060 0.072866 0.095468 -0.549179 0.785127 0.269895     0.603543 0.014218 0.071876 0.092732 -0.550074 0.784100 0.272043     
0.596000 0.014000 0.063000 0.000000 -0.707100 0.707100 0.000000     0.586000 0.004000 0.058000 0.020923 -0.717963 0.695752 0.000881     -0.010093 -0.010127 -0.005527 0.999618 0.015417 -0.014172 0.015705     0.590653 0.005840 0.068196 0.115287 -0.562017 0.770338 0.278219     0.590576 0.005428 0.067678 0.117361 -0.562839 0.768906 0.279684     0.009245 0.010226 0.004736 0.999341 -0.027438 0.016691 -0.016943     0.600304 0.016454 0.072658 0.091646 -0.547114 0.788910 0.264327     0.602399 0.015831 0.072108 0.087717 -0.547670 0.787651 0.268271     
0.596000 0.014000 0.063000 0.000000 -0.707100 0.707100 0.000000     0.586000 0.004000 0.063000 0.002418 0.707700 -0.706447 0.008338     -0.010170 -0.009990 -0.000440 0.999923 -0.007605 -0.004186 0.000886     0.590912 0.006161 0.073010 0.098910 -0.550135 0.785962 0.264218     0.590756 0.005914 0.072583 0.101263 -0.550795 0.784949 0.265001     0.009062 0.010151 0.000116 0.999981 -0.002411 0.005239 0.002256     0.600069 0.016382 0.073063 0.092868 -0.550753 0.785861 0.265424     0.602044 0.015829 0.072661 0.089682 -0.551315 0.784634 0.268996     
0.596000 0.014000 0.063000 0.000000 -0.707100 0.707100 0.000000     0.586000 0.004000 0.068000 0.033428 -0.725914 0.686940 0.005073     -0.010354 -0.010239 0.005022 0.999009 0.027223 -0.020050 0.027557     0.590490 0.005709 0.078292 0.123076 -0.571405 0.759566 0.285286     0.590188 0.005192 0.078258 0.125048 -0.571863 0.758402 0.286639     0.008540 0.009322 -0.003744 0.998740 -0.035781 0.021272 -0.028031     0.599570 0.015489 0.074206 0.094314 -0.547730 0.787451 0.266454     0.601930 0.014749 0.073993 0.089485 -0.548684 0.785649 0.271467     
0.596000 0.014000 0.063000 0.000000 -0.707100 0.707100 0.000000     0.586000 0.009000 0.058000 0.020772 0.682804 -0.730050 -0.018843     -0.010726 -0.005195 -0.005181 0.999009 -0.001364 0.028012 -0.033406     0.591675 0.010670 0.067696 0.086307 -0.513325 0.805544 0.283068     0.591134 0.010262 0.067375 0.088763 -0.513940 0.804703 0.283618     0.011121 0.005785 0.003139 0.999023 -0.001537 -0.029670 0.032719     0.602089 0.016834 0.071145 0.100073 -0.547711 0.785835 0.269147     0.605050 0.016371 0.070417 0.093475 -0.548984 0.783781 0.274895     
0.596000 0.014000 0.063000 0.000000 -0.707100 0.707100 0.000000     0.586000 0.009000 0.063000 0.001113 0.702935 -0.711212 0.006376     -0.010154 -0.005082 -0.000646 0.999923 -0.005295 -0.003722 -0.005853     0.590949 0.011048 0.073016 0.101647 -0.544489 0.789069 0.265611     0.590730 0.010896 0.072545 0.103291 -0.545129 0.788209 0.266254     0.010395 0.005029 -0.000321 0.999966 -0.004637 0.002721 0.006295     0.601371 0.016232 0.072648 0.095300 -0.549187 0.787123 0.264065     0.602397 0.015604 0.072731 0.093861 -0.549524 0.786540 0.265647     
0.596000 0.014000 0.063000 0.000000 -0.707100 0.707100 0.000000     0.586000 0.009000 0.068000 0.013843 0.714378 -0.699606 0.001960     -0.010118 -0.005239 0.004847 0.999809 -0.011174 0.008403 0.010445     0.591122 0.011328 0.077867 0.084461 -0.554503 0.782869 0.269236     0.591213 0.010779 0.077853 0.085392 -0.555614 0.780978 0.272169     0.009518 0.004863 -0.004493 0.999899 0.003660 -0.007627 -0.011404     0.600539 0.016003 0.073467 0.095523 -0.547264 0.787484 0.266882     0.603214 0.015520 0.073471 0.089871 -0.545638 0.787805 0.271228     
0.596000 0.014000 0.063000 0.000000 -0.707100 0.707100 0.000000     0.586000 0.014000 0.058000 0.000487 -0.703401 0.710583 0.016690     -0.010930 -0.000024 -0.005224 0.999809 0.012145 0.011457 -0.005079     0.591247 0.015706 0.067928 0.099061 -0.539155 0.785323 0.287658     0.590263 0.015477 0.067623 0.101203 -0.539441 0.784810 0.287811     0.011020 -0.000394 0.004923 0.999691 -0.020223 -0.014004 0.003592     0.601975 0.015751 0.072916 0.098091 -0.547841 0.787574 0.264492     0.604079 0.015170 0.072210 0.093858 -0.548872 0.787210 0.265010     
0.596000 0.014000 0.063000 0.000000 -0.707100 0.707100 0.000000     0.586000 0.014000 0.063000 0.010855 0.697491 -0.716494 0.002492     -0.010473 0.000012 -0.000433 0.999809 -0.009437 0.005914 -0.013436     0.591172 0.016051 0.072902 0.093871 -0.536264 0.795224 0.266847     0.590986 0.015845 0.072513 0.096123 -0.537290 0.794029 0.267578     0.010917 -0.000563 0.000693 0.999864 0.004716 -0.005376 0.014870     0.601920 0.015546 0.073669 0.096693 -0.549008 0.785379 0.269074     0.603755 0.015207 0.073791 0.091199 -0.550191 0.784274 0.271821     
0.596000 0.014000 0.063000 0.000000 -0.707100 0.707100 0.000000     0.586000 0.014000 0.068000 0.000915 -0.701188 0.712797 0.015374     -0.010268 -0.000325 0.004822 0.999809 0.011517 0.010224 -0.008209     0.591234 0.015686 0.077938 0.100538 -0.537096 0.787085 0.286177     0.590993 0.015264 0.077763 0.102130 -0.537865 0.785973 0.287259     0.009422 -0.000625 -0.003854 0.999777 -0.014788 -0.011004 0.010280     0.600398 0.015461 0.074141 0.098292 -0.549704 0.784514 0.269597     0.602587 0.014924 0.073733 0.092346 -0.550877 0.783112 0.273390     
0.596000 0.014000 0.063000 0.000000 -0.707100 0.707100 0.000000     0.586000 0.019000 0.058000 0.011610 0.698455 -0.715529 -0.004902     -0.009729 0.004410 -0.005357 0.999809 -0.004743 0.011675 -0.012073     0.591280 0.020970 0.067861 0.091547 -0.535295 0.793775 0.273823     0.591578 0.020150 0.067522 0.092739 -0.536433 0.791633 0.277409     0.009655 -0.005105 0.004840 0.999788 -0.004375 -0.015381 0.012937     0.600575 0.016084 0.072840 0.097853 -0.550063 0.786472 0.263243     0.602087 0.015867 0.073066 0.094219 -0.550834 0.785717 0.265243     
0.596000 0.014000 0.063000 0.000000 -0.707100 0.707100 0.000000     0.586000 0.019000 0.063000 0.005718 -0.702677 0.711469 -0.002190     -0.010832 0.005379 -0.000279 0.999923 0.002494 -0.005592 -0.006217     0.590912 0.020888 0.073065 0.107479 -0.543933 0.786960 0.270665     0.590493 0.021077 0.072844 0.109184 -0.543915 0.786686 0.270850     0.011719 -0.005366 -0.001204 0.999956 -0.007099 0.003351 0.005176     0.602677 0.015715 0.071800 0.099575 -0.547838 0.786391 0.267445     0.604429 0.015189 0.071532 0.096946 -0.548294 0.785574 0.269905     
0.596000 0.014000 0.063000 0.000000 -0.707100 0.707100 0.000000     0.586000 0.019000 0.068000 0.005227 0.689546 -0.724169 -0.007649     -0.010315 0.005150 0.005078 0.999618 0.001713 0.009105 -0.024482     0.591272 0.020714 0.077913 0.100461 -0.525506 0.798405 0.276189     0.591242 0.020697 0.077992 0.101589 -0.525441 0.797644 0.278129     0.011926 -0.005443 -0.004095 0.999542 -0.003670 -0.015565 0.025704     0.602790 0.015605 0.073961 0.103814 -0.550455 0.783982 0.267534     0.604565 0.014994 0.073098 0.102780 -0.551172 0.782406 0.271085     
0.596000 0.014000 0.063000 0.000000 -0.707100 0.707100 0.000000     0.586000 0.024000 0.058000 0.015390 -0.712770 0.701215 0.000987     -0.010775 0.010095 -0.005526 0.999809 0.011580 -0.010184 0.008171     0.590763 0.025847 0.068144 0.112127 -0.555505 0.776057 0.276689     0.590102 0.025712 0.067675 0.113605 -0.555886 0.775440 0.277086     0.009628 -0.010034 0.004826 0.999691 -0.019248 0.009099 -0.012809     0.600625 0.016075 0.072805 0.097883 -0.545034 0.789279 0.265285     0.603091 0.015367 0.072396 0.093668 -0.545777 0.787817 0.269627     
0.596000 0.014000 0.063000 0.000000 -0.707100 0.707100 0.000000     0.586000 0.024000 0.063000 0.001058 -0.706953 0.707032 -0.017420     -0.010309 0.009934 -0.000335 0.999809 -0.011570 -0.013065 -0.000056     0.590738 0.026232 0.073078 0.103953 -0.552149 0.786580 0.256119     0.590408 0.026049 0.072708 0.106066 -0.552768 0.785761 0.256471     0.010418 -0.010298 0.001088 0.999904 0.005157 0.012736 0.001546     0.601404 0.015845 0.074065 0.096377 -0.549514 0.785654 0.267344     0.601457 0.015058 0.074916 0.095685 -0.549767 0.784897 0.269328     
0.596000 0.014000 0.063000 0.000000 -0.707100 0.707100 0.000000     0.586000 0.024000 0.068000 0.022874 0.680628 -0.732226 0.006945     -0.010639 0.010406 0.004905 0.999009 -0.021085 0.011264 -0.036484     0.591371 0.026039 0.077798 0.089492 -0.517445 0.810925 0.258112     0.591083 0.026258 0.077610 0.090926 -0.517246 0.810791 0.258472     0.010643 -0.010495 -0.002314 0.999225 0.016746 -0.013668 0.032894     0.601608 0.015553 0.075694 0.100681 -0.545748 0.787731 0.267362     0.603179 0.015055 0.075862 0.097854 -0.546370 0.787047 0.269184     
0.596000 0.014000 0.063000 0.000000 -0.707100 0.707100 0.000000     0.591000 0.004000 0.058000 0.014710 0.718531 -0.695184 0.014011     -0.007479 -0.010072 -0.004695 0.999618 -0.020308 0.000494 0.016508     0.595934 0.006568 0.067902 0.083995 -0.562226 0.781097 0.258291     0.593617 0.006228 0.068125 0.084482 -0.561992 0.780438 0.260660     0.007585 0.009649 0.003894 0.999896 0.006914 -0.001127 -0.012599     0.603558 0.015955 0.071841 0.092008 -0.552036 0.786219 0.261973     0.605790 0.015350 0.070960 0.088996 -0.551554 0.785506 0.266174     
0.596000 0.014000 0.063000 0.000000 -0.707100 0.707100 0.000000     0.591000 0.004000 0.063000 0.017344 -0.691459 0.721879 0.021318     -0.005869 -0.009942 -0.000250 0.999352 0.027337 0.002810 -0.021509     0.596126 0.005233 0.073060 0.118597 -0.526844 0.788958 0.293078     0.596261 0.004989 0.072629 0.119153 -0.527591 0.787445 0.295604     0.004821 0.010387 0.000867 0.999291 -0.033042 0.002744 0.017857     0.600943 0.016464 0.073789 0.093707 -0.543674 0.789000 0.270365     0.603150 0.015586 0.073021 0.088762 -0.544457 0.787928 0.273600     
0.596000 0.014000 0.063000 0.000000 -0.707100 0.707100 0.000000     0.591000 0.004000 0.068000 0.029672 -0.719171 0.694168 -0.004997     -0.005492 -0.010102 0.004397 0.999352 0.017447 -0.024514 0.017679     0.595435 0.005813 0.078298 0.123951 -0.566034 0.767460 0.274274     0.595040 0.005434 0.077755 0.126110 -0.566155 0.766935 0.274545     0.004635 0.009775 -0.004154 0.998948 -0.028895 0.030273 -0.018732     0.600757 0.015992 0.073738 0.089370 -0.546341 0.788934 0.266623     0.603388 0.015330 0.073204 0.084138 -0.546880 0.787249 0.272179     
0.596000 0.014000 0.063000 0.000000 -0.707100 0.707100 0.000000     0.591000 0.009000 0.058000 0.024313 0.701539 -0.712176 -0.006126     -0.007493 -0.005390 -0.004532 0.999618 -0.012859 0.021523 -0.007522     0.596456 0.011175 0.067721 0.078115 -0.536892 0.794330 0.273248     0.593985 0.010530 0.068194 0.078553 -0.537742 0.792952 0.275482     0.008578 0.004267 0.003876 0.999642 0.006391 -0.025189 0.006314     0.604509 0.015381 0.071886 0.099801 -0.548099 0.786942 0.265197     0.607196 0.014926 0.070510 0.097117 -0.548475 0.785600 0.269400     
0.596000 0.014000 0.063000 0.000000 -0.707100 0.707100 0.000000     0.591000 0.009000 0.063000 0.024482 -0.708649 0.705066 0.008913     -0.005376 -0.005039 -0.000404 0.999618 0.023613 -0.011008 0.002534     0.595769 0.010548 0.073191 0.120880 -0.549997 0.775634 0.285066     0.595296 0.010494 0.073016 0.122477 -0.550616 0.774818 0.285445     0.004315 0.005257 -0.000044 0.999510 -0.029505 0.009363 -0.004599     0.600290 0.016356 0.072948 0.098642 -0.547058 0.787326 0.266635     0.601241 0.016016 0.072777 0.095159 -0.547720 0.788210 0.263956     
0.596000 0.014000 0.063000 0.000000 -0.707100 0.707100 0.000000     0.591000 0.009000 0.068000 0.008778 0.705215 -0.708770 0.014873     -0.004204 -0.005458 0.004897 0.999809 -0.016723 -0.004310 -0.002514     0.595925 0.011309 0.077971 0.094929 -0.548351 0.790205 0.256623     0.596759 0.010840 0.077901 0.094045 -0.548458 0.789688 0.258345     0.004519 0.005162 -0.003631 0.999885 0.013429 0.005970 0.003844     0.600546 0.016241 0.074339 0.096578 -0.548518 0.785127 0.270844     0.601573 0.016498 0.074578 0.094441 -0.548624 0.785092 0.271519     
0.596000 0.014000 0.063000 0.000000 -0.707100 0.707100 0.000000     0.591000 0.014000 0.058000 0.034616 0.725060 -0.687794 -0.003161     -0.008236 0.000303 -0.004824 0.999009 -0.022241 0.026711 0.026351     0.596400 0.016711 0.067617 0.059618 -0.562669 0.778379 0.271949     0.593340 0.016788 0.067911 0.059165 -0.562414 0.777332 0.275582     0.007289 0.000714 0.004227 0.999200 0.013655 -0.024412 -0.028588     0.603350 0.016858 0.072166 0.094030 -0.545791 0.788673 0.266920     0.604710 0.016243 0.072113 0.094311 -0.545790 0.788691 0.266806     
0.596000 0.014000 0.063000 0.000000 -0.707100 0.707100 0.000000     0.591000 0.014000 0.063000 0.004902 0.711518 -0.702628 -0.003551     -0.004994 -0.000690 0.000396 0.999923 -0.000956 0.005977 0.006286     0.596093 0.016083 0.072936 0.093104 -0.550940 0.782211 0.275543     0.596596 0.015588 0.073234 0.092877 -0.550994 0.782139 0.275749     0.005141 0.000252 -0.001510 0.999977 -0.003271 -0.003069 -0.005026     0.601194 0.016349 0.071443 0.095085 -0.548146 0.785577 0.270819     0.602688 0.016494 0.071657 0.090681 -0.548480 0.785414 0.272159     
0.596000 0.014000 0.063000 0.000000 -0.707100 0.707100 0.000000     0.591000 0.014000 0.068000 -0.000000 0.707100 -0.707100 -0.000000     -0.005062 0.000076 0.004322 0.999961 0.000000 0.000000 0.000000     0.596000 0.016000 0.078000 0.100035 -0.547560 0.784824 0.272401     0.596047 0.015816 0.077407 0.101544 -0.547929 0.784087 0.273259     0.005077 -0.000660 -0.004167 0.999954 -0.008625 -0.004078 -0.000618     0.600998 0.015506 0.073837 0.098676 -0.549024 0.787068 0.263325     0.603706 0.014828 0.073090 0.094834 -0.549886 0.785515 0.267579     
0.596000 0.014000 0.063000 0.000000 -0.707100 0.707100 0.000000     0.591000 0.019000 0.058000 0.005476 -0.705123 0.709023 -0.006209     -0.007544 0.004196 -0.004892 0.999923 -0.000518 -0.008263 -0.002757     0.595845 0.020983 0.068079 0.106983 -0.547678 0.785619 0.267184     0.593352 0.020243 0.068137 0.108005 -0.548157 0.784633 0.268717     0.007564 -0.004712 0.004874 0.999888 -0.011749 0.009254 -0.000327     0.603596 0.016503 0.072813 0.093354 -0.546144 0.789839 0.262957     0.603295 0.015648 0.073024 0.093977 -0.546901 0.788701 0.264609     
0.596000 0.014000 0.063000 0.000000 -0.707100 0.707100 0.000000     0.591000 0.019000 0.063000 0.033983 0.704662 -0.708676 0.007422     -0.004747 0.004638 -0.000699 0.999352 -0.029276 0.018781 -0.002839     0.596383 0.021547 0.072672 0.069975 -0.542811 0.795754 0.259258     0.596626 0.021001 0.072108 0.071330 -0.543627 0.794627 0.260673     0.005973 -0.004434 0.000552 0.999552 0.021611 -0.020468 0.003270     0.601938 0.016722 0.073537 0.097114 -0.548964 0.786587 0.265457     0.604460 0.015932 0.072798 0.094023 -0.549289 0.784332 0.272516     
0.596000 0.014000 0.063000 0.000000 -0.707100 0.707100 0.000000     0.591000 0.019000 0.068000 0.027836 0.694018 -0.719321 -0.011089     -0.005299 0.005264 0.004892 0.999352 -0.011842 0.027523 -0.017891     0.596614 0.021043 0.077660 0.076761 -0.526871 0.800122 0.276223     0.596539 0.020782 0.077625 0.078014 -0.527091 0.799240 0.278038     0.005493 -0.005131 -0.004073 0.999326 0.007273 -0.029432 0.020705     0.601441 0.015987 0.073928 0.098371 -0.550654 0.784406 0.267938     0.602919 0.015957 0.073887 0.098435 -0.550701 0.784476 0.267651     
0.596000 0.014000 0.063000 0.000000 -0.707100 0.707100 0.000000     0.591000 0.024000 0.058000 0.007540 -0.696448 0.717537 0.005034     -0.007081 0.010145 -0.004760 0.999809 0.008891 -0.001772 -0.014912     0.596019 0.025672 0.068050 0.110341 -0.535366 0.790271 0.276876     0.593938 0.025594 0.068181 0.111274 -0.535614 0.789716 0.277641     0.007136 -0.009809 0.004402 0.999829 -0.014392 -0.003544 0.011080     0.603042 0.016263 0.072434 0.102350 -0.546600 0.787797 0.264780     0.604063 0.015202 0.072463 0.101928 -0.547305 0.786764 0.266589     
0.596000 0.014000 0.063000 0.000000 -0.707100 0.707100 0.000000     0.591000 0.024000 0.063000 0.022331 0.697296 -0.716419 0.001928     -0.005406 0.010365 -0.000412 0.999618 -0.017153 0.014426 -0.013521     0.596342 0.026200 0.072779 0.082968 -0.534546 0.798075 0.265392     0.596411 0.026237 0.072571 0.084212 -0.534540 0.797321 0.267310     0.006527 -0.010746 0.001285 0.999769 0.009848 -0.011579 0.015165     0.602574 0.015417 0.074227 0.093429 -0.548781 0.786210 0.268259     0.603979 0.015070 0.074499 0.090153 -0.549598 0.785310 0.270376     
0.596000 0.014000 0.063000 0.000000 -0.707100 0.707100 0.000000     0.591000 0.024000 0.068000 -0.000000 0.707100 -0.707100 -0.000000     -0.005865 0.010485 0.004865 0.999961 0.000000 0.000000 0.000000     0.596000 0.026000 0.078000 0.100035 -0.547560 0.784824 0.272401     0.595480 0.026206 0.077828 0.101930 -0.547332 0.784608 0.272815     0.005050 -0.010122 -0.004079 0.999972 -0.007165 -0.001975 0.001160     0.601005 0.016033 0.073911 0.097342 -0.549710 0.785921 0.265805     0.603298 0.015261 0.073109 0.095208 -0.551442 0.783642 0.269728     
0.596000 0.014000 0.063000 0.000000 -0.707100 0.707100 0.000000     0.596000 0.004000 0.058000 0.032317 0.697388 -0.715950 -0.001130     -0.000495 -0.010144 -0.005248 0.999352 -0.022052 0.023650 -0.013125     0.601522 0.006296 0.067656 0.072912 -0.532689 0.799906 0.266565     0.601183 0.006021 0.067435 0.074651 -0.533130 0.799348 0.266911     0.000539 0.011242 0.003425 0.999423 0.015426 -0.025311 0.016559     0.601489 0.017408 0.071415 0.096919 -0.551250 0.784666 0.266475     0.602934 0.017051 0.071371 0.097696 -0.551112 0.784780 0.266178     
0.596000 0.014000 0.063000 0.000000 -0.707100 0.707100 0.000000     0.596000 0.004000 0.063000 0.025715 -0.703572 0.710144 -0.001537     -0.000642 -0.009998 -0.000229 0.999618 0.017096 -0.019269 -0.004647     0.600626 0.005609 0.073247 0.125751 -0.547264 0.780515 0.274709     0.600951 0.005343 0.072499 0.126868 -0.548166 0.779229 0.276081     -0.000432 0.010401 -0.000425 0.999408 -0.024924 0.023267 0.004571     0.600647 0.016558 0.072502 0.092621 -0.547251 0.787324 0.268401     0.602880 0.015793 0.072147 0.087390 -0.548160 0.785908 0.272455     
0.596000 0.014000 0.063000 0.000000 -0.707100 0.707100 0.000000     0.596000 0.004000 0.068000 0.013296 0.692047 -0.721669 0.008349     -0.000488 -0.010127 0.004651 0.999618 -0.015305 0.003498 -0.020945     0.601155 0.006092 0.077902 0.094579 -0.531512 0.800543 0.260116     0.600892 0.005650 0.077444 0.096475 -0.531882 0.799857 0.260811     0.000125 0.009787 -0.004216 0.999854 0.002500 -0.003866 0.016468     0.601133 0.015996 0.073736 0.094705 -0.545386 0.790658 0.261582     0.603006 0.015835 0.073694 0.090146 -0.546652 0.790858 0.259979     
0.596000 0.014000 0.063000 0.000000 -0.707100 0.707100 0.000000     0.596000 0.009000 0.058000 0.003907 0.718881 -0.694834 -0.019514     -0.001622 -0.005446 -0.005021 0.999618 0.011036 0.016561 0.017004     0.601262 0.010955 0.067874 0.088413 -0.555102 0.773895 0.291739     0.599546 0.010344 0.067735 0.089399 -0.555323 0.773458 0.292210     0.000354 0.004283 0.003307 0.999665 -0.019735 -0.011396 -0.012309     0.601442 0.015501 0.071217 0.089839 -0.550460 0.785218 0.268955     0.602820 0.015535 0.071223 0.084608 -0.549119 0.786817 0.268754     
0.596000 0.014000 0.063000 0.000000 -0.707100 0.707100 0.000000     0.596000 0.009000 0.063000 0.002005 -0.682814 0.730525 0.008705     -0.000735 -0.005130 -0.000276 0.999352 0.007573 0.004738 -0.033735     0.601213 0.010504 0.072978 0.109592 -0.518701 0.801230 0.277399     0.601314 0.009854 0.072546 0.110894 -0.519327 0.799790 0.279889     0.000584 0.004248 -0.000209 0.999396 -0.014979 -0.002406 0.031269     0.601636 0.015372 0.072740 0.095010 -0.545751 0.788418 0.267408     0.604571 0.015093 0.072221 0.087088 -0.547298 0.786631 0.272198     
0.596000 0.014000 0.063000 0.000000 -0.707100 0.707100 0.000000     0.596000 0.009000 0.068000 0.034646 -0.708362 0.704976 -0.003450     -0.000712 -0.004923 0.004830 0.999352 0.022058 -0.026937 0.002395     0.600443 0.010574 0.078333 0.132541 -0.554237 0.774331 0.275037     0.600564 0.010207 0.077761 0.133968 -0.555084 0.772799 0.276979     0.000145 0.003374 -0.003994 0.999154 -0.026464 0.031179 -0.004448     0.601237 0.014442 0.073946 0.094842 -0.545255 0.787552 0.271004     0.603484 0.013789 0.073580 0.091056 -0.545971 0.786179 0.274856     
0.596000 0.014000 0.063000 0.000000 -0.707100 0.707100 0.000000     0.596000 0.014000 0.058000 0.001621 -0.710798 0.703348 0.006765     -0.000830 -0.000387 -0.005155 0.999923 0.005930 0.003637 0.005268     0.601052 0.015934 0.067987 0.098988 -0.550089 0.780658 0.279564     0.600221 0.014955 0.067813 0.100422 -0.550424 0.779693 0.281119     -0.000006 -0.000468 0.004396 0.999870 -0.015139 0.000497 -0.005582     0.601079 0.015711 0.072316 0.091820 -0.547020 0.787908 0.267430     0.602526 0.015628 0.072214 0.087404 -0.546815 0.789399 0.264958     
0.596000 0.014000 0.063000 0.000000 -0.707100 0.707100 0.000000     0.596000 0.014000 0.063000 0.006233 -0.722688 0.691028 0.012049     -0.000391 -0.000205 -0.000380 0.999618 0.012927 0.004113 0.022387     0.600993 0.015965 0.073010 0.097753 -0.562529 0.769187 0.286945     0.600683 0.015234 0.072660 0.099102 -0.562554 0.768678 0.287829     -0.000733 -0.001203 -0.000697 0.999471 -0.022730 -0.001552 -0.023195     0.600326 0.014982 0.072235 0.092764 -0.547058 0.788198 0.266170     0.601017 0.015377 0.072463 0.088864 -0.545450 0.790919 0.262744     
0.596000 0.014000 0.063000 0.000000 -0.707100 0.707100 0.000000     0.596000 0.014000 0.068000 0.025172 -0.706073 0.707265 0.024158     -0.000364 -0.000248 0.004566 0.999352 0.034881 -0.000716 -0.000843     0.600988 0.015289 0.078122 0.119866 -0.543270 0.775234 0.299135     0.600754 0.014453 0.077854 0.121287 -0.543405 0.774425 0.300445     0.000298 -0.000764 -0.003887 0.999350 -0.035899 -0.002931 -0.001485     0.601232 0.015235 0.074145 0.103001 -0.546946 0.785924 0.269341     0.602111 0.015759 0.074365 0.099241 -0.545521 0.788173 0.267099     
0.596000 0.014000 0.063000 0.000000 -0.707100 0.707100 0.000000     0.596000 0.019000 0.058000 0.011432 0.715366 -0.698619 0.005800     -0.000052 0.004558 -0.005272 0.999809 -0.012185 0.003982 0.011842     0.601028 0.021361 0.067907 0.086996 -0.556905 0.781938 0.266162     0.601014 0.020628 0.067651 0.087969 -0.557200 0.781186 0.267466     -0.001660 -0.005561 0.004151 0.999901 0.002438 -0.001680 -0.013733     0.599397 0.015614 0.072086 0.093313 -0.546347 0.788713 0.265912     0.600530 0.015842 0.072268 0.090139 -0.545091 0.790538 0.264197     
0.596000 0.014000 0.063000 0.000000 -0.707100 0.707100 0.000000     0.596000 0.019000 0.063000 0.009232 -0.700866 0.712849 -0.022983     -0.000775 0.004931 -0.000370 0.999618 -0.009723 -0.022778 -0.008473     0.600575 0.021115 0.073178 0.114862 -0.547900 0.789565 0.251356     0.600720 0.020800 0.072521 0.116376 -0.549324 0.787679 0.253501     -0.000713 -0.005168 0.000038 0.999699 0.001209 0.022245 0.010245     0.600266 0.016020 0.073009 0.095351 -0.550094 0.785966 0.265600     0.600554 0.015291 0.073525 0.094428 -0.550355 0.785262 0.267500     
0.596000 0.014000 0.063000 0.000000 -0.707100 0.707100 0.000000     0.596000 0.019000 0.068000 0.027231 -0.691336 0.722003 -0.002488     -0.000475 0.004850 0.004847 0.999352 0.017495 -0.021014 -0.021684     0.600648 0.020436 0.078263 0.131954 -0.534182 0.789352 0.272290     0.600538 0.019951 0.077911 0.134464 -0.534826 0.788160 0.273285     -0.000480 -0.005798 -0.004300 0.999206 -0.027704 0.021863 0.018513     0.600544 0.015378 0.073651 0.094751 -0.546073 0.789264 0.264328     0.602573 0.014913 0.073243 0.091920 -0.546562 0.788325 0.267141     
0.596000 0.014000 0.063000 0.000000 -0.707100 0.707100 0.000000     0.596000 0.024000 0.058000 0.002020 0.705378 -0.708768 0.008144     0.000524 0.009166 -0.005142 0.999923 -0.007187 -0.004330 -0.002397     0.600923 0.026120 0.068013 0.100147 -0.547556 0.787631 0.264139     0.601560 0.025451 0.067962 0.099716 -0.547661 0.787198 0.265412     0.000425 -0.010449 0.004270 0.999967 -0.003666 0.004950 0.005265     0.601424 0.015796 0.072219 0.092847 -0.550745 0.786187 0.264481     0.601593 0.016221 0.072631 0.091284 -0.550824 0.786817 0.263019     
0.596000 0.014000 0.063000 0.000000 -0.707100 0.707100 0.000000     0.596000 0.024000 0.063000 0.000916 0.695687 -0.717651 0.031239     -0.000262 0.010063 -0.000442 0.999352 -0.022737 -0.021441 -0.015531     0.600635 0.026308 0.073109 0.108582 -0.543152 0.796899 0.241096     0.600551 0.026159 0.072693 0.110289 -0.543869 0.796006 0.241695     0.000107 -0.010754 -0.000080 0.999477 0.014776 0.022472 0.017983     0.601113 0.015431 0.072878 0.094308 -0.550176 0.785592 0.266903     0.600896 0.015412 0.073147 0.092494 -0.550485 0.786017 0.265685     
0.596000 0.014000 0.063000 0.000000 -0.707100 0.707100 0.000000     0.596000 0.024000 0.068000 0.003712 -0.704823 0.709162 0.016775     -0.000238 0.009757 0.004621 0.999809 0.014486 0.009236 -0.003068     0.601196 0.025680 0.077959 0.101538 -0.541103 0.783362 0.288480     0.600987 0.024982 0.077592 0.102713 -0.541300 0.782826 0.289184     -0.001186 -0.011284 -0.004096 0.999630 -0.022874 -0.014231 0.003808     0.599710 0.014891 0.073919 0.099173 -0.550314 0.786166 0.263140     0.601315 0.015127 0.073833 0.097730 -0.550644 0.785988 0.263559     
0.596000 0.014000 0.063000 0.000000 -0.707100 0.707100 0.000000     0.601000 0.004000 0.058000 0.006216 0.702761 -0.711385 -0.000569     0.001463 -0.010081 -0.005245 0.999923 -0.003993 0.004797 -0.006098     0.606120 0.006018 0.067935 0.095740 -0.541846 0.789701 0.271274     0.602570 0.005623 0.067676 0.096733 -0.542538 0.789041 0.271494     -0.001341 0.010765 0.003908 0.999929 -0.003463 -0.006825 0.009158     0.604604 0.016944 0.071897 0.096763 -0.551222 0.784968 0.265698     0.605673 0.016859 0.072082 0.092821 -0.551415 0.786106 0.263369     
0.596000 0.014000 0.063000 0.000000 -0.707100 0.707100 0.000000     0.601000 0.004000 0.063000 0.006254 0.711239 -0.702745 0.015146     0.004399 -0.010180 -0.000256 0.999809 -0.015131 -0.006288 0.006006     0.605848 0.006362 0.072996 0.095033 -0.555417 0.784909 0.257642     0.605043 0.006118 0.072660 0.097009 -0.556151 0.784053 0.257966     -0.005363 0.009643 -0.001749 0.999936 0.005904 0.009433 0.001806     0.600664 0.015905 0.071181 0.090436 -0.553808 0.783231 0.267670     0.602749 0.015458 0.070766 0.086127 -0.553550 0.783556 0.268708     
0.596000 0.014000 0.063000 0.000000 -0.707100 0.707100 0.000000     0.601000 0.004000 0.068000 0.023783 0.714588 -0.699127 -0.000295     0.004922 -0.010221 0.004796 0.999618 -0.016608 0.017025 0.010932     0.606288 0.006441 0.077751 0.074566 -0.552976 0.784796 0.269689     0.606290 0.005995 0.077592 0.075855 -0.553640 0.783654 0.271321     -0.005831 0.009516 -0.004379 0.999842 0.005352 -0.015051 -0.007832     0.600197 0.015770 0.073553 0.091438 -0.550402 0.786437 0.264940     0.600456 0.015991 0.073225 0.093698 -0.550041 0.787084 0.263012     
0.596000 0.014000 0.063000 0.000000 -0.707100 0.707100 0.000000     0.601000 0.009000 0.058000 -0.000000 0.707100 -0.707100 -0.000000     0.003168 -0.004717 -0.004812 0.999961 0.000000 0.000000 0.000000     0.606000 0.011000 0.068000 0.100035 -0.547560 0.784824 0.272401     0.604156 0.010969 0.068117 0.100507 -0.547813 0.784446 0.272844     -0.002875 0.004619 0.003933 0.999979 -0.006214 0.001226 0.001153     0.603144 0.015755 0.071895 0.095354 -0.548741 0.785992 0.268305     0.604984 0.015176 0.071290 0.091866 -0.549457 0.785663 0.269056     
0.596000 0.014000 0.063000 0.000000 -0.707100 0.707100 0.000000     0.601000 0.009000 0.063000 -0.000000 0.707100 -0.707100 -0.000000     0.004257 -0.004881 -0.000149 0.999961 0.000000 0.000000 0.000000     0.606000 0.011000 0.073000 0.100035 -0.547560 0.784824 0.272401     0.606101 0.010498 0.073031 0.100820 -0.548936 0.782510 0.276012     -0.004087 0.003633 -0.000350 0.999992 -0.003620 0.001345 -0.000554     0.601942 0.014699 0.072622 0.097147 -0.547117 0.786242 0.270240     0.602976 0.014719 0.072602 0.094250 -0.546530 0.787746 0.268100     
0.596000 0.014000 0.063000 0.000000 -0.707100 0.707100 0.000000     0.601000 0.009000 0.068000 0.015902 0.708198 -0.705787 -0.006985     0.004018 -0.004745 0.004841 0.999809 -0.006305 0.016183 0.001705     0.606313 0.011143 0.077807 0.083401 -0.545037 0.787107 0.276444     0.606639 0.010769 0.077729 0.083244 -0.546225 0.784903 0.280420     -0.004596 0.005140 -0.004099 0.999900 0.001520 -0.013865 0.002500     0.601432 0.016278 0.073858 0.094443 -0.550656 0.784089 0.270264     0.602574 0.016193 0.073791 0.093502 -0.551267 0.784443 0.268347     
0.596000 0.014000 0.063000 0.000000 -0.707100 0.707100 0.000000     0.601000 0.014000 0.058000 0.001341 0.705925 -0.708059 0.017335     0.003291 -0.000189 -0.004708 0.999809 -0.013206 -0.011309 -0.001509     0.605780 0.016250 0.068054 0.102075 -0.550694 0.787997 0.255652     0.604244 0.015708 0.068209 0.102559 -0.550733 0.787378 0.257315     -0.002761 -0.000401 0.003882 0.999938 0.001721 0.010844 0.001678     0.603228 0.015831 0.071838 0.094042 -0.549034 0.787691 0.263135     0.603281 0.015152 0.071172 0.096185 -0.549083 0.787248 0.263622     
0.596000 0.014000 0.063000 0.000000 -0.707100 0.707100 0.000000     0.601000 0.014000 0.063000 0.006430 -0.703704 0.710442 -0.003479     0.004267 0.000269 -0.000009 0.999923 0.002087 -0.007006 -0.004765     0.605878 0.015911 0.073077 0.107970 -0.545499 0.786134 0.269715     0.605497 0.015975 0.072972 0.109889 -0.545525 0.785646 0.270347     -0.004368 0.000087 -0.000259 0.999934 -0.006307 0.008757 0.003982     0.601670 0.016164 0.072706 0.096564 -0.546913 0.786556 0.269947     0.603513 0.015430 0.072540 0.091100 -0.548088 0.785626 0.272198     
0.596000 0.014000 0.063000 0.000000 -0.707100 0.707100 0.000000     0.601000 0.014000 0.068000 -0.000000 0.707100 -0.707100 -0.000000     0.005065 -0.000297 0.004764 0.999961 0.000000 0.000000 0.000000     0.606000 0.016000 0.078000 0.100035 -0.547560 0.784824 0.272401     0.606090 0.015564 0.077767 0.101325 -0.548285 0.783627 0.273945     -0.005008 -0.000497 -0.004177 0.999981 -0.006113 -0.000762 -0.000042     0.600977 0.015625 0.073805 0.097295 -0.548335 0.786421 0.267177     0.601838 0.015971 0.073895 0.093438 -0.548779 0.787624 0.264120     
0.596000 0.014000 0.063000 0.000000 -0.707100 0.707100 0.000000     0.601000 0.019000 0.058000 0.002440 -0.709612 0.704103 0.025770     0.002359 0.005005 -0.005307 0.999618 0.019947 0.016497 0.003895     0.606314 0.020643 0.067902 0.096914 -0.543940 0.778639 0.297386     0.603736 0.020503 0.067587 0.097113 -0.544163 0.778104 0.298345     -0.001660 -0.004548 0.004171 0.999460 -0.025776 -0.019980 -0.004075     0.604271 0.016567 0.072181 0.099611 -0.548913 0.786164 0.265892     0.605243 0.016496 0.072240 0.096976 -0.548306 0.786954 0.265818     
0.596000 0.014000 0.063000 0.000000 -0.707100 0.707100 0.000000     0.601000 0.019000 0.063000 0.011431 0.714298 -0.699687 0.008196     0.004535 0.004798 -0.000256 0.999809 -0.013878 0.002288 0.010331     0.606000 0.021380 0.072916 0.087810 -0.556350 0.783057 0.263754     0.605543 0.021062 0.072686 0.089427 -0.556936 0.782383 0.264011     -0.005208 -0.005505 0.000008 0.999928 0.007201 -0.004453 -0.008477     0.600742 0.015647 0.073001 0.097532 -0.550215 0.785426 0.266152     0.602082 0.015061 0.073307 0.097772 -0.550181 0.785477 0.266021     
0.596000 0.014000 0.063000 0.000000 -0.707100 0.707100 0.000000     0.601000 0.019000 0.068000 0.021508 -0.691205 0.722133 0.016646     0.004266 0.004884 0.004685 0.999352 0.026978 -0.003438 -0.021868     0.606002 0.020238 0.078122 0.123402 -0.528300 0.788628 0.289339     0.605273 0.020001 0.077746 0.125945 -0.528832 0.787981 0.289068     -0.003977 -0.006260 -0.004000 0.999326 -0.032140 0.004289 0.017239     0.602054 0.014797 0.073973 0.097969 -0.544265 0.788817 0.268191     0.603851 0.014052 0.073676 0.093738 -0.545091 0.789036 0.267415     
0.596000 0.014000 0.063000 0.000000 -0.707100 0.707100 0.000000     0.601000 0.024000 0.058000 0.012678 -0.723051 0.690665 -0.000246     0.002481 0.009842 -0.005005 0.999618 0.008790 -0.009139 0.022900     0.605723 0.026046 0.068124 0.105748 -0.566955 0.768707 0.276494     0.603159 0.025760 0.068075 0.107654 -0.567373 0.767736 0.277633     -0.002902 -0.009468 0.004312 0.999526 -0.016166 0.012569 -0.022979     0.603170 0.016677 0.072245 0.093224 -0.547257 0.787170 0.268632     0.604893 0.016038 0.071928 0.088210 -0.548158 0.786793 0.269625     
0.596000 0.014000 0.063000 0.000000 -0.707100 0.707100 0.000000     0.601000 0.024000 0.063000 0.005830 -0.702516 0.711630 -0.000798     0.004469 0.009887 -0.000002 0.999923 0.003558 -0.004687 -0.006444     0.605931 0.025865 0.073060 0.107413 -0.543402 0.786885 0.271972     0.605624 0.025530 0.072918 0.109673 -0.543932 0.785899 0.272895     -0.004738 -0.010684 0.000417 0.999944 -0.007058 0.005733 0.005467     0.601287 0.015377 0.073393 0.097573 -0.546872 0.786405 0.270106     0.603982 0.014660 0.072923 0.091168 -0.547948 0.784696 0.275125     
0.596000 0.014000 0.063000 0.000000 -0.707100 0.707100 0.000000     0.601000 0.024000 0.068000 0.006615 -0.706499 0.707486 0.016135     0.004327 0.010281 0.004611 0.999809 0.016086 0.006731 -0.000698     0.606137 0.025671 0.077991 0.103735 -0.543486 0.781378 0.288601     0.605700 0.025799 0.077686 0.106120 -0.543493 0.780868 0.289136     -0.004933 -0.011752 -0.002567 0.999807 -0.019081 -0.004430 -0.001143     0.601120 0.014289 0.075398 0.097136 -0.545746 0.786896 0.271111     0.602243 0.013767 0.075453 0.094662 -0.546157 0.786711 0.271731     
0.596000 0.014000 0.063000 0.000000 -0.707100 0.707100 0.000000     0.606000 0.004000 0.058000 0.027356 -0.730342 0.682512 -0.003226     0.005952 -0.010008 -0.004908 0.999009 0.017063 -0.021624 0.033820     0.610427 0.005973 0.068272 0.117042 -0.577766 0.758747 0.277076     0.606318 0.005582 0.068174 0.117501 -0.577834 0.758506 0.277435     -0.005787 0.007757 0.002394 0.999041 -0.023082 0.021304 -0.030509     0.605197 0.013910 0.070370 0.095882 -0.550862 0.784535 0.268035     0.606470 0.013929 0.070113 0.091974 -0.549873 0.786498 0.265711     
0.596000 0.014000 0.063000 0.000000 -0.707100 0.707100 0.000000     0.606000 0.004000 0.063000 0.030604 -0.716369 0.696485 0.027719     0.009635 -0.010226 -0.000162 0.999009 0.041239 -0.002039 0.014059     0.610912 0.005307 0.073157 0.120292 -0.554503 0.764941 0.304798     0.610636 0.004703 0.072994 0.121680 -0.554508 0.764378 0.305681     -0.010074 0.008729 -0.000802 0.998912 -0.042481 0.010045 -0.016429     0.601094 0.014724 0.072113 0.093929 -0.543381 0.787374 0.275565     0.602392 0.015255 0.072271 0.090565 -0.542542 0.788462 0.275272     
0.596000 0.014000 0.063000 0.000000 -0.707100 0.707100 0.000000     0.606000 0.004000 0.068000 0.019974 -0.705004 0.708712 -0.016714     0.009763 -0.010080 0.004388 0.999618 0.002305 -0.025942 -0.002622     0.610485 0.005928 0.078255 0.122337 -0.552151 0.782768 0.259649     0.610614 0.005380 0.077851 0.123558 -0.552962 0.781429 0.261409     -0.009096 0.007893 -0.004078 0.999548 -0.012999 0.026836 0.003897     0.601915 0.014121 0.073868 0.093087 -0.549574 0.786920 0.264652     0.602478 0.013855 0.074083 0.090593 -0.550073 0.788274 0.260455     
0.596000 0.014000 0.063000 0.000000 -0.707100 0.707100 0.000000     0.606000 0.009000 0.058000 -0.000000 0.707100 -0.707100 -0.000000     0.008128 -0.005046 -0.004616 0.999961 0.000000 0.000000 0.000000     0.611000 0.011000 0.068000 0.100035 -0.547560 0.784824 0.272401     0.609141 0.010675 0.068349 0.100705 -0.548171 0.783523 0.274699     -0.007840 0.003783 0.002752 0.999972 -0.006518 -0.003760 -0.000186     0.603086 0.014912 0.070763 0.099465 -0.549075 0.786303 0.265201     0.603598 0.014917 0.071174 0.097418 -0.548920 0.787197 0.263660     
0.596000 0.014000 0.063000 0.000000 -0.707100 0.707100 0.000000     0.606000 0.009000 0.063000 0.000671 -0.718655 0.695330 -0.005665     0.009980 -0.005335 -0.000131 0.999809 -0.003531 -0.004480 0.016493     0.610840 0.011233 0.073029 0.097109 -0.561995 0.776187 0.268785     0.610873 0.010667 0.072929 0.098551 -0.562659 0.774870 0.270701     -0.010353 0.003821 -0.000119 0.999883 -0.005182 0.005593 -0.013293     0.600658 0.015027 0.072832 0.093418 -0.550611 0.785502 0.266584     0.601030 0.015184 0.073272 0.090978 -0.549906 0.787164 0.264005     
0.596000 0.014000 0.063000 0.000000 -0.707100 0.707100 0.000000     0.606000 0.009000 0.068000 0.001360 -0.692106 0.720748 -0.038608     0.009108 -0.004593 0.004840 0.999009 -0.026338 -0.028260 -0.020253     0.610518 0.011338 0.078155 0.113214 -0.541476 0.799515 0.233970     0.610319 0.011430 0.078057 0.114817 -0.541554 0.798897 0.235158     -0.008922 0.002851 -0.004004 0.999324 0.012954 0.026534 0.021879     0.602029 0.014136 0.073959 0.093819 -0.550929 0.787101 0.261013     0.602460 0.013512 0.074270 0.093561 -0.551784 0.785980 0.262708     
0.596000 0.014000 0.063000 0.000000 -0.707100 0.707100 0.000000     0.606000 0.014000 0.058000 0.005322 -0.693653 0.719685 0.029169     0.006435 0.000313 -0.004607 0.999352 0.024388 0.016862 -0.018407     0.611397 0.015323 0.067906 0.105108 -0.525747 0.789469 0.298768     0.607911 0.015376 0.068146 0.105002 -0.526397 0.787637 0.302503     -0.006880 0.000659 0.002684 0.999417 -0.024422 -0.018856 0.014607     0.604093 0.016620 0.070705 0.102729 -0.545172 0.786643 0.270936     0.604572 0.016937 0.070719 0.100850 -0.545211 0.787547 0.268967     
0.596000 0.014000 0.063000 0.000000 -0.707100 0.707100 0.000000     0.606000 0.014000 0.063000 0.031811 0.698709 -0.714629 -0.008905     0.009024 0.000459 -0.000247 0.999352 -0.016196 0.028790 -0.011257     0.611613 0.016199 0.072626 0.071576 -0.532169 0.797802 0.274162     0.611033 0.016424 0.072476 0.073215 -0.532102 0.797678 0.274258     -0.008329 -0.001990 -0.000335 0.999216 0.015999 -0.033651 0.013377     0.602564 0.014034 0.072712 0.103212 -0.550505 0.783263 0.269760     0.603870 0.013334 0.072810 0.103858 -0.550300 0.783603 0.268979     
0.596000 0.014000 0.063000 0.000000 -0.707100 0.707100 0.000000     0.606000 0.014000 0.068000 -0.000000 0.707100 -0.707100 -0.000000     0.009743 0.000186 0.004862 0.999961 0.000000 0.000000 0.000000     0.611000 0.016000 0.078000 0.100035 -0.547560 0.784824 0.272401     0.610905 0.015911 0.077923 0.101106 -0.547716 0.784117 0.273763     -0.009869 -0.001252 -0.004096 0.999964 -0.007536 0.001269 0.003764     0.601141 0.014936 0.073860 0.093883 -0.550902 0.784915 0.267548     0.601957 0.014987 0.074205 0.091096 -0.550848 0.785658 0.266477     
0.596000 0.014000 0.063000 0.000000 -0.707100 0.707100 0.000000     0.606000 0.019000 0.058000 0.022611 0.687927 -0.725411 -0.002041     0.007109 0.005420 -0.004747 0.999352 -0.014545 0.017431 -0.026504     0.611451 0.021010 0.067759 0.085548 -0.523131 0.804565 0.267713     0.610154 0.019035 0.068231 0.086333 -0.523088 0.805001 0.266267     -0.007012 -0.006058 0.004029 0.999360 0.009897 -0.018781 0.028783     0.603949 0.015057 0.072024 0.098076 -0.550136 0.784737 0.268143     0.605409 0.014804 0.071987 0.098222 -0.550095 0.784743 0.268189     
0.596000 0.014000 0.063000 0.000000 -0.707100 0.707100 0.000000     0.606000 0.019000 0.063000 0.030737 0.708956 -0.703898 0.030742     0.009743 0.004661 0.000074 0.999009 -0.043471 -0.000004 0.003576     0.610982 0.021897 0.072787 0.075164 -0.554196 0.793960 0.238380     0.610751 0.021372 0.072841 0.076488 -0.554815 0.792868 0.240188     -0.010557 -0.005548 -0.001000 0.999162 0.039968 0.001449 -0.008713     0.600496 0.015471 0.071969 0.098178 -0.543463 0.788705 0.270061     0.602420 0.014917 0.071650 0.094523 -0.544084 0.786399 0.276793     
0.596000 0.014000 0.063000 0.000000 -0.707100 0.707100 0.000000     0.606000 0.019000 0.068000 0.000489 0.729191 -0.684147 -0.014257     0.008949 0.005042 0.005004 0.999352 0.009735 0.010426 0.031850     0.611076 0.021127 0.077935 0.088445 -0.568410 0.765297 0.288772     0.610344 0.020782 0.077916 0.089128 -0.569060 0.764220 0.290163     -0.008870 -0.006745 -0.004045 0.999523 -0.016361 -0.007492 -0.025088     0.602165 0.014453 0.073895 0.092081 -0.552550 0.783254 0.269635     0.602990 0.014720 0.074458 0.088659 -0.551510 0.784893 0.268178     
0.596000 0.014000 0.063000 0.000000 -0.707100 0.707100 0.000000     0.606000 0.024000 0.058000 0.017471 -0.695320 0.718396 -0.010664     0.006896 0.010317 -0.004855 0.999618 0.004814 -0.019894 -0.016317     0.610659 0.025745 0.068210 0.122695 -0.539503 0.790189 0.263560     0.607457 0.025874 0.068254 0.123984 -0.539691 0.789958 0.263303     -0.006500 -0.009984 0.003164 0.999691 -0.009836 0.015891 0.016382     0.604417 0.016117 0.071184 0.100476 -0.549300 0.785648 0.266290     0.606809 0.015368 0.070938 0.095624 -0.550042 0.784051 0.271245     
0.596000 0.014000 0.063000 0.000000 -0.707100 0.707100 0.000000     0.606000 0.024000 0.063000 0.019738 0.692458 -0.720880 0.020602     0.010343 0.009630 -0.000195 0.999352 -0.028524 -0.000611 -0.020097     0.611076 0.026365 0.072882 0.090308 -0.534474 0.803060 0.247503     0.611494 0.025771 0.072737 0.091308 -0.535417 0.801283 0.250871     -0.011304 -0.009898 -0.000089 0.999714 0.017247 0.001013 0.016536     0.599716 0.016292 0.072861 0.094595 -0.545791 0.789815 0.263318     0.600627 0.015926 0.072914 0.093171 -0.546045 0.788973 0.265848     
0.596000 0.014000 0.063000 0.000000 -0.707100 0.707100 0.000000     0.606000 0.024000 0.068000 0.030494 -0.702273 0.710581 0.030630     0.009865 0.009599 0.004700 0.999009 0.043220 0.000096 -0.005875     0.611020 0.025070 0.078132 0.125131 -0.538078 0.775530 0.305528     0.611022 0.024318 0.077920 0.126327 -0.538408 0.774362 0.307443     -0.009577 -0.009825 -0.003968 0.999073 -0.042956 -0.000791 0.002751     0.601419 0.016139 0.074042 0.101674 -0.545330 0.786356 0.271850     0.601949 0.016531 0.074450 0.098934 -0.543090 0.789251 0.268977     
