0.596000 0.014000 0.063000 0.000000 -0.707100 0.707100 0.000000     0.586000 0.019000 0.059500 0.009011 -0.722289 0.691050 -0.025472     -0.009790 0.004691 -0.003811 0.999352 -0.011639 -0.024382 0.022089     0.590409 0.021443 0.069678 0.106719 -0.572369 0.772982 0.251959     0.590671 0.021132 0.069330 0.106720 -0.572375 0.772989 0.251964     0.011078 -0.006700 0.003877 0.999620 0.005332 0.021422 -0.016495     0.601996 0.014481 0.073379 0.097328 -0.553435 0.783072 0.266485     0.600712 0.015204 0.073174 0.098654 -0.553163 0.782756 0.267529     
0.596000 0.014000 0.063000 0.000000 -0.707100 0.707100 0.000000     0.586000 0.019000 0.063000 0.007998 0.708907 -0.705239 0.002335     -0.010663 0.005531 0.000324 0.999923 -0.007307 0.004004 0.002593     0.591069 0.021172 0.072929 0.092181 -0.549215 0.785765 0.269108     0.590813 0.021367 0.072851 0.092422 -0.549222 0.785752 0.269086     0.011584 -0.005790 -0.000536 0.999991 -0.000145 -0.004106 -0.001435     0.602578 0.015371 0.072434 0.095712 -0.549200 0.786206 0.266604     0.601362 0.016198 0.072157 0.097127 -0.549006 0.786046 0.267005     
0.596000 0.014000 0.063000 0.000000 -0.707100 0.707100 0.000000     0.586000 0.019000 0.066500 0.008099 -0.709390 0.703948 -0.033728     -0.010284 0.005378 0.003448 0.999352 -0.018122 -0.029575 0.003848     0.590385 0.021402 0.076698 0.112214 -0.560116 0.784217 0.242203     0.590243 0.021592 0.076605 0.112484 -0.560048 0.784206 0.242311     0.010349 -0.005600 -0.001571 0.999426 0.021198 0.026442 -0.000320     0.601272 0.015371 0.074973 0.103364 -0.550760 0.781779 0.273462     0.600092 0.016184 0.074549 0.104546 -0.550316 0.781679 0.274225     
0.596000 0.014000 0.063000 0.000000 -0.707100 0.707100 0.000000     0.586000 0.024000 0.059500 0.002037 -0.706138 0.708008 0.008382     -0.009906 0.009651 -0.003410 0.999923 0.007367 0.004487 -0.001323     0.591095 0.025839 0.069483 0.100904 -0.544542 0.783961 0.280497     0.591208 0.025328 0.069343 0.100991 -0.544726 0.783795 0.280606     0.011013 -0.010275 0.002817 0.999910 -0.006918 -0.010409 0.004851     0.601880 0.015751 0.072377 0.103927 -0.551913 0.782139 0.269870     0.600626 0.016540 0.072308 0.104466 -0.551878 0.781970 0.270259     
0.596000 0.014000 0.063000 0.000000 -0.707100 0.707100 0.000000     0.586000 0.024000 0.063000 0.004698 0.701930 -0.712216 0.001089     -0.010404 0.010208 0.000545 0.999923 -0.004092 0.002552 -0.007273     0.591080 0.026008 0.072958 0.097769 -0.541545 0.790146 0.269849     0.591176 0.026023 0.072968 0.097817 -0.541538 0.790127 0.269940     0.010906 -0.009739 -0.001535 0.999870 0.003600 -0.006663 0.014270     0.601794 0.016340 0.071504 0.101119 -0.554196 0.780693 0.270446     0.600405 0.016903 0.071547 0.102529 -0.553942 0.780685 0.270494     
0.596000 0.014000 0.063000 0.000000 -0.707100 0.707100 0.000000     0.586000 0.024000 0.066500 0.012808 0.714682 -0.698657 0.030422     -0.010246 0.010528 0.003774 0.999352 -0.030567 -0.012455 0.011331     0.590697 0.026721 0.076476 0.089924 -0.562571 0.785222 0.242558     0.590613 0.026916 0.076538 0.090108 -0.562524 0.785201 0.242706     0.010109 -0.009756 -0.002824 0.999374 0.031636 0.012806 -0.009264     0.601106 0.016243 0.073678 0.099857 -0.548993 0.783421 0.273619     0.599877 0.017086 0.073577 0.100338 -0.548834 0.783231 0.274340     
0.596000 0.014000 0.063000 0.000000 -0.707100 0.707100 0.000000     0.591000 0.004000 0.059500 -0.000000 0.707100 -0.707100 -0.000000     -0.005362 -0.009571 -0.003000 0.999961 0.000000 0.000000 0.000000     0.596000 0.006000 0.069500 0.100035 -0.547560 0.784824 0.272401     0.596105 0.006120 0.069700 0.100093 -0.547541 0.784803 0.272515     0.004394 0.008269 0.002980 0.999979 -0.005716 -0.002218 0.001861     0.600342 0.014402 0.072478 0.098137 -0.550185 0.785124 0.266881     0.598984 0.015031 0.072401 0.099425 -0.549857 0.785412 0.266269     
0.596000 0.014000 0.063000 0.000000 -0.707100 0.707100 0.000000     0.591000 0.004000 0.063000 0.007035 -0.711357 0.702628 -0.014731     -0.005545 -0.009663 0.000745 0.999809 -0.005441 -0.015390 0.006173     0.595664 0.006169 0.073126 0.107437 -0.557058 0.781267 0.260279     0.595580 0.006162 0.073456 0.107542 -0.557034 0.781242 0.260401     0.005224 0.007732 0.000568 0.999895 0.003044 0.012592 -0.006522     0.601170 0.013778 0.073586 0.100981 -0.548300 0.785379 0.268944     0.599965 0.014647 0.073423 0.101580 -0.548333 0.785263 0.269024     
0.596000 0.014000 0.063000 0.000000 -0.707100 0.707100 0.000000     0.591000 0.004000 0.066500 0.021018 -0.696002 0.717714 -0.002790     -0.005202 -0.009662 0.004061 0.999618 0.012889 -0.016834 -0.015352     0.595715 0.005590 0.076710 0.124452 -0.538619 0.787767 0.271670     0.596015 0.005580 0.076500 0.124507 -0.538618 0.787728 0.271796     0.003608 0.008019 -0.003937 0.999709 -0.013791 0.010980 0.016471     0.599485 0.014047 0.072617 0.103864 -0.550171 0.783779 0.268691     0.598210 0.014812 0.072431 0.104688 -0.550084 0.784202 0.267348     
0.596000 0.014000 0.063000 0.000000 -0.707100 0.707100 0.000000     0.591000 0.009000 0.059500 0.000602 0.703419 -0.710727 0.007006     -0.005223 -0.004683 -0.003598 0.999923 -0.005379 -0.004528 -0.005168     0.595930 0.011056 0.069523 0.102047 -0.545255 0.788636 0.265173     0.595818 0.011239 0.069401 0.102385 -0.545167 0.788605 0.265355     0.004156 0.004126 0.002798 0.999967 0.002090 -0.000949 0.007856     0.600035 0.015217 0.072339 0.101848 -0.551471 0.783675 0.267096     0.598647 0.015781 0.072322 0.102763 -0.551500 0.784007 0.265744     
0.596000 0.014000 0.063000 0.000000 -0.707100 0.707100 0.000000     0.591000 0.009000 0.063000 0.027522 -0.691857 0.721482 0.004656     -0.005305 -0.004564 0.000544 0.999352 0.022753 -0.016168 -0.020947     0.595743 0.010335 0.073234 0.130828 -0.532914 0.788001 0.279144     0.595697 0.010423 0.073528 0.130916 -0.532872 0.787993 0.279239     0.004740 0.004133 -0.000793 0.999528 -0.020225 0.011352 0.020134     0.600647 0.015074 0.072264 0.105423 -0.548006 0.784030 0.271759     0.599497 0.015960 0.071906 0.107357 -0.547690 0.784241 0.271064     
0.596000 0.014000 0.063000 0.000000 -0.707100 0.707100 0.000000     0.591000 0.009000 0.066500 0.000456 -0.701900 0.712084 0.015891     -0.005673 -0.004726 0.004305 0.999809 0.011559 0.010914 -0.007201     0.596244 0.010696 0.076431 0.099745 -0.537696 0.786591 0.286687     0.596839 0.010511 0.075961 0.099850 -0.537691 0.786533 0.286852     0.004734 0.005052 -0.004613 0.999804 -0.009713 -0.013070 0.011291     0.600676 0.016057 0.071915 0.101546 -0.551187 0.781846 0.273090     0.599462 0.016931 0.071807 0.102947 -0.550788 0.781798 0.273545     
0.596000 0.014000 0.063000 0.000000 -0.707100 0.707100 0.000000     0.591000 0.014000 0.059500 -0.000000 0.707100 -0.707100 -0.000000     -0.005050 0.000300 -0.003341 0.999961 0.000000 0.000000 0.000000     0.596000 0.016000 0.069500 0.100035 -0.547560 0.784824 0.272401     0.596122 0.015904 0.069735 0.100269 -0.547314 0.784519 0.273721     0.005405 -0.000692 0.002569 0.999989 0.000764 -0.004603 0.000310     0.601312 0.015296 0.072118 0.103980 -0.548975 0.783977 0.270508     0.600100 0.016094 0.071755 0.104257 -0.549008 0.783897 0.270604     
0.596000 0.014000 0.063000 0.000000 -0.707100 0.707100 0.000000     0.591000 0.014000 0.063000 0.008339 -0.706983 0.707163 -0.002568     -0.004837 0.000183 -0.000093 0.999923 0.004080 -0.007712 -0.000127     0.595845 0.015917 0.073092 0.108353 -0.549132 0.782981 0.271358     0.596246 0.015864 0.072928 0.108770 -0.548938 0.782489 0.273031     0.005549 -0.001490 0.000669 0.999988 -0.003078 0.003703 0.000337     0.601467 0.014492 0.073712 0.103670 -0.548718 0.784023 0.271014     0.600272 0.015331 0.073425 0.104493 -0.548732 0.783752 0.271489     
0.596000 0.014000 0.063000 0.000000 -0.707100 0.707100 0.000000     0.591000 0.014000 0.066500 0.008888 -0.696883 0.717102 0.004604     -0.005848 0.000465 0.003812 0.999809 0.009540 -0.003029 -0.014296     0.595992 0.015666 0.076565 0.111515 -0.536127 0.789631 0.276758     0.595678 0.015925 0.076477 0.111869 -0.536046 0.789647 0.276762     0.005631 -0.001429 -0.001714 0.999762 -0.007868 0.003507 0.020050     0.601619 0.014595 0.074787 0.098952 -0.551739 0.781262 0.274595     0.600218 0.015130 0.074784 0.099921 -0.551545 0.781243 0.274725     
0.596000 0.014000 0.063000 0.000000 -0.707100 0.707100 0.000000     0.591000 0.019000 0.059500 0.004992 0.710833 -0.703313 -0.004791     -0.004643 0.004687 -0.004108 0.999923 -0.000142 0.006918 0.005317     0.596116 0.021057 0.069429 0.093075 -0.549842 0.782613 0.276600     0.596463 0.020751 0.069020 0.093069 -0.549859 0.782602 0.276637     0.006620 -0.006392 0.002984 0.999962 -0.004269 -0.007037 -0.002757     0.602608 0.014721 0.072467 0.096994 -0.550007 0.784626 0.269123     0.601286 0.015393 0.072547 0.098578 -0.549466 0.784391 0.270369     
0.596000 0.014000 0.063000 0.000000 -0.707100 0.707100 0.000000     0.591000 0.019000 0.063000 0.007290 0.715223 -0.698762 -0.010769     -0.005525 0.005384 0.000293 0.999809 0.002460 0.012769 0.011639     0.596206 0.021070 0.072880 0.088174 -0.552887 0.778938 0.282447     0.595962 0.021220 0.073099 0.088653 -0.552670 0.778877 0.282927     0.006649 -0.006690 -0.000294 0.999823 -0.007153 -0.014422 -0.009686     0.602609 0.014424 0.072702 0.098173 -0.549948 0.784905 0.267997     0.601327 0.015173 0.072549 0.099197 -0.549756 0.784711 0.268620     
0.596000 0.014000 0.063000 0.000000 -0.707100 0.707100 0.000000     0.591000 0.019000 0.066500 0.018815 0.712971 -0.700367 -0.028009     -0.005432 0.004694 0.003266 0.999352 0.006501 0.033109 0.008912     0.596616 0.020967 0.076174 0.075121 -0.544551 0.781007 0.296359     0.596589 0.020572 0.076270 0.075099 -0.544544 0.781016 0.296388     0.005573 -0.005242 -0.003914 0.999412 -0.011369 -0.032157 -0.003545     0.601571 0.015911 0.072554 0.095050 -0.551846 0.783432 0.269528     0.600347 0.016757 0.072549 0.096704 -0.551322 0.783281 0.270486     
0.596000 0.014000 0.063000 0.000000 -0.707100 0.707100 0.000000     0.591000 0.024000 0.059500 0.013549 -0.708743 0.705241 0.010718     -0.005200 0.010256 -0.002934 0.999809 0.017159 -0.002002 0.002476     0.595951 0.025680 0.069583 0.110312 -0.548248 0.778474 0.284979     0.595867 0.025586 0.069961 0.110386 -0.548210 0.778447 0.285135     0.005408 -0.010542 0.001610 0.999850 -0.016720 -0.000775 -0.004354     0.601359 0.015431 0.071140 0.102973 -0.546842 0.785424 0.271015     0.600111 0.016235 0.070939 0.103391 -0.546813 0.785409 0.270995     
0.596000 0.014000 0.063000 0.000000 -0.707100 0.707100 0.000000     0.591000 0.024000 0.063000 0.015518 -0.709898 0.704087 0.006847     -0.005729 0.010555 0.000458 0.999809 0.015814 -0.006131 0.004109     0.595861 0.025722 0.073119 0.112371 -0.550790 0.777533 0.281826     0.595563 0.025833 0.073247 0.112941 -0.550591 0.777494 0.282130     0.005710 -0.010615 -0.000516 0.999904 -0.013094 0.003291 -0.003235     0.601649 0.015340 0.072523 0.103501 -0.548765 0.783300 0.273066     0.600393 0.016130 0.072501 0.103578 -0.548688 0.783284 0.273275     
0.596000 0.014000 0.063000 0.000000 -0.707100 0.707100 0.000000     0.591000 0.024000 0.066500 0.016043 0.715192 -0.698523 0.016997     -0.005053 0.010329 0.003507 0.999618 -0.023363 -0.000675 0.011786     0.595932 0.026582 0.076400 0.084526 -0.559144 0.784398 0.254782     0.595959 0.026688 0.076431 0.084818 -0.559051 0.784343 0.255094     0.005545 -0.011782 -0.002304 0.999711 0.021973 -0.004698 -0.008535     0.601424 0.014278 0.074244 0.102647 -0.551627 0.782948 0.268595     0.600107 0.014988 0.074216 0.103165 -0.551699 0.782853 0.268562     
0.596000 0.014000 0.063000 0.000000 -0.707100 0.707100 0.000000     0.596000 0.004000 0.059500 0.006099 0.702181 -0.711804 0.014869     -0.000671 -0.009356 -0.003296 0.999809 -0.014826 -0.006201 -0.006805     0.600905 0.006229 0.069499 0.098621 -0.545308 0.791849 0.256647     0.600611 0.006526 0.069565 0.098969 -0.545183 0.791855 0.256801     0.000316 0.008003 0.003656 0.999881 0.012342 0.003599 0.008487     0.601257 0.014069 0.073172 0.100311 -0.549823 0.784314 0.269190     0.600107 0.014995 0.072987 0.101158 -0.549864 0.784001 0.269741     
0.596000 0.014000 0.063000 0.000000 -0.707100 0.707100 0.000000     0.596000 0.004000 0.063000 0.004218 -0.707142 0.707004 0.007639     -0.000752 -0.009409 0.000375 0.999923 0.008384 0.002418 0.000097     0.601048 0.005833 0.073008 0.102697 -0.546118 0.782699 0.280305     0.601482 0.005931 0.072450 0.102870 -0.546110 0.782626 0.280496     0.000886 0.007406 -0.001578 0.999958 -0.008311 -0.002330 0.003228     0.601875 0.013438 0.071421 0.099073 -0.550128 0.782993 0.272847     0.600641 0.014276 0.071446 0.099675 -0.550118 0.782822 0.273176     
0.596000 0.014000 0.063000 0.000000 -0.707100 0.707100 0.000000     0.596000 0.004000 0.066500 0.007857 -0.695443 0.718273 -0.019049     -0.000014 -0.009682 0.003537 0.999618 -0.007914 -0.019025 -0.016143     0.600681 0.006003 0.076653 0.114996 -0.540677 0.793647 0.254064     0.600719 0.006136 0.076685 0.115550 -0.540510 0.793504 0.254653     -0.001219 0.008484 -0.002850 0.999687 0.006030 0.018382 0.015885     0.599768 0.014520 0.073650 0.099596 -0.547751 0.785392 0.270536     0.598431 0.015191 0.073573 0.100962 -0.547470 0.785559 0.270149     
0.596000 0.014000 0.063000 0.000000 -0.707100 0.707100 0.000000     0.596000 0.009000 0.059500 0.008736 0.699622 -0.713717 -0.032285     -0.000298 -0.004744 -0.003468 0.999352 0.016651 0.029005 -0.009967     0.601609 0.010565 0.069251 0.089042 -0.529837 0.788169 0.300189     0.601575 0.010706 0.069292 0.089676 -0.530145 0.787513 0.301211     0.001175 0.004476 0.002020 0.999348 -0.014855 -0.030009 0.013483     0.602142 0.015478 0.071536 0.100717 -0.550450 0.782299 0.273586     0.600952 0.016376 0.071551 0.100958 -0.550507 0.782131 0.273899     
0.596000 0.014000 0.063000 0.000000 -0.707100 0.707100 0.000000     0.596000 0.009000 0.063000 0.008703 0.706777 -0.707369 0.000474     0.000254 -0.004881 -0.000154 0.999923 -0.006489 0.005819 -0.000419     0.601118 0.011125 0.072914 0.092025 -0.546274 0.787374 0.270442     0.601459 0.011141 0.072814 0.092394 -0.546128 0.787136 0.271337     0.000726 0.004246 -0.000718 0.999973 0.004210 -0.006026 -0.000546     0.601726 0.015282 0.072275 0.099214 -0.547072 0.785957 0.270408     0.600472 0.016092 0.072208 0.100192 -0.546832 0.785827 0.270947     
0.596000 0.014000 0.063000 0.000000 -0.707100 0.707100 0.000000     0.596000 0.009000 0.066500 -0.000000 0.707100 -0.707100 -0.000000     -0.000357 -0.004423 0.003679 0.999961 0.000000 0.000000 0.000000     0.601000 0.011000 0.076500 0.100035 -0.547560 0.784824 0.272401     0.600722 0.011032 0.076484 0.100187 -0.547599 0.784773 0.272452     0.000435 0.002652 -0.003817 0.999995 -0.000045 -0.001898 0.002647     0.601386 0.013679 0.072701 0.100777 -0.550156 0.783193 0.271590     0.600092 0.014405 0.072623 0.101433 -0.549745 0.783145 0.272351     
0.596000 0.014000 0.063000 0.000000 -0.707100 0.707100 0.000000     0.596000 0.014000 0.059500 0.016680 -0.710294 0.703690 0.002132     0.000213 -0.000452 -0.003399 0.999809 0.013302 -0.010287 0.004669     0.600775 0.015778 0.069651 0.114105 -0.552613 0.777495 0.277634     0.601065 0.015090 0.069477 0.114142 -0.552772 0.777347 0.277753     0.001204 0.000115 0.001942 0.999853 -0.014154 0.008658 -0.004334     0.602170 0.016136 0.071455 0.100738 -0.548374 0.784693 0.270879     0.600848 0.016843 0.071457 0.101831 -0.548109 0.784704 0.271010     
0.596000 0.014000 0.063000 0.000000 -0.707100 0.707100 0.000000     0.596000 0.014000 0.063000 0.031517 -0.698148 0.715191 -0.008909     -0.000240 0.000540 -0.000323 0.999352 0.015986 -0.028585 -0.012051     0.600461 0.015561 0.073328 0.134445 -0.543955 0.783731 0.267924     0.600367 0.015831 0.073051 0.134759 -0.543842 0.783758 0.267955     0.001149 -0.001621 -0.000057 0.999509 -0.010995 0.026214 0.013149     0.602099 0.014287 0.072986 0.104331 -0.548449 0.782664 0.275203     0.600704 0.014833 0.073053 0.105657 -0.548364 0.782766 0.274611     
0.596000 0.014000 0.063000 0.000000 -0.707100 0.707100 0.000000     0.596000 0.014000 0.066500 0.003666 -0.707917 0.706230 -0.007829     -0.000251 0.000349 0.003411 0.999923 -0.002944 -0.008128 0.001193     0.600832 0.016071 0.076568 0.104473 -0.550984 0.784130 0.265749     0.600711 0.016278 0.076533 0.104855 -0.550884 0.784082 0.265985     0.000782 -0.002368 -0.002871 0.999974 0.003636 0.005157 0.003460     0.601703 0.013664 0.073661 0.101510 -0.551932 0.781776 0.271797     0.600446 0.014448 0.073496 0.102222 -0.551759 0.781467 0.272805     
0.596000 0.014000 0.063000 0.000000 -0.707100 0.707100 0.000000     0.596000 0.019000 0.059500 0.004665 0.709862 -0.703477 -0.034290     -0.000073 0.004676 -0.003719 0.999352 0.020948 0.027544 0.004514     0.601529 0.020633 0.069286 0.088596 -0.541170 0.778923 0.304211     0.601585 0.020297 0.069183 0.088587 -0.541172 0.778930 0.304226     0.001049 -0.005762 0.001307 0.999473 -0.015039 -0.028246 -0.005415     0.602037 0.015112 0.070837 0.104060 -0.546593 0.783515 0.276571     0.600748 0.015827 0.070812 0.104141 -0.546639 0.783412 0.276778     
0.596000 0.014000 0.063000 0.000000 -0.707100 0.707100 0.000000     0.596000 0.019000 0.063000 0.012611 -0.698620 0.715365 -0.002310     0.000161 0.004669 -0.000099 0.999809 0.007284 -0.010550 -0.011840     0.600832 0.020737 0.073131 0.115514 -0.540329 0.788148 0.271115     0.601025 0.020400 0.073005 0.115515 -0.540334 0.788155 0.271122     0.000186 -0.005683 -0.001293 0.999843 -0.004500 0.012250 0.011987     0.601220 0.015263 0.071700 0.100160 -0.546890 0.784183 0.275529     0.599992 0.016099 0.071712 0.100467 -0.546900 0.784095 0.275685     
0.596000 0.014000 0.063000 0.000000 -0.707100 0.707100 0.000000     0.596000 0.019000 0.066500 0.023774 -0.724437 0.688901 0.004621     -0.000208 0.005272 0.003431 0.999352 0.020078 -0.013543 0.025127     0.600630 0.020836 0.076708 0.114753 -0.568628 0.763763 0.283091     0.600613 0.020958 0.076632 0.115296 -0.568538 0.763622 0.283465     0.000090 -0.005232 -0.003501 0.999297 -0.022386 0.009633 -0.028497     0.601025 0.015785 0.073028 0.102652 -0.546304 0.786873 0.268002     0.599679 0.016444 0.073039 0.103059 -0.546127 0.787507 0.266377     
0.596000 0.014000 0.063000 0.000000 -0.707100 0.707100 0.000000     0.596000 0.024000 0.059500 0.019982 -0.710789 0.702550 -0.028013     -0.000170 0.010475 -0.003487 0.999352 -0.005678 -0.033937 0.005826     0.600287 0.026169 0.069792 0.121912 -0.561611 0.779308 0.249778     0.600194 0.026332 0.069713 0.122275 -0.561502 0.779273 0.249996     0.000906 -0.011829 0.002462 0.999597 0.003641 0.028105 -0.001489     0.601771 0.014253 0.072011 0.102378 -0.552761 0.782347 0.268117     0.600630 0.015205 0.071856 0.103046 -0.552733 0.782216 0.268340     
0.596000 0.014000 0.063000 0.000000 -0.707100 0.707100 0.000000     0.596000 0.024000 0.063000 0.021022 0.716983 -0.696732 -0.006185     -0.000650 0.010357 0.000721 0.999618 -0.010491 0.019237 0.014320     0.601318 0.026355 0.072756 0.075257 -0.554420 0.781496 0.276041     0.601264 0.026430 0.072875 0.075382 -0.554363 0.781504 0.276135     0.002833 -0.011643 0.000150 0.999530 0.011784 -0.024025 -0.014934     0.603739 0.014326 0.073203 0.104652 -0.548234 0.784348 0.270677     0.602548 0.015227 0.073170 0.105122 -0.548078 0.784312 0.270952     
0.596000 0.014000 0.063000 0.000000 -0.707100 0.707100 0.000000     0.596000 0.024000 0.066500 0.000585 0.704582 -0.709564 0.007962     -0.000575 0.010390 0.004014 0.999923 -0.006044 -0.005217 -0.003522     0.600910 0.026086 0.076527 0.101775 -0.546800 0.787847 0.264439     0.600514 0.026186 0.076750 0.101922 -0.546776 0.787824 0.264539     0.001231 -0.010923 -0.003974 0.999949 0.007320 -0.002435 0.006527     0.602065 0.015079 0.072606 0.105965 -0.551813 0.782055 0.269525     0.600962 0.016050 0.072354 0.106116 -0.551808 0.781993 0.269693     
0.596000 0.014000 0.063000 0.000000 -0.707100 0.707100 0.000000     0.601000 0.004000 0.059500 0.003180 -0.712339 0.701807 0.003254     0.004835 -0.009770 -0.003295 0.999923 0.004549 0.000052 0.007447     0.605971 0.005983 0.069518 0.100452 -0.552914 0.779483 0.276735     0.606066 0.005882 0.069718 0.101328 -0.552612 0.778844 0.278845     -0.003598 0.009501 0.001451 0.999975 -0.003407 -0.004644 -0.004193     0.602296 0.015512 0.071001 0.103346 -0.551259 0.782258 0.271083     0.600953 0.016172 0.071088 0.103861 -0.551150 0.782345 0.270892     
0.596000 0.014000 0.063000 0.000000 -0.707100 0.707100 0.000000     0.601000 0.004000 0.063000 0.007397 0.710308 -0.703838 0.000706     0.004405 -0.009854 0.000815 0.999923 -0.005730 0.004731 0.004575     0.606075 0.006160 0.072928 0.091934 -0.550414 0.784323 0.270942     0.606279 0.006050 0.073305 0.091995 -0.550441 0.784141 0.271429     -0.003602 0.008887 -0.003038 0.999907 0.008851 -0.009873 -0.003285     0.602290 0.014838 0.070025 0.105430 -0.549647 0.782752 0.272123     0.601029 0.015567 0.070353 0.105678 -0.549913 0.782558 0.272086     
0.596000 0.014000 0.063000 0.000000 -0.707100 0.707100 0.000000     0.601000 0.004000 0.066500 0.000145 0.703390 -0.710756 0.007000     0.004739 -0.009646 0.003801 0.999923 -0.005052 -0.004847 -0.005208     0.605924 0.006050 0.076528 0.102487 -0.545277 0.788537 0.265250     0.605879 0.006171 0.076734 0.103133 -0.544961 0.788360 0.266214     -0.003553 0.009680 -0.003017 0.999923 0.003882 0.011374 0.003206     0.602585 0.015685 0.073412 0.094777 -0.544348 0.786864 0.274821     0.601439 0.016610 0.073141 0.096183 -0.544155 0.786826 0.274862     
0.596000 0.014000 0.063000 0.000000 -0.707100 0.707100 0.000000     0.601000 0.009000 0.059500 0.007854 -0.711780 0.701936 0.023981     0.004515 -0.004563 -0.003436 0.999618 0.022510 0.011403 0.006961     0.606202 0.010622 0.069465 0.101480 -0.547477 0.775753 0.296916     0.605922 0.010844 0.069504 0.102006 -0.547409 0.775715 0.296993     -0.004817 0.004716 0.002638 0.999757 -0.015883 -0.013931 -0.006367     0.601129 0.015591 0.072189 0.105457 -0.548153 0.782352 0.276249     0.599831 0.016267 0.072442 0.105707 -0.548593 0.781988 0.276345     
0.596000 0.014000 0.063000 0.000000 -0.707100 0.707100 0.000000     0.601000 0.009000 0.063000 0.017279 0.708673 -0.705311 -0.000593     0.004308 -0.004482 0.000274 0.999809 -0.011799 0.012637 0.002377     0.606240 0.011258 0.072820 0.082993 -0.547080 0.787881 0.270257     0.605873 0.011442 0.072730 0.083516 -0.547048 0.787866 0.270241     -0.003080 0.002633 0.000305 0.999779 0.012974 -0.016501 0.000811     0.602830 0.013642 0.073348 0.102854 -0.550981 0.782388 0.271459     0.601558 0.014427 0.073444 0.103856 -0.550679 0.782437 0.271586     
0.596000 0.014000 0.063000 0.000000 -0.707100 0.707100 0.000000     0.601000 0.009000 0.066500 0.010564 -0.716232 0.697753 -0.004716     0.004442 -0.004445 0.003457 0.999809 0.004135 -0.010805 0.013066     0.605730 0.011044 0.076622 0.107204 -0.560261 0.775343 0.270996     0.605409 0.011372 0.076568 0.108035 -0.559966 0.775376 0.271216     -0.003471 0.002838 -0.003159 0.999922 -0.000571 0.009234 -0.008447     0.602479 0.013811 0.073371 0.102006 -0.551227 0.781159 0.274800     0.601265 0.014671 0.073396 0.103021 -0.550994 0.781089 0.275122     
0.596000 0.014000 0.063000 0.000000 -0.707100 0.707100 0.000000     0.601000 0.014000 0.059500 0.018246 -0.718418 0.695297 -0.009220     0.005136 -0.000613 -0.003444 0.999618 0.006382 -0.019421 0.016348     0.605541 0.016027 0.069711 0.114284 -0.564855 0.771922 0.268318     0.605707 0.015398 0.069761 0.114591 -0.565203 0.771373 0.269070     -0.005222 -0.001698 0.002193 0.999798 -0.003896 0.014491 -0.013336     0.600667 0.014283 0.071752 0.104453 -0.551004 0.782001 0.271918     0.599551 0.015239 0.071541 0.104809 -0.550923 0.781827 0.272482     
0.596000 0.014000 0.063000 0.000000 -0.707100 0.707100 0.000000     0.601000 0.014000 0.063000 0.021370 -0.724097 0.689242 0.012403     0.004892 -0.000303 -0.000320 0.999352 0.023880 -0.006341 0.024646     0.605779 0.015760 0.073152 0.111313 -0.565908 0.763711 0.289971     0.606013 0.015339 0.073258 0.111314 -0.565917 0.763716 0.289974     -0.005250 -0.001333 -0.000318 0.999639 -0.015877 0.003779 -0.021334     0.600684 0.014540 0.072740 0.105587 -0.550082 0.780533 0.277505     0.599317 0.015135 0.072906 0.107158 -0.549887 0.780323 0.277918     
0.596000 0.014000 0.063000 0.000000 -0.707100 0.707100 0.000000     0.601000 0.014000 0.066500 0.011262 0.699344 -0.714372 0.021106     0.004405 0.000319 0.004130 0.999618 -0.022887 -0.006960 -0.010626     0.605907 0.016352 0.076469 0.095825 -0.543218 0.795912 0.249471     0.605792 0.016464 0.076716 0.096047 -0.543145 0.795866 0.249731     -0.004842 0.000426 -0.004724 0.999560 0.025299 0.006093 0.014236     0.601125 0.016412 0.071795 0.101125 -0.550365 0.782101 0.274171     0.599758 0.017022 0.071878 0.101809 -0.550314 0.782203 0.273767     
0.596000 0.014000 0.063000 0.000000 -0.707100 0.707100 0.000000     0.601000 0.019000 0.059500 -0.000000 0.707100 -0.707100 -0.000000     0.004924 0.005274 -0.003462 0.999961 0.000000 0.000000 0.000000     0.606000 0.021000 0.069500 0.100035 -0.547560 0.784824 0.272401     0.606144 0.020885 0.069639 0.099970 -0.547571 0.784711 0.272765     -0.003868 -0.005789 0.003546 0.999990 0.004345 0.000665 -0.000246     0.602146 0.015122 0.073056 0.101958 -0.546745 0.783834 0.276148     0.600985 0.016055 0.072899 0.102430 -0.546713 0.783758 0.276289     
0.596000 0.014000 0.063000 0.000000 -0.707100 0.707100 0.000000     0.601000 0.019000 0.063000 0.007691 -0.724120 0.689595 0.005486     0.004990 0.005248 0.000008 0.999618 0.009317 -0.001560 0.024412     0.605870 0.021054 0.073053 0.099677 -0.566025 0.768494 0.281209     0.606022 0.021075 0.073106 0.100236 -0.565913 0.768154 0.282197     -0.005050 -0.005767 -0.000969 0.999736 -0.004489 -0.004259 -0.022124     0.600822 0.015162 0.072107 0.106604 -0.550518 0.781651 0.273069     0.599672 0.016063 0.071864 0.107175 -0.550419 0.781400 0.273801     
0.596000 0.014000 0.063000 0.000000 -0.707100 0.707100 0.000000     0.601000 0.019000 0.066500 0.007521 0.704122 -0.710024 0.001471     0.004668 0.005378 0.003827 0.999923 -0.006358 0.004278 -0.004173     0.606102 0.021085 0.076431 0.094328 -0.543734 0.789239 0.269326     0.606256 0.021054 0.076669 0.094277 -0.543717 0.788923 0.270342     -0.003618 -0.003815 -0.003647 0.999915 0.007311 -0.006849 0.008287     0.602313 0.017207 0.072882 0.101469 -0.551384 0.782052 0.272131     0.600997 0.017886 0.072953 0.101950 -0.551456 0.781788 0.272601     
0.596000 0.014000 0.063000 0.000000 -0.707100 0.707100 0.000000     0.601000 0.024000 0.059500 0.012872 -0.714624 0.699361 0.004734     0.004391 0.010354 -0.002746 0.999809 0.012449 -0.005754 0.010793     0.605843 0.025856 0.069605 0.108413 -0.556269 0.774828 0.280059     0.605751 0.025883 0.070021 0.108561 -0.556233 0.774768 0.280274     -0.003470 -0.009801 0.002674 0.999878 -0.008384 0.001237 -0.013129     0.602447 0.016096 0.072236 0.106454 -0.546591 0.784519 0.272793     0.601271 0.017018 0.072140 0.106870 -0.546571 0.784515 0.272717     
0.596000 0.014000 0.063000 0.000000 -0.707100 0.707100 0.000000     0.601000 0.024000 0.063000 0.002877 0.715296 -0.698689 0.012586     0.005010 0.009709 -0.000193 0.999809 -0.010934 -0.006865 0.011742     0.605812 0.026334 0.073020 0.096222 -0.559656 0.780566 0.261194     0.605864 0.026015 0.072853 0.096221 -0.559659 0.780574 0.261202     -0.001898 -0.011278 -0.000637 0.999811 0.015055 0.003811 -0.011675     0.604039 0.014640 0.072410 0.104703 -0.547993 0.783388 0.273905     0.602868 0.015530 0.072597 0.104650 -0.548045 0.783233 0.274301     
0.596000 0.014000 0.063000 0.000000 -0.707100 0.707100 0.000000     0.601000 0.024000 0.066500 -0.000000 0.707100 -0.707100 -0.000000     0.004871 0.010055 0.003992 0.999961 0.000000 0.000000 0.000000     0.606000 0.026000 0.076500 0.100035 -0.547560 0.784824 0.272401     0.606661 0.025895 0.076402 0.099896 -0.547599 0.784618 0.273003     -0.003378 -0.011128 -0.003388 0.999970 0.006614 -0.002992 0.002817     0.602551 0.014767 0.073167 0.105234 -0.549907 0.781157 0.276228     0.601292 0.015542 0.073311 0.105409 -0.549921 0.781113 0.276295     
0.596000 0.014000 0.063000 0.000000 -0.707100 0.707100 0.000000     0.606000 0.004000 0.059500 0.005347 0.709359 -0.704625 -0.016272     0.010164 -0.009769 -0.003822 0.999809 0.007725 0.015287 0.003347     0.611291 0.005881 0.069373 0.091340 -0.545167 0.782296 0.287128     0.611704 0.005854 0.069232 0.091578 -0.545095 0.781972 0.288104     -0.009553 0.007175 0.004451 0.999892 -0.005094 -0.013601 -0.002079     0.601475 0.013136 0.073945 0.099790 -0.547852 0.783566 0.275508     0.600217 0.013923 0.074094 0.100921 -0.547456 0.783449 0.276251     
0.596000 0.014000 0.063000 0.000000 -0.707100 0.707100 0.000000     0.606000 0.004000 0.063000 0.000945 0.702799 -0.711347 0.006223     0.009996 -0.009833 0.000374 0.999923 -0.005069 -0.003732 -0.006044     0.610950 0.006041 0.073017 0.101831 -0.544319 0.789111 0.265764     0.611258 0.005914 0.073423 0.101524 -0.544420 0.788849 0.266490     -0.009268 0.006802 0.000501 0.999952 0.006201 0.002642 0.007069     0.601706 0.012789 0.073516 0.101238 -0.548538 0.783847 0.272803     0.600479 0.013608 0.073515 0.101555 -0.548495 0.783701 0.273224     
0.596000 0.014000 0.063000 0.000000 -0.707100 0.707100 0.000000     0.606000 0.004000 0.066500 -0.000000 0.707100 -0.707100 -0.000000     0.009310 -0.009459 0.003805 0.999961 0.000000 0.000000 0.000000     0.611000 0.006000 0.076500 0.100035 -0.547560 0.784824 0.272401     0.610860 0.006275 0.076458 0.100454 -0.547470 0.784786 0.272574     -0.009264 0.006985 -0.004180 0.999992 0.001249 -0.001163 0.003750     0.601697 0.012997 0.072337 0.100609 -0.550690 0.782307 0.273118     0.600380 0.013701 0.072470 0.102131 -0.550331 0.782546 0.272631     
0.596000 0.014000 0.063000 0.000000 -0.707100 0.707100 0.000000     0.606000 0.009000 0.059500 0.000189 -0.704148 0.709568 -0.025894     0.009768 -0.004629 -0.003692 0.999618 -0.018175 -0.018443 -0.003832     0.610646 0.011329 0.069599 0.105567 -0.551207 0.789760 0.247560     0.610505 0.011552 0.069421 0.105953 -0.551083 0.789770 0.247678     -0.009135 0.003420 0.002833 0.999647 0.019558 0.017572 0.003805     0.601848 0.014391 0.072347 0.101491 -0.547603 0.784397 0.273007     0.600498 0.015043 0.072388 0.102695 -0.547302 0.784594 0.272629     
0.596000 0.014000 0.063000 0.000000 -0.707100 0.707100 0.000000     0.606000 0.009000 0.063000 0.008841 0.723786 -0.689552 0.023533     0.009377 -0.004476 0.000293 0.999352 -0.022892 -0.010389 0.024206     0.610678 0.011692 0.072993 0.088998 -0.571345 0.776288 0.251002     0.611098 0.011805 0.072674 0.089766 -0.571054 0.775842 0.252799     -0.008725 0.001950 0.000136 0.999637 0.021216 0.005392 -0.015708     0.602137 0.013067 0.073180 0.100845 -0.555702 0.780135 0.269063     0.600899 0.013886 0.073158 0.102204 -0.555187 0.779973 0.270119     
0.596000 0.014000 0.063000 0.000000 -0.707100 0.707100 0.000000     0.606000 0.009000 0.066500 0.033666 0.704046 -0.709292 -0.008415     0.009678 -0.004506 0.003637 0.999352 -0.017854 0.029755 -0.003709     0.611600 0.011311 0.076107 0.067854 -0.537996 0.794217 0.274145     0.611703 0.011275 0.076224 0.068782 -0.537613 0.793804 0.275892     -0.008996 0.001147 -0.003165 0.999324 0.016562 -0.031394 0.009523     0.601945 0.012233 0.073346 0.099042 -0.552678 0.781887 0.270870     0.600819 0.013178 0.073573 0.099991 -0.552311 0.781604 0.272121     
0.596000 0.014000 0.063000 0.000000 -0.707100 0.707100 0.000000     0.606000 0.014000 0.059500 0.001401 0.700996 -0.713151 -0.000562     0.009220 0.000689 -0.003112 0.999923 -0.000593 0.001388 -0.008595     0.611061 0.015925 0.069484 0.100957 -0.540475 0.789801 0.271826     0.610492 0.016274 0.069459 0.101094 -0.540439 0.789830 0.271799     -0.008760 -0.003121 0.002824 0.999976 0.002905 -0.003001 0.005612     0.602219 0.012803 0.072349 0.103370 -0.545416 0.785656 0.273058     0.600912 0.013538 0.072337 0.104724 -0.544976 0.785801 0.273041     
0.596000 0.014000 0.063000 0.000000 -0.707100 0.707100 0.000000     0.606000 0.014000 0.063000 0.005102 0.707734 -0.706413 0.007017     0.009509 0.000461 0.000019 0.999923 -0.008570 -0.001354 0.000934     0.610969 0.016181 0.072978 0.096146 -0.549498 0.786482 0.265017     0.610789 0.016424 0.072923 0.096768 -0.549316 0.786458 0.265276     -0.008993 -0.002863 0.000456 0.999951 0.009833 -0.000921 -0.001131     0.601963 0.013109 0.073484 0.102569 -0.547880 0.784370 0.272123     0.600684 0.013887 0.073449 0.104198 -0.547179 0.784426 0.272788     
0.596000 0.014000 0.063000 0.000000 -0.707100 0.707100 0.000000     0.606000 0.014000 0.066500 -0.000000 0.707100 -0.707100 -0.000000     0.009775 -0.000314 0.003318 0.999961 0.000000 0.000000 0.000000     0.611000 0.016000 0.076500 0.100035 -0.547560 0.784824 0.272401     0.610852 0.015632 0.076221 0.100002 -0.547590 0.784829 0.272375     -0.008983 -0.001367 -0.003095 0.999998 0.002068 0.000757 -0.000108     0.602032 0.014590 0.073405 0.100602 -0.547061 0.784394 0.274427     0.600719 0.015295 0.073566 0.101999 -0.546578 0.784412 0.274858     
0.596000 0.014000 0.063000 0.000000 -0.707100 0.707100 0.000000     0.606000 0.019000 0.059500 0.003185 -0.700931 0.713053 -0.014865     0.009427 0.005509 -0.003017 0.999809 -0.008259 -0.012763 -0.008571     0.610778 0.021082 0.069591 0.107849 -0.545052 0.790371 0.258032     0.610678 0.021410 0.069783 0.108196 -0.544925 0.790343 0.258279     -0.009274 -0.005354 0.003006 0.999902 0.005964 0.010290 0.007374     0.601681 0.015680 0.072522 0.101053 -0.547528 0.785845 0.269124     0.600490 0.016390 0.071961 0.102582 -0.547046 0.786161 0.268644     
0.596000 0.014000 0.063000 0.000000 -0.707100 0.707100 0.000000     0.606000 0.019000 0.063000 0.007037 -0.710720 0.703426 -0.000186     0.009526 0.005407 0.000579 0.999923 0.004844 -0.005107 0.005157     0.610877 0.020954 0.073070 0.105287 -0.552493 0.780140 0.273913     0.610877 0.021027 0.073216 0.105555 -0.552415 0.780088 0.274150     -0.009327 -0.005926 -0.001635 0.999990 0.000853 0.001039 -0.004300     0.601587 0.014968 0.071428 0.106124 -0.548759 0.782383 0.274697     0.600296 0.015705 0.071592 0.106601 -0.548781 0.782324 0.274671     
0.596000 0.014000 0.063000 0.000000 -0.707100 0.707100 0.000000     0.606000 0.019000 0.066500 0.001632 0.688059 -0.725280 0.022860     0.009951 0.005301 0.003842 0.999352 -0.017318 -0.015011 -0.026318     0.610806 0.021090 0.076576 0.109441 -0.532392 0.801973 0.247791     0.611016 0.021126 0.076793 0.109499 -0.532371 0.801933 0.247980     -0.010469 -0.004497 -0.003295 0.999460 0.017628 0.011169 0.025381     0.600458 0.016485 0.073244 0.103521 -0.547763 0.784882 0.270518     0.599189 0.017281 0.073242 0.105216 -0.547155 0.785279 0.269977     
0.596000 0.014000 0.063000 0.000000 -0.707100 0.707100 0.000000     0.606000 0.024000 0.059500 -0.000000 0.707100 -0.707100 -0.000000     0.008828 0.009999 -0.002670 0.999961 0.000000 0.000000 0.000000     0.611000 0.026000 0.069500 0.100035 -0.547560 0.784824 0.272401     0.609804 0.025715 0.070186 0.099946 -0.547703 0.784763 0.272358     -0.007120 -0.010643 0.003709 0.999987 0.004068 -0.001846 0.002565     0.603832 0.015302 0.073243 0.103011 -0.549661 0.782116 0.274837     0.602665 0.016218 0.073086 0.103967 -0.549304 0.782288 0.274740     
0.596000 0.014000 0.063000 0.000000 -0.707100 0.707100 0.000000     0.606000 0.024000 0.063000 0.005126 -0.704839 0.709307 -0.006316     0.010116 0.009617 -0.000106 0.999923 -0.000841 -0.008091 -0.003159     0.610850 0.025986 0.073076 0.106781 -0.547348 0.785944 0.266984     0.611045 0.025580 0.072911 0.106777 -0.547352 0.785949 0.266999     -0.008268 -0.012164 0.000656 0.999988 0.001813 0.003102 0.003277     0.602631 0.013817 0.073709 0.104459 -0.548895 0.783988 0.270454     0.601507 0.014774 0.073494 0.105609 -0.548629 0.783933 0.270743     
0.596000 0.014000 0.063000 0.000000 -0.707100 0.707100 0.000000     0.606000 0.024000 0.066500 0.027538 0.691510 -0.721828 0.000204     0.009571 0.010450 0.003756 0.999352 -0.019616 0.019327 -0.021437     0.611471 0.026162 0.076216 0.079903 -0.527099 0.803362 0.265279     0.611921 0.026236 0.075932 0.080563 -0.526859 0.802934 0.266884     -0.008339 -0.011785 -0.003474 0.999352 0.020222 -0.022600 0.019363     0.602605 0.014180 0.073061 0.103530 -0.546692 0.785465 0.270987     0.601413 0.015083 0.072979 0.104621 -0.546420 0.785602 0.270756     
