0.596000 0.014000 0.063000 0.000000 -0.707100 0.707100 0.000000     0.596000 0.014000 0.063000 -0.000000 0.707100 -0.707100 -0.000000     0.000000 0.000000 0.000000 0.000000 0.000000 0.000000 0.000000     0.601000 0.016000 0.073000 0.100035 -0.547560 0.784824 0.272401     0.599961 0.017017 0.073305 0.099595 -0.547609 0.784675 0.272930     -0.000000 -0.000000 -0.000000 1.000000 -0.000000 -0.000000 -0.000000     0.601000 0.016000 0.073000 0.100035 -0.547560 0.784824 0.272401     0.602153 0.015165 0.072556 0.099576 -0.548674 0.784597 0.271013     
0.596000 0.014000 0.063000 0.000000 -0.707100 0.707100 0.000000     0.586000 0.004000 0.058000 0.020923 -0.717963 0.695752 0.000881     0.000000 0.000000 0.000000 0.000000 0.000000 0.000000 0.000000     0.590653 0.005840 0.068196 0.115287 -0.562017 0.770338 0.278219     0.590538 0.006023 0.067861 0.117467 -0.561678 0.769508 0.280316     0.010000 0.010000 0.005000 0.999657 -0.015418 0.014172 -0.015706     0.601000 0.016000 0.073000 0.100035 -0.547560 0.784824 0.272401     0.603289 0.015233 0.072678 0.095803 -0.548289 0.783260 0.276957     
0.596000 0.014000 0.063000 0.000000 -0.707100 0.707100 0.000000     0.586000 0.004000 0.063000 0.002418 0.707700 -0.706447 0.008338     0.000000 0.000000 0.000000 0.000000 0.000000 0.000000 0.000000     0.590912 0.006161 0.073010 0.098910 -0.550135 0.785962 0.264218     0.590681 0.006342 0.072895 0.101218 -0.549602 0.785133 0.266944     0.010000 0.010000 -0.000000 0.999962 0.007606 0.004186 -0.000886     0.601000 0.016000 0.073000 0.100035 -0.547560 0.784824 0.272401     0.602878 0.015571 0.072278 0.098445 -0.547760 0.783787 0.275581     
0.596000 0.014000 0.063000 0.000000 -0.707100 0.707100 0.000000     0.586000 0.004000 0.068000 0.033428 -0.725914 0.686940 0.005073     0.000000 0.000000 0.000000 0.000000 0.000000 0.000000 0.000000     0.590490 0.005709 0.078292 0.123076 -0.571405 0.759566 0.285286     0.589299 0.006604 0.078214 0.124368 -0.570871 0.759370 0.286351     0.010000 0.010000 -0.005000 0.999048 -0.027224 0.020051 -0.027558     0.601000 0.016000 0.073000 0.100035 -0.547560 0.784824 0.272401     0.603347 0.015245 0.072607 0.095614 -0.548400 0.783166 0.277068     
0.596000 0.014000 0.063000 0.000000 -0.707100 0.707100 0.000000     0.586000 0.009000 0.058000 0.020772 0.682804 -0.730050 -0.018843     0.000000 0.000000 0.000000 0.000000 0.000000 0.000000 0.000000     0.591675 0.010670 0.067696 0.086307 -0.513325 0.805544 0.283068     0.591008 0.010621 0.067858 0.087705 -0.513355 0.804830 0.284645     0.010000 0.005000 0.005000 0.999048 0.001364 -0.028013 0.033408     0.601000 0.016000 0.073000 0.100035 -0.547560 0.784824 0.272401     0.603364 0.015398 0.072257 0.096780 -0.548246 0.782978 0.277499     
0.596000 0.014000 0.063000 0.000000 -0.707100 0.707100 0.000000     0.586000 0.009000 0.063000 0.001113 0.702935 -0.711212 0.006376     0.000000 0.000000 0.000000 0.000000 0.000000 0.000000 0.000000     0.590949 0.011048 0.073016 0.101647 -0.544489 0.789069 0.265611     0.590773 0.011050 0.072300 0.103852 -0.544828 0.788161 0.266795     0.010000 0.005000 -0.000000 0.999962 0.005296 0.003722 0.005853     0.601000 0.016000 0.073000 0.100035 -0.547560 0.784824 0.272401     0.602754 0.015495 0.072284 0.098460 -0.547723 0.783912 0.275295     
0.596000 0.014000 0.063000 0.000000 -0.707100 0.707100 0.000000     0.586000 0.009000 0.068000 0.013843 0.714378 -0.699606 0.001960     0.000000 0.000000 0.000000 0.000000 0.000000 0.000000 0.000000     0.591122 0.011328 0.077867 0.084461 -0.554503 0.782869 0.269236     0.590554 0.011670 0.077309 0.086657 -0.554272 0.782652 0.269684     0.010000 0.005000 -0.005000 0.999848 0.011175 -0.008403 -0.010445     0.601000 0.016000 0.073000 0.100035 -0.547560 0.784824 0.272401     0.603464 0.015304 0.072437 0.096170 -0.546788 0.784151 0.277276     
0.596000 0.014000 0.063000 0.000000 -0.707100 0.707100 0.000000     0.586000 0.014000 0.058000 0.000487 -0.703401 0.710583 0.016690     0.000000 0.000000 0.000000 0.000000 0.000000 0.000000 0.000000     0.591247 0.015706 0.067928 0.099061 -0.539155 0.785323 0.287658     0.589967 0.016484 0.067987 0.100947 -0.538643 0.785333 0.287968     0.010000 -0.000000 0.005000 0.999848 -0.012146 -0.011457 0.005079     0.601000 0.016000 0.073000 0.100035 -0.547560 0.784824 0.272401     0.603316 0.015121 0.072142 0.097904 -0.548581 0.782631 0.277421     
0.596000 0.014000 0.063000 0.000000 -0.707100 0.707100 0.000000     0.586000 0.014000 0.063000 0.010855 0.697491 -0.716494 0.002492     0.000000 0.000000 0.000000 0.000000 0.000000 0.000000 0.000000     0.591172 0.016051 0.072902 0.093871 -0.536264 0.795224 0.266847     0.590982 0.016010 0.072465 0.095901 -0.536457 0.794469 0.268022     0.010000 -0.000000 -0.000000 0.999848 0.009437 -0.005914 0.013437     0.601000 0.016000 0.073000 0.100035 -0.547560 0.784824 0.272401     0.602676 0.015455 0.072765 0.097526 -0.548151 0.783944 0.274685     
0.596000 0.014000 0.063000 0.000000 -0.707100 0.707100 0.000000     0.586000 0.014000 0.068000 0.000915 -0.701188 0.712797 0.015374     0.000000 0.000000 0.000000 0.000000 0.000000 0.000000 0.000000     0.591234 0.015686 0.077938 0.100538 -0.537096 0.787085 0.286177     0.591027 0.015764 0.077786 0.102382 -0.537123 0.786197 0.287943     0.010000 -0.000000 -0.005000 0.999848 -0.011518 -0.010224 0.008209     0.601000 0.016000 0.073000 0.100035 -0.547560 0.784824 0.272401     0.603386 0.015066 0.072236 0.096543 -0.549093 0.782298 0.277824     
0.596000 0.014000 0.063000 0.000000 -0.707100 0.707100 0.000000     0.586000 0.019000 0.058000 0.011610 0.698455 -0.715529 -0.004902     0.000000 0.000000 0.000000 0.000000 0.000000 0.000000 0.000000     0.591280 0.020970 0.067861 0.091547 -0.535295 0.793775 0.273823     0.590964 0.021316 0.067582 0.094311 -0.534815 0.793273 0.275313     0.010000 -0.005000 0.005000 0.999848 0.004743 -0.011676 0.012073     0.601000 0.016000 0.073000 0.100035 -0.547560 0.784824 0.272401     0.602902 0.015408 0.072717 0.096966 -0.548353 0.783454 0.275875     
0.596000 0.014000 0.063000 0.000000 -0.707100 0.707100 0.000000     0.586000 0.019000 0.063000 0.005718 -0.702677 0.711469 -0.002190     0.000000 0.000000 0.000000 0.000000 0.000000 0.000000 0.000000     0.590912 0.020888 0.073065 0.107479 -0.543933 0.786960 0.270665     0.589627 0.021626 0.072864 0.108994 -0.543685 0.786683 0.271398     0.010000 -0.005000 -0.000000 0.999962 -0.002495 0.005592 0.006217     0.601000 0.016000 0.073000 0.100035 -0.547560 0.784824 0.272401     0.601823 0.015467 0.072473 0.098444 -0.548299 0.784102 0.273606     
0.596000 0.014000 0.063000 0.000000 -0.707100 0.707100 0.000000     0.586000 0.019000 0.068000 0.005227 0.689546 -0.724169 -0.007649     0.000000 0.000000 0.000000 0.000000 0.000000 0.000000 0.000000     0.591272 0.020714 0.077913 0.100461 -0.525506 0.798405 0.276189     0.590930 0.020934 0.077725 0.102873 -0.524922 0.797979 0.277676     0.010000 -0.005000 -0.005000 0.999657 -0.001713 -0.009105 0.024483     0.601000 0.016000 0.073000 0.100035 -0.547560 0.784824 0.272401     0.602634 0.015168 0.072585 0.098436 -0.549411 0.782813 0.275066     
0.596000 0.014000 0.063000 0.000000 -0.707100 0.707100 0.000000     0.586000 0.024000 0.058000 0.015390 -0.712770 0.701215 0.000987     0.000000 0.000000 0.000000 0.000000 0.000000 0.000000 0.000000     0.590763 0.025847 0.068144 0.112127 -0.555505 0.776057 0.276689     0.589867 0.026137 0.067968 0.114952 -0.555382 0.775682 0.276866     0.010000 -0.010000 0.005000 0.999848 -0.011580 0.010184 -0.008171     0.601000 0.016000 0.073000 0.100035 -0.547560 0.784824 0.272401     0.602628 0.015507 0.072503 0.098059 -0.547813 0.784016 0.274962     
0.596000 0.014000 0.063000 0.000000 -0.707100 0.707100 0.000000     0.586000 0.024000 0.063000 0.001058 -0.706953 0.707032 -0.017420     0.000000 0.000000 0.000000 0.000000 0.000000 0.000000 0.000000     0.590738 0.026232 0.073078 0.103953 -0.552149 0.786580 0.256119     0.590290 0.026276 0.072612 0.106638 -0.552076 0.786190 0.256408     0.010000 -0.010000 -0.000000 0.999848 0.011570 0.013066 0.000056     0.601000 0.016000 0.073000 0.100035 -0.547560 0.784824 0.272401     0.599869 0.015783 0.073051 0.101896 -0.548089 0.784617 0.271279     
0.596000 0.014000 0.063000 0.000000 -0.707100 0.707100 0.000000     0.586000 0.024000 0.068000 0.022874 0.680628 -0.732226 0.006945     0.000000 0.000000 0.000000 0.000000 0.000000 0.000000 0.000000     0.591371 0.026039 0.077798 0.089492 -0.517445 0.810925 0.258112     0.590813 0.026213 0.077527 0.092470 -0.517795 0.810186 0.258720     0.010000 -0.010000 -0.005000 0.999048 0.021086 -0.011264 0.036485     0.601000 0.016000 0.073000 0.100035 -0.547560 0.784824 0.272401     0.602230 0.015620 0.073147 0.098604 -0.547877 0.784239 0.274002     
0.596000 0.014000 0.063000 0.000000 -0.707100 0.707100 0.000000     0.591000 0.004000 0.058000 0.014710 0.718531 -0.695184 0.014011     0.000000 0.000000 0.000000 0.000000 0.000000 0.000000 0.000000     0.595934 0.006568 0.067902 0.083995 -0.562226 0.781097 0.258291     0.592686 0.007360 0.068221 0.084603 -0.562095 0.781108 0.258382     0.005000 0.010000 0.005000 0.999657 0.020309 -0.000494 -0.016509     0.601000 0.016000 0.073000 0.100035 -0.547560 0.784824 0.272401     0.603442 0.015398 0.072103 0.098514 -0.547852 0.782666 0.278544     
0.596000 0.014000 0.063000 0.000000 -0.707100 0.707100 0.000000     0.591000 0.004000 0.063000 0.017344 -0.691459 0.721879 0.021318     0.000000 0.000000 0.000000 0.000000 0.000000 0.000000 0.000000     0.596126 0.005233 0.073060 0.118597 -0.526844 0.788958 0.293078     0.595246 0.005419 0.072958 0.121530 -0.526805 0.788465 0.293309     0.005000 0.010000 -0.000000 0.999391 -0.027338 -0.002810 0.021510     0.601000 0.016000 0.073000 0.100035 -0.547560 0.784824 0.272401     0.603263 0.015355 0.072449 0.095150 -0.548562 0.783449 0.276103     
0.596000 0.014000 0.063000 0.000000 -0.707100 0.707100 0.000000     0.591000 0.004000 0.068000 0.029672 -0.719171 0.694168 -0.004997     0.000000 0.000000 0.000000 0.000000 0.000000 0.000000 0.000000     0.595435 0.005813 0.078298 0.123951 -0.566034 0.767460 0.274274     0.594791 0.005854 0.078174 0.126109 -0.566059 0.766950 0.274702     0.005000 0.010000 -0.005000 0.999391 -0.017448 0.024515 -0.017680     0.601000 0.016000 0.073000 0.100035 -0.547560 0.784824 0.272401     0.603070 0.015246 0.072550 0.096177 -0.548576 0.783117 0.276662     
0.596000 0.014000 0.063000 0.000000 -0.707100 0.707100 0.000000     0.591000 0.009000 0.058000 0.024313 0.701539 -0.712176 -0.006126     0.000000 0.000000 0.000000 0.000000 0.000000 0.000000 0.000000     0.596456 0.011175 0.067721 0.078115 -0.536892 0.794330 0.273248     0.593562 0.012103 0.068120 0.079475 -0.536167 0.793556 0.276546     0.005000 0.005000 0.005000 0.999657 0.012860 -0.021524 0.007522     0.601000 0.016000 0.073000 0.100035 -0.547560 0.784824 0.272401     0.602369 0.015510 0.072681 0.100902 -0.547185 0.785234 0.271688     
0.596000 0.014000 0.063000 0.000000 -0.707100 0.707100 0.000000     0.591000 0.009000 0.063000 0.024482 -0.708649 0.705066 0.008913     0.000000 0.000000 0.000000 0.000000 0.000000 0.000000 0.000000     0.595769 0.010548 0.073191 0.120880 -0.549997 0.775634 0.285066     0.594665 0.011439 0.072709 0.121957 -0.549836 0.775469 0.285404     0.005000 0.005000 -0.000000 0.999657 -0.023614 0.011009 -0.002534     0.601000 0.016000 0.073000 0.100035 -0.547560 0.784824 0.272401     0.603081 0.015274 0.072777 0.095341 -0.548547 0.783437 0.276102     
0.596000 0.014000 0.063000 0.000000 -0.707100 0.707100 0.000000     0.591000 0.009000 0.068000 0.008778 0.705215 -0.708770 0.014873     0.000000 0.000000 0.000000 0.000000 0.000000 0.000000 0.000000     0.595925 0.011309 0.077971 0.094929 -0.548351 0.790205 0.256623     0.595338 0.011214 0.077985 0.097454 -0.548405 0.789466 0.257872     0.005000 0.005000 -0.005000 0.999848 0.016724 0.004310 0.002514     0.601000 0.016000 0.073000 0.100035 -0.547560 0.784824 0.272401     0.603283 0.015537 0.072630 0.094798 -0.547739 0.783854 0.276710     
0.596000 0.014000 0.063000 0.000000 -0.707100 0.707100 0.000000     0.591000 0.014000 0.058000 0.034616 0.725060 -0.687794 -0.003161     0.000000 0.000000 0.000000 0.000000 0.000000 0.000000 0.000000     0.596400 0.016711 0.067617 0.059618 -0.562669 0.778379 0.271949     0.593289 0.017150 0.067995 0.060010 -0.562548 0.778377 0.272154     0.005000 -0.000000 0.005000 0.999048 0.022242 -0.026712 -0.026352     0.601000 0.016000 0.073000 0.100035 -0.547560 0.784824 0.272401     0.602344 0.015659 0.072431 0.100040 -0.547563 0.784832 0.272406     
0.596000 0.014000 0.063000 0.000000 -0.707100 0.707100 0.000000     0.591000 0.014000 0.063000 0.004902 0.711518 -0.702628 -0.003551     0.000000 0.000000 0.000000 0.000000 0.000000 0.000000 0.000000     0.596093 0.016083 0.072936 0.093104 -0.550940 0.782211 0.275543     0.594760 0.016746 0.072765 0.093539 -0.550873 0.782200 0.275596     0.005000 -0.000000 -0.000000 0.999962 0.000956 -0.005977 -0.006286     0.601000 0.016000 0.073000 0.100035 -0.547560 0.784824 0.272401     0.602344 0.015399 0.072754 0.098772 -0.548321 0.785003 0.270849     
0.596000 0.014000 0.063000 0.000000 -0.707100 0.707100 0.000000     0.591000 0.014000 0.068000 -0.000000 0.707100 -0.707100 -0.000000     0.000000 0.000000 0.000000 0.000000 0.000000 0.000000 0.000000     0.596000 0.016000 0.078000 0.100035 -0.547560 0.784824 0.272401     0.595977 0.016139 0.077336 0.101996 -0.548540 0.783304 0.274109     0.005000 -0.000000 -0.005000 1.000000 -0.000000 -0.000000 0.000000     0.601000 0.016000 0.073000 0.100035 -0.547560 0.784824 0.272401     0.603408 0.015278 0.072161 0.097492 -0.548416 0.782675 0.277767     
0.596000 0.014000 0.063000 0.000000 -0.707100 0.707100 0.000000     0.591000 0.019000 0.058000 0.005476 -0.705123 0.709023 -0.006209     0.000000 0.000000 0.000000 0.000000 0.000000 0.000000 0.000000     0.595845 0.020983 0.068079 0.106983 -0.547678 0.785619 0.267184     0.593543 0.021218 0.068448 0.108962 -0.547226 0.785187 0.268612     0.005000 -0.005000 0.005000 0.999962 0.000518 0.008263 0.002757     0.601000 0.016000 0.073000 0.100035 -0.547560 0.784824 0.272401     0.602191 0.015413 0.072338 0.099065 -0.547867 0.784095 0.274268     
0.596000 0.014000 0.063000 0.000000 -0.707100 0.707100 0.000000     0.591000 0.019000 0.063000 0.033983 0.704662 -0.708676 0.007422     0.000000 0.000000 0.000000 0.000000 0.000000 0.000000 0.000000     0.596383 0.021547 0.072672 0.069975 -0.542811 0.795754 0.259258     0.595207 0.022459 0.072651 0.071309 -0.542695 0.795341 0.260440     0.005000 -0.005000 -0.000000 0.999391 0.029277 -0.018782 0.002839     0.601000 0.016000 0.073000 0.100035 -0.547560 0.784824 0.272401     0.603368 0.015439 0.072382 0.096625 -0.548049 0.783422 0.276686     
0.596000 0.014000 0.063000 0.000000 -0.707100 0.707100 0.000000     0.591000 0.019000 0.068000 0.027836 0.694018 -0.719321 -0.011089     0.000000 0.000000 0.000000 0.000000 0.000000 0.000000 0.000000     0.596614 0.021043 0.077660 0.076761 -0.526871 0.800122 0.276223     0.595229 0.021604 0.077627 0.077797 -0.526850 0.799930 0.276566     0.005000 -0.005000 -0.005000 0.999391 0.011842 -0.027525 0.017892     0.601000 0.016000 0.073000 0.100035 -0.547560 0.784824 0.272401     0.602314 0.015329 0.072800 0.100663 -0.547226 0.785142 0.271961     
0.596000 0.014000 0.063000 0.000000 -0.707100 0.707100 0.000000     0.591000 0.024000 0.058000 0.007540 -0.696448 0.717537 0.005034     0.000000 0.000000 0.000000 0.000000 0.000000 0.000000 0.000000     0.596019 0.025672 0.068050 0.110341 -0.535366 0.790271 0.276876     0.593954 0.025762 0.068468 0.111477 -0.535109 0.789786 0.278334     0.005000 -0.010000 0.005000 0.999848 -0.008892 0.001772 0.014912     0.601000 0.016000 0.073000 0.100035 -0.547560 0.784824 0.272401     0.601472 0.015388 0.072259 0.100882 -0.548625 0.783548 0.273652     
0.596000 0.014000 0.063000 0.000000 -0.707100 0.707100 0.000000     0.591000 0.024000 0.063000 0.022331 0.697296 -0.716419 0.001928     0.000000 0.000000 0.000000 0.000000 0.000000 0.000000 0.000000     0.596342 0.026200 0.072779 0.082968 -0.534546 0.798075 0.265392     0.594989 0.026845 0.072809 0.084290 -0.534346 0.798320 0.264679     0.005000 -0.010000 -0.000000 0.999657 0.017154 -0.014427 0.013522     0.601000 0.016000 0.073000 0.100035 -0.547560 0.784824 0.272401     0.603258 0.015146 0.072597 0.096206 -0.548329 0.782989 0.277504     
0.596000 0.014000 0.063000 0.000000 -0.707100 0.707100 0.000000     0.591000 0.024000 0.068000 -0.000000 0.707100 -0.707100 -0.000000     0.000000 0.000000 0.000000 0.000000 0.000000 0.000000 0.000000     0.596000 0.026000 0.078000 0.100035 -0.547560 0.784824 0.272401     0.594814 0.026856 0.077670 0.101849 -0.547166 0.784818 0.272573     0.005000 -0.010000 -0.005000 1.000000 -0.000000 0.000000 0.000000     0.601000 0.016000 0.073000 0.100035 -0.547560 0.784824 0.272401     0.602647 0.015348 0.072396 0.099613 -0.549029 0.782644 0.275884     
0.596000 0.014000 0.063000 0.000000 -0.707100 0.707100 0.000000     0.596000 0.004000 0.058000 0.032317 0.697388 -0.715950 -0.001130     0.000000 0.000000 0.000000 0.000000 0.000000 0.000000 0.000000     0.601522 0.006296 0.067656 0.072912 -0.532689 0.799906 0.266565     0.600266 0.007074 0.067422 0.074074 -0.532358 0.799773 0.267340     -0.000000 0.010000 0.005000 0.999391 0.022053 -0.023651 0.013125     0.601000 0.016000 0.073000 0.100035 -0.547560 0.784824 0.272401     0.602137 0.015091 0.072638 0.101287 -0.547057 0.784527 0.273836     
0.596000 0.014000 0.063000 0.000000 -0.707100 0.707100 0.000000     0.596000 0.004000 0.063000 0.025715 -0.703572 0.710144 -0.001537     0.000000 0.000000 0.000000 0.000000 0.000000 0.000000 0.000000     0.600626 0.005609 0.073247 0.125751 -0.547264 0.780515 0.274709     0.599925 0.006042 0.073057 0.127938 -0.546983 0.780379 0.274682     -0.000000 0.010000 -0.000000 0.999657 -0.017097 0.019270 0.004647     0.601000 0.016000 0.073000 0.100035 -0.547560 0.784824 0.272401     0.603368 0.015255 0.072626 0.095057 -0.548589 0.783048 0.277220     
0.596000 0.014000 0.063000 0.000000 -0.707100 0.707100 0.000000     0.596000 0.004000 0.068000 0.013296 0.692047 -0.721669 0.008349     0.000000 0.000000 0.000000 0.000000 0.000000 0.000000 0.000000     0.601155 0.006092 0.077902 0.094579 -0.531512 0.800543 0.260116     0.600469 0.006423 0.077789 0.096906 -0.531811 0.800063 0.260164     -0.000000 0.010000 -0.005000 0.999657 0.015306 -0.003498 0.020946     0.601000 0.016000 0.073000 0.100035 -0.547560 0.784824 0.272401     0.603448 0.015492 0.072422 0.094636 -0.548505 0.784118 0.274490     
0.596000 0.014000 0.063000 0.000000 -0.707100 0.707100 0.000000     0.596000 0.009000 0.058000 0.003907 0.718881 -0.694834 -0.019514     0.000000 0.000000 0.000000 0.000000 0.000000 0.000000 0.000000     0.601262 0.010955 0.067874 0.088413 -0.555102 0.773895 0.291739     0.599051 0.012735 0.068452 0.088977 -0.554856 0.773891 0.292080     -0.000000 0.005000 0.005000 0.999657 -0.011036 -0.016562 -0.017004     0.601000 0.016000 0.073000 0.100035 -0.547560 0.784824 0.272401     0.602352 0.015407 0.072741 0.099597 -0.547131 0.785278 0.272152     
0.596000 0.014000 0.063000 0.000000 -0.707100 0.707100 0.000000     0.596000 0.009000 0.063000 0.002005 -0.682814 0.730525 0.008705     0.000000 0.000000 0.000000 0.000000 0.000000 0.000000 0.000000     0.601213 0.010504 0.072978 0.109592 -0.518701 0.801230 0.277399     0.600380 0.010771 0.072830 0.112024 -0.518383 0.801258 0.276975     -0.000000 0.005000 -0.000000 0.999391 -0.007574 -0.004738 0.033737     0.601000 0.016000 0.073000 0.100035 -0.547560 0.784824 0.272401     0.603180 0.014975 0.072383 0.095455 -0.549646 0.782702 0.275961     
0.596000 0.014000 0.063000 0.000000 -0.707100 0.707100 0.000000     0.596000 0.009000 0.068000 0.034646 -0.708362 0.704976 -0.003450     0.000000 0.000000 0.000000 0.000000 0.000000 0.000000 0.000000     0.600443 0.010574 0.078333 0.132541 -0.554237 0.774331 0.275037     0.599145 0.011321 0.078271 0.134165 -0.553834 0.774575 0.274410     -0.000000 0.005000 -0.005000 0.999391 -0.022059 0.026938 -0.002395     0.601000 0.016000 0.073000 0.100035 -0.547560 0.784824 0.272401     0.603074 0.015417 0.072753 0.096425 -0.548348 0.783462 0.276051     
0.596000 0.014000 0.063000 0.000000 -0.707100 0.707100 0.000000     0.596000 0.014000 0.058000 0.001621 -0.710798 0.703348 0.006765     0.000000 0.000000 0.000000 0.000000 0.000000 0.000000 0.000000     0.601052 0.015934 0.067987 0.098988 -0.550089 0.780658 0.279564     0.600034 0.016946 0.067560 0.100950 -0.549659 0.780544 0.280062     -0.000000 -0.000000 0.005000 0.999962 -0.005930 -0.003637 -0.005268     0.601000 0.016000 0.073000 0.100035 -0.547560 0.784824 0.272401     0.602139 0.015197 0.072489 0.100125 -0.547444 0.784904 0.272406     
0.596000 0.014000 0.063000 0.000000 -0.707100 0.707100 0.000000     0.596000 0.014000 0.063000 0.006233 -0.722688 0.691028 0.012049     0.000000 0.000000 0.000000 0.000000 0.000000 0.000000 0.000000     0.600993 0.015965 0.073010 0.097753 -0.562529 0.769187 0.286945     0.600580 0.016018 0.072442 0.100292 -0.562738 0.768421 0.287744     -0.000000 -0.000000 -0.000000 0.999657 -0.012927 -0.004113 -0.022387     0.601000 0.016000 0.073000 0.100035 -0.547560 0.784824 0.272401     0.601068 0.015991 0.073342 0.098094 -0.546356 0.787492 0.267824     
0.596000 0.014000 0.063000 0.000000 -0.707100 0.707100 0.000000     0.596000 0.014000 0.068000 0.025172 -0.706073 0.707265 0.024158     0.000000 0.000000 0.000000 0.000000 0.000000 0.000000 0.000000     0.600988 0.015289 0.078122 0.119866 -0.543270 0.775234 0.299135     0.599700 0.016032 0.077996 0.121127 -0.542774 0.774980 0.300219     -0.000000 -0.000000 -0.005000 0.999391 -0.034882 0.000716 0.000843     0.601000 0.016000 0.073000 0.100035 -0.547560 0.784824 0.272401     0.600930 0.015931 0.073104 0.098455 -0.547791 0.786149 0.268703     
0.596000 0.014000 0.063000 0.000000 -0.707100 0.707100 0.000000     0.596000 0.019000 0.058000 0.011432 0.715366 -0.698619 0.005800     0.000000 0.000000 0.000000 0.000000 0.000000 0.000000 0.000000     0.601028 0.021361 0.067907 0.086996 -0.556905 0.781938 0.266162     0.599905 0.022320 0.067692 0.088350 -0.556873 0.781485 0.267149     -0.000000 -0.005000 0.005000 0.999848 0.012185 -0.003983 -0.011842     0.601000 0.016000 0.073000 0.100035 -0.547560 0.784824 0.272401     0.601342 0.016189 0.073262 0.099139 -0.546891 0.786565 0.269065     
0.596000 0.014000 0.063000 0.000000 -0.707100 0.707100 0.000000     0.596000 0.019000 0.063000 0.009232 -0.700866 0.712849 -0.022983     0.000000 0.000000 0.000000 0.000000 0.000000 0.000000 0.000000     0.600575 0.021115 0.073178 0.114862 -0.547900 0.789565 0.251356     0.599158 0.021601 0.073243 0.115665 -0.547710 0.789680 0.251079     -0.000000 -0.005000 -0.000000 0.999657 0.009723 0.022779 0.008474     0.601000 0.016000 0.073000 0.100035 -0.547560 0.784824 0.272401     0.601341 0.015288 0.072216 0.101144 -0.548362 0.783664 0.273751     
0.596000 0.014000 0.063000 0.000000 -0.707100 0.707100 0.000000     0.596000 0.019000 0.068000 0.027231 -0.691336 0.722003 -0.002488     0.000000 0.000000 0.000000 0.000000 0.000000 0.000000 0.000000     0.600648 0.020436 0.078263 0.131954 -0.534182 0.789352 0.272290     0.599607 0.021292 0.078079 0.134132 -0.533823 0.789310 0.272087     -0.000000 -0.005000 -0.005000 0.999391 -0.017496 0.021015 0.021685     0.601000 0.016000 0.073000 0.100035 -0.547560 0.784824 0.272401     0.602507 0.015528 0.072772 0.098524 -0.547869 0.784089 0.274477     
0.596000 0.014000 0.063000 0.000000 -0.707100 0.707100 0.000000     0.596000 0.024000 0.058000 0.002020 0.705378 -0.708768 0.008144     0.000000 0.000000 0.000000 0.000000 0.000000 0.000000 0.000000     0.600923 0.026120 0.068013 0.100147 -0.547556 0.787631 0.264139     0.601032 0.026089 0.067960 0.102021 -0.547024 0.786572 0.267696     -0.000000 -0.010000 0.005000 0.999962 0.007187 0.004330 0.002397     0.601000 0.016000 0.073000 0.100035 -0.547560 0.784824 0.272401     0.600790 0.015864 0.074029 0.098789 -0.546084 0.785916 0.272707     
0.596000 0.014000 0.063000 0.000000 -0.707100 0.707100 0.000000     0.596000 0.024000 0.063000 0.000916 0.695687 -0.717651 0.031239     0.000000 0.000000 0.000000 0.000000 0.000000 0.000000 0.000000     0.600635 0.026308 0.073109 0.108582 -0.543152 0.796899 0.241096     0.599299 0.026943 0.073243 0.109227 -0.543106 0.796777 0.241354     -0.000000 -0.010000 -0.000000 0.999391 0.022738 0.021442 0.015531     0.601000 0.016000 0.073000 0.100035 -0.547560 0.784824 0.272401     0.600262 0.015599 0.072751 0.102809 -0.547987 0.784169 0.272432     
0.596000 0.014000 0.063000 0.000000 -0.707100 0.707100 0.000000     0.596000 0.024000 0.068000 0.003712 -0.704823 0.709162 0.016775     0.000000 0.000000 0.000000 0.000000 0.000000 0.000000 0.000000     0.601196 0.025680 0.077959 0.101538 -0.541103 0.783362 0.288480     0.599791 0.026177 0.078024 0.103574 -0.540685 0.783695 0.287670     -0.000000 -0.010000 -0.005000 0.999848 -0.014487 -0.009237 0.003068     0.601000 0.016000 0.073000 0.100035 -0.547560 0.784824 0.272401     0.601026 0.015573 0.073254 0.099256 -0.548383 0.786055 0.267474     
0.596000 0.014000 0.063000 0.000000 -0.707100 0.707100 0.000000     0.601000 0.004000 0.058000 0.006216 0.702761 -0.711385 -0.000569     0.000000 0.000000 0.000000 0.000000 0.000000 0.000000 0.000000     0.606120 0.006018 0.067935 0.095740 -0.541846 0.789701 0.271274     0.603047 0.006724 0.068132 0.097808 -0.541142 0.788952 0.274142     -0.005000 0.010000 0.005000 0.999962 0.003993 -0.004797 0.006098     0.601000 0.016000 0.073000 0.100035 -0.547560 0.784824 0.272401     0.601000 0.015887 0.073227 0.099221 -0.548000 0.786367 0.267353     
0.596000 0.014000 0.063000 0.000000 -0.707100 0.707100 0.000000     0.601000 0.004000 0.063000 0.006254 0.711239 -0.702745 0.015146     0.000000 0.000000 0.000000 0.000000 0.000000 0.000000 0.000000     0.605848 0.006362 0.072996 0.095033 -0.555417 0.784909 0.257642     0.604510 0.007036 0.072945 0.096062 -0.555174 0.784972 0.257630     -0.005000 0.010000 -0.000000 0.999848 0.015132 0.006288 -0.006006     0.601000 0.016000 0.073000 0.100035 -0.547560 0.784824 0.272401     0.602460 0.015731 0.072837 0.100023 -0.546974 0.785559 0.271498     
0.596000 0.014000 0.063000 0.000000 -0.707100 0.707100 0.000000     0.601000 0.004000 0.068000 0.023783 0.714588 -0.699127 -0.000295     0.000000 0.000000 0.000000 0.000000 0.000000 0.000000 0.000000     0.606288 0.006441 0.077751 0.074566 -0.552976 0.784796 0.269689     0.604969 0.007154 0.077760 0.076620 -0.552645 0.784937 0.269420     -0.005000 0.010000 -0.005000 0.999657 0.016609 -0.017026 -0.010932     0.601000 0.016000 0.073000 0.100035 -0.547560 0.784824 0.272401     0.602395 0.015479 0.072916 0.100129 -0.547516 0.784914 0.272231     
0.596000 0.014000 0.063000 0.000000 -0.707100 0.707100 0.000000     0.601000 0.009000 0.058000 -0.000000 0.707100 -0.707100 -0.000000     0.000000 0.000000 0.000000 0.000000 0.000000 0.000000 0.000000     0.606000 0.011000 0.068000 0.100035 -0.547560 0.784824 0.272401     0.602992 0.012920 0.068539 0.101429 -0.547107 0.785270 0.271548     -0.005000 0.005000 0.005000 1.000000 0.000000 0.000000 0.000000     0.601000 0.016000 0.073000 0.100035 -0.547560 0.784824 0.272401     0.602141 0.015216 0.072424 0.099675 -0.547835 0.784757 0.272209     
0.596000 0.014000 0.063000 0.000000 -0.707100 0.707100 0.000000     0.601000 0.009000 0.063000 -0.000000 0.707100 -0.707100 -0.000000     0.000000 0.000000 0.000000 0.000000 0.000000 0.000000 0.000000     0.606000 0.011000 0.073000 0.100035 -0.547560 0.784824 0.272401     0.605068 0.011051 0.072844 0.102279 -0.547507 0.784527 0.272565     -0.005000 0.005000 -0.000000 1.000000 -0.000000 -0.000000 -0.000000     0.601000 0.016000 0.073000 0.100035 -0.547560 0.784824 0.272401     0.601407 0.015637 0.073294 0.097716 -0.548314 0.785462 0.269912     
0.596000 0.014000 0.063000 0.000000 -0.707100 0.707100 0.000000     0.601000 0.009000 0.068000 0.015902 0.708198 -0.705787 -0.006985     0.000000 0.000000 0.000000 0.000000 0.000000 0.000000 0.000000     0.606313 0.011143 0.077807 0.083401 -0.545037 0.787107 0.276444     0.605042 0.011930 0.077704 0.084972 -0.544594 0.786749 0.277890     -0.005000 0.005000 -0.005000 0.999848 0.006305 -0.016184 -0.001705     0.601000 0.016000 0.073000 0.100035 -0.547560 0.784824 0.272401     0.602414 0.015982 0.072502 0.100365 -0.547699 0.784691 0.272420     
0.596000 0.014000 0.063000 0.000000 -0.707100 0.707100 0.000000     0.601000 0.014000 0.058000 0.001341 0.705925 -0.708059 0.017335     0.000000 0.000000 0.000000 0.000000 0.000000 0.000000 0.000000     0.605780 0.016250 0.068054 0.102075 -0.550694 0.787997 0.255652     0.603771 0.016821 0.068110 0.103889 -0.550103 0.787901 0.256527     -0.005000 -0.000000 0.005000 0.999848 0.013206 0.011309 0.001509     0.601000 0.016000 0.073000 0.100035 -0.547560 0.784824 0.272401     0.603761 0.015071 0.072066 0.096432 -0.548668 0.782949 0.276868     
0.596000 0.014000 0.063000 0.000000 -0.707100 0.707100 0.000000     0.601000 0.014000 0.063000 0.006430 -0.703704 0.710442 -0.003479     0.000000 0.000000 0.000000 0.000000 0.000000 0.000000 0.000000     0.605878 0.015911 0.073077 0.107970 -0.545499 0.786134 0.269715     0.605066 0.016113 0.072911 0.110821 -0.545326 0.785850 0.269774     -0.005000 -0.000000 -0.000000 0.999962 -0.002087 0.007007 0.004765     0.601000 0.016000 0.073000 0.100035 -0.547560 0.784824 0.272401     0.603206 0.014903 0.072247 0.095810 -0.548641 0.783910 0.274406     
0.596000 0.014000 0.063000 0.000000 -0.707100 0.707100 0.000000     0.601000 0.014000 0.068000 -0.000000 0.707100 -0.707100 -0.000000     0.000000 0.000000 0.000000 0.000000 0.000000 0.000000 0.000000     0.606000 0.016000 0.078000 0.100035 -0.547560 0.784824 0.272401     0.604697 0.016737 0.078084 0.102166 -0.547259 0.784595 0.272912     -0.005000 -0.000000 -0.005000 1.000000 0.000000 -0.000000 0.000000     0.601000 0.016000 0.073000 0.100035 -0.547560 0.784824 0.272401     0.601336 0.015805 0.073272 0.098260 -0.548310 0.785388 0.269938     
0.596000 0.014000 0.063000 0.000000 -0.707100 0.707100 0.000000     0.601000 0.019000 0.058000 0.002440 -0.709612 0.704103 0.025770     0.000000 0.000000 0.000000 0.000000 0.000000 0.000000 0.000000     0.606314 0.020643 0.067902 0.096914 -0.543940 0.778639 0.297386     0.603665 0.021250 0.068071 0.099165 -0.543211 0.778932 0.297243     -0.005000 -0.005000 0.005000 0.999657 -0.019947 -0.016497 -0.003895     0.601000 0.016000 0.073000 0.100035 -0.547560 0.784824 0.272401     0.601144 0.016099 0.073215 0.098595 -0.546956 0.786517 0.269273     
0.596000 0.014000 0.063000 0.000000 -0.707100 0.707100 0.000000     0.601000 0.019000 0.063000 0.011431 0.714298 -0.699687 0.008196     0.000000 0.000000 0.000000 0.000000 0.000000 0.000000 0.000000     0.606000 0.021380 0.072916 0.087810 -0.556350 0.783057 0.263754     0.604758 0.022121 0.072543 0.088210 -0.556126 0.782931 0.264503     -0.005000 -0.005000 -0.000000 0.999848 0.013878 -0.002288 -0.010332     0.601000 0.016000 0.073000 0.100035 -0.547560 0.784824 0.272401     0.602200 0.015136 0.072770 0.101040 -0.547064 0.784854 0.272977     
0.596000 0.014000 0.063000 0.000000 -0.707100 0.707100 0.000000     0.601000 0.019000 0.068000 0.021508 -0.691205 0.722133 0.016646     0.000000 0.000000 0.000000 0.000000 0.000000 0.000000 0.000000     0.606002 0.020238 0.078122 0.123402 -0.528300 0.788628 0.289339     0.604705 0.020992 0.078113 0.124618 -0.528007 0.788467 0.289824     -0.005000 -0.005000 -0.005000 0.999391 -0.026979 0.003438 0.021869     0.601000 0.016000 0.073000 0.100035 -0.547560 0.784824 0.272401     0.602229 0.015210 0.072698 0.098678 -0.548208 0.784897 0.271420     
0.596000 0.014000 0.063000 0.000000 -0.707100 0.707100 0.000000     0.601000 0.024000 0.058000 0.012678 -0.723051 0.690665 -0.000246     0.000000 0.000000 0.000000 0.000000 0.000000 0.000000 0.000000     0.605723 0.026046 0.068124 0.105748 -0.566955 0.768707 0.276494     0.603623 0.026403 0.068598 0.106272 -0.566785 0.768496 0.277264     -0.005000 -0.010000 0.005000 0.999657 -0.008791 0.009139 -0.022900     0.601000 0.016000 0.073000 0.100035 -0.547560 0.784824 0.272401     0.602386 0.015521 0.072748 0.100045 -0.547560 0.785104 0.271625     
0.596000 0.014000 0.063000 0.000000 -0.707100 0.707100 0.000000     0.601000 0.024000 0.063000 0.005830 -0.702516 0.711630 -0.000798     0.000000 0.000000 0.000000 0.000000 0.000000 0.000000 0.000000     0.605931 0.025865 0.073060 0.107413 -0.543402 0.786885 0.271972     0.605372 0.026065 0.072915 0.109646 -0.543582 0.786266 0.272547     -0.005000 -0.010000 -0.000000 0.999962 -0.003558 0.004687 0.006444     0.601000 0.016000 0.073000 0.100035 -0.547560 0.784824 0.272401     0.603048 0.015040 0.072509 0.094844 -0.549588 0.782864 0.275829     
0.596000 0.014000 0.063000 0.000000 -0.707100 0.707100 0.000000     0.601000 0.024000 0.068000 0.006615 -0.706499 0.707486 0.016135     0.000000 0.000000 0.000000 0.000000 0.000000 0.000000 0.000000     0.606137 0.025671 0.077991 0.103735 -0.543486 0.781378 0.288601     0.605949 0.025681 0.077855 0.105391 -0.543738 0.780529 0.289856     -0.005000 -0.010000 -0.005000 0.999848 -0.016087 -0.006732 0.000698     0.601000 0.016000 0.073000 0.100035 -0.547560 0.784824 0.272401     0.601376 0.016181 0.073506 0.097643 -0.547500 0.786016 0.269980     
0.596000 0.014000 0.063000 0.000000 -0.707100 0.707100 0.000000     0.606000 0.004000 0.058000 0.027356 -0.730342 0.682512 -0.003226     0.000000 0.000000 0.000000 0.000000 0.000000 0.000000 0.000000     0.610427 0.005973 0.068272 0.117042 -0.577766 0.758747 0.277076     0.605622 0.008880 0.069513 0.118813 -0.574827 0.766887 0.259503     -0.010000 0.010000 0.005000 0.999048 -0.017063 0.021625 -0.033821     0.601000 0.016000 0.073000 0.100035 -0.547560 0.784824 0.272401     0.602330 0.015428 0.072675 0.099213 -0.547584 0.785306 0.271298     
0.596000 0.014000 0.063000 0.000000 -0.707100 0.707100 0.000000     0.606000 0.004000 0.063000 0.030604 -0.716369 0.696485 0.027719     0.000000 0.000000 0.000000 0.000000 0.000000 0.000000 0.000000     0.610912 0.005307 0.073157 0.120292 -0.554503 0.764941 0.304798     0.609721 0.006001 0.072569 0.121860 -0.554252 0.764726 0.305204     -0.010000 0.010000 -0.000000 0.999048 -0.041241 0.002040 -0.014060     0.601000 0.016000 0.073000 0.100035 -0.547560 0.784824 0.272401     0.602296 0.015268 0.072861 0.097882 -0.548107 0.784843 0.272063     
0.596000 0.014000 0.063000 0.000000 -0.707100 0.707100 0.000000     0.606000 0.004000 0.068000 0.019974 -0.705004 0.708712 -0.016714     0.000000 0.000000 0.000000 0.000000 0.000000 0.000000 0.000000     0.610485 0.005928 0.078255 0.122337 -0.552151 0.782768 0.259649     0.609906 0.006126 0.077983 0.125014 -0.552147 0.782236 0.260025     -0.010000 0.010000 -0.005000 0.999657 -0.002305 0.025943 0.002622     0.601000 0.016000 0.073000 0.100035 -0.547560 0.784824 0.272401     0.603105 0.015122 0.072650 0.093926 -0.548971 0.783439 0.275740     
0.596000 0.014000 0.063000 0.000000 -0.707100 0.707100 0.000000     0.606000 0.009000 0.058000 -0.000000 0.707100 -0.707100 -0.000000     0.000000 0.000000 0.000000 0.000000 0.000000 0.000000 0.000000     0.611000 0.011000 0.068000 0.100035 -0.547560 0.784824 0.272401     0.607986 0.012306 0.069416 0.101580 -0.547125 0.785178 0.271718     -0.010000 0.005000 0.005000 1.000000 0.000000 0.000000 -0.000000     0.601000 0.016000 0.073000 0.100035 -0.547560 0.784824 0.272401     0.602195 0.015243 0.072503 0.098733 -0.548534 0.784373 0.272251     
0.596000 0.014000 0.063000 0.000000 -0.707100 0.707100 0.000000     0.606000 0.009000 0.063000 0.000671 -0.718655 0.695330 -0.005665     0.000000 0.000000 0.000000 0.000000 0.000000 0.000000 0.000000     0.610840 0.011233 0.073029 0.097109 -0.561995 0.776187 0.268785     0.610752 0.011238 0.072874 0.098190 -0.562580 0.773797 0.274045     -0.010000 0.005000 -0.000000 0.999848 0.003532 0.004481 -0.016494     0.601000 0.016000 0.073000 0.100035 -0.547560 0.784824 0.272401     0.601191 0.016384 0.073345 0.098845 -0.545901 0.787595 0.268172     
0.596000 0.014000 0.063000 0.000000 -0.707100 0.707100 0.000000     0.606000 0.009000 0.068000 0.001360 -0.692106 0.720748 -0.038608     0.000000 0.000000 0.000000 0.000000 0.000000 0.000000 0.000000     0.610518 0.011338 0.078155 0.113214 -0.541476 0.799515 0.233970     0.609114 0.011857 0.078059 0.113859 -0.541489 0.799518 0.233659     -0.010000 0.005000 -0.005000 0.999048 0.026339 0.028261 0.020254     0.601000 0.016000 0.073000 0.100035 -0.547560 0.784824 0.272401     0.600060 0.015798 0.073347 0.101541 -0.546251 0.785493 0.272581     
0.596000 0.014000 0.063000 0.000000 -0.707100 0.707100 0.000000     0.606000 0.014000 0.058000 0.005322 -0.693653 0.719685 0.029169     0.000000 0.000000 0.000000 0.000000 0.000000 0.000000 0.000000     0.611397 0.015323 0.067906 0.105108 -0.525747 0.789469 0.298768     0.609699 0.015994 0.069382 0.107057 -0.525215 0.789796 0.298179     -0.010000 -0.000000 0.005000 0.999391 -0.024389 -0.016862 0.018407     0.601000 0.016000 0.073000 0.100035 -0.547560 0.784824 0.272401     0.602025 0.015050 0.072465 0.098703 -0.548416 0.784686 0.271599     
0.596000 0.014000 0.063000 0.000000 -0.707100 0.707100 0.000000     0.606000 0.014000 0.063000 0.031811 0.698709 -0.714629 -0.008905     0.000000 0.000000 0.000000 0.000000 0.000000 0.000000 0.000000     0.611613 0.016199 0.072626 0.071576 -0.532169 0.797802 0.274162     0.610341 0.016965 0.072417 0.073003 -0.531706 0.797509 0.275569     -0.010000 -0.000000 -0.000000 0.999391 0.016197 -0.028791 0.011257     0.601000 0.016000 0.073000 0.100035 -0.547560 0.784824 0.272401     0.602212 0.015161 0.073156 0.100711 -0.547203 0.785062 0.272222     
0.596000 0.014000 0.063000 0.000000 -0.707100 0.707100 0.000000     0.606000 0.014000 0.068000 -0.000000 0.707100 -0.707100 -0.000000     0.000000 0.000000 0.000000 0.000000 0.000000 0.000000 0.000000     0.611000 0.016000 0.078000 0.100035 -0.547560 0.784824 0.272401     0.610720 0.015898 0.077650 0.102146 -0.547638 0.784206 0.273277     -0.010000 -0.000000 -0.005000 1.000000 -0.000000 -0.000000 -0.000000     0.601000 0.016000 0.073000 0.100035 -0.547560 0.784824 0.272401     0.601034 0.016579 0.073375 0.098070 -0.547541 0.786455 0.268456     
0.596000 0.014000 0.063000 0.000000 -0.707100 0.707100 0.000000     0.606000 0.019000 0.058000 0.022611 0.687927 -0.725411 -0.002041     0.000000 0.000000 0.000000 0.000000 0.000000 0.000000 0.000000     0.611451 0.021010 0.067759 0.085548 -0.523131 0.804565 0.267713     0.609084 0.021685 0.068861 0.086464 -0.522922 0.804201 0.268954     -0.010000 -0.005000 0.005000 0.999391 0.014546 -0.017432 0.026505     0.601000 0.016000 0.073000 0.100035 -0.547560 0.784824 0.272401     0.602395 0.015503 0.072939 0.099858 -0.547460 0.785085 0.271950     
0.596000 0.014000 0.063000 0.000000 -0.707100 0.707100 0.000000     0.606000 0.019000 0.063000 0.030737 0.708956 -0.703898 0.030742     0.000000 0.000000 0.000000 0.000000 0.000000 0.000000 0.000000     0.610982 0.021897 0.072787 0.075164 -0.554196 0.793960 0.238380     0.609820 0.022701 0.072312 0.075141 -0.554165 0.793836 0.238913     -0.010000 -0.005000 -0.000000 0.999048 0.043473 0.000004 -0.003576     0.601000 0.016000 0.073000 0.100035 -0.547560 0.784824 0.272401     0.602405 0.015532 0.073174 0.098350 -0.547740 0.785304 0.271305     
0.596000 0.014000 0.063000 0.000000 -0.707100 0.707100 0.000000     0.606000 0.019000 0.068000 0.000489 0.729191 -0.684147 -0.014257     0.000000 0.000000 0.000000 0.000000 0.000000 0.000000 0.000000     0.611076 0.021127 0.077935 0.088445 -0.568410 0.765297 0.288772     0.610249 0.021226 0.077800 0.090590 -0.567769 0.765440 0.289022     -0.010000 -0.005000 -0.005000 0.999391 -0.009736 -0.010427 -0.031851     0.601000 0.016000 0.073000 0.100035 -0.547560 0.784824 0.272401     0.601277 0.016396 0.073599 0.099021 -0.546711 0.786131 0.270741     
0.596000 0.014000 0.063000 0.000000 -0.707100 0.707100 0.000000     0.606000 0.024000 0.058000 0.017471 -0.695320 0.718396 -0.010664     0.000000 0.000000 0.000000 0.000000 0.000000 0.000000 0.000000     0.610659 0.025745 0.068210 0.122695 -0.539503 0.790189 0.263560     0.608975 0.026420 0.069508 0.124117 -0.539112 0.789839 0.264779     -0.010000 -0.010000 0.005000 0.999657 -0.004814 0.019895 0.016318     0.601000 0.016000 0.073000 0.100035 -0.547560 0.784824 0.272401     0.601856 0.015470 0.072560 0.098787 -0.548188 0.783907 0.274264     
0.596000 0.014000 0.063000 0.000000 -0.707100 0.707100 0.000000     0.606000 0.024000 0.063000 0.019738 0.692458 -0.720880 0.020602     0.000000 0.000000 0.000000 0.000000 0.000000 0.000000 0.000000     0.611076 0.026365 0.072882 0.090308 -0.534474 0.803060 0.247503     0.609839 0.027116 0.072490 0.091741 -0.534227 0.803048 0.247587     -0.010000 -0.010000 -0.000000 0.999391 0.028525 0.000611 0.020098     0.601000 0.016000 0.073000 0.100035 -0.547560 0.784824 0.272401     0.603148 0.015050 0.072414 0.096855 -0.548076 0.782599 0.278873     
0.596000 0.014000 0.063000 0.000000 -0.707100 0.707100 0.000000     0.606000 0.024000 0.068000 0.030494 -0.702273 0.710581 0.030630     0.000000 0.000000 0.000000 0.000000 0.000000 0.000000 0.000000     0.611020 0.025070 0.078132 0.125131 -0.538078 0.775530 0.305528     0.610163 0.025305 0.077904 0.128386 -0.537682 0.775482 0.305029     -0.010000 -0.010000 -0.005000 0.999048 -0.043222 -0.000096 0.005875     0.601000 0.016000 0.073000 0.100035 -0.547560 0.784824 0.272401     0.601366 0.016084 0.073457 0.097521 -0.545469 0.787791 0.268958     
