0.596000 0.014000 0.063000 0.000000 -0.707100 0.707100 0.000000     0.596000 0.014000 0.063000 -0.000000 0.707100 -0.707100 -0.000000     0.000805 -0.000543 -0.000076 0.999961 0.000000 0.000000 0.000000     0.601000 0.016000 0.073000 0.100035 -0.547560 0.784824 0.272401     0.601784 0.015456 0.072893 0.100245 -0.547495 0.784706 0.272830     -0.000161 -0.000109 -0.001593 0.999981 0.000042 -0.000021 -0.006086     0.600862 0.015829 0.071407 0.101730 -0.542775 0.788128 0.271809     0.599719 0.016718 0.071109 0.101867 -0.542820 0.787998 0.272081     
0.596000 0.014000 0.063000 0.000000 -0.707100 0.707100 0.000000     0.586000 0.004000 0.059500 0.007188 0.703607 -0.710539 -0.000676     -0.010513 -0.009604 -0.003590 0.999923 -0.004604 0.005561 -0.004901     0.591131 0.006042 0.069425 0.094480 -0.542638 0.789289 0.271332     0.590850 0.006271 0.069479 0.095619 -0.542440 0.789076 0.271984     0.011198 0.011126 0.001337 0.999990 0.000934 -0.004065 -0.001632     0.602254 0.017133 0.070807 0.098637 -0.542359 0.789529 0.269706     0.600887 0.017690 0.070563 0.099472 -0.542303 0.789471 0.269720     
0.596000 0.014000 0.063000 0.000000 -0.707100 0.707100 0.000000     0.586000 0.004000 0.063000 0.002965 0.703472 -0.710674 -0.006436     -0.010435 -0.009672 0.000068 0.999923 0.002454 0.006647 -0.005093     0.591152 0.005899 0.072942 0.097545 -0.541485 0.787579 0.277447     0.590949 0.006084 0.073000 0.098437 -0.541364 0.787287 0.278235     0.010471 0.010603 -0.001560 0.999960 -0.002305 -0.008391 -0.002295     0.601465 0.016526 0.071458 0.103538 -0.542209 0.788612 0.270853     0.600169 0.017222 0.071187 0.104069 -0.542398 0.789038 0.269060     
0.596000 0.014000 0.063000 0.000000 -0.707100 0.707100 0.000000     0.586000 0.004000 0.066500 0.014522 -0.696051 0.717664 0.015517     -0.010421 -0.009715 0.003025 0.999618 0.021240 0.000703 -0.015283     0.591066 0.005420 0.076566 0.115242 -0.533061 0.787208 0.287834     0.590864 0.005657 0.076193 0.116992 -0.532945 0.786912 0.288187     0.011142 0.009444 -0.002862 0.999638 -0.025932 -0.001382 0.007084     0.602156 0.015456 0.073629 0.100426 -0.541831 0.790451 0.267396     0.600790 0.016068 0.073544 0.101238 -0.541820 0.790640 0.266592     
0.596000 0.014000 0.063000 0.000000 -0.707100 0.707100 0.000000     0.586000 0.009000 0.059500 0.002768 0.711679 -0.702468 0.005106     -0.010506 -0.004651 -0.003983 0.999923 -0.005567 -0.001653 0.006513     0.590940 0.011176 0.069493 0.096505 -0.553658 0.782579 0.267768     0.590734 0.011277 0.069260 0.097231 -0.553614 0.782386 0.268199     0.010843 0.006628 0.002080 0.999870 0.007572 0.003148 -0.013896     0.601902 0.017514 0.071573 0.101942 -0.541138 0.788447 0.274060     0.600467 0.017936 0.071570 0.102401 -0.541230 0.788375 0.273951     
0.596000 0.014000 0.063000 0.000000 -0.707100 0.707100 0.000000     0.586000 0.009000 0.063000 0.007010 0.704558 -0.709588 0.003790     -0.010804 -0.004513 -0.000270 0.999923 -0.007636 0.002277 -0.003557     0.591060 0.011117 0.072946 0.095031 -0.544891 0.789050 0.267289     0.590541 0.011403 0.072740 0.095914 -0.544755 0.789090 0.267169     0.010538 0.006249 -0.001176 0.999945 0.009148 -0.004180 -0.003128     0.601527 0.017151 0.071848 0.104144 -0.542641 0.787868 0.271917     0.600283 0.017949 0.071607 0.105469 -0.542248 0.788502 0.270384     
0.596000 0.014000 0.063000 0.000000 -0.707100 0.707100 0.000000     0.586000 0.009000 0.066500 0.003262 0.711520 -0.702627 0.005096     -0.010115 -0.004937 0.003648 0.999923 -0.005910 -0.001297 0.006288     0.590948 0.011181 0.076488 0.096100 -0.553419 0.782831 0.267672     0.590971 0.011195 0.076707 0.096844 -0.553365 0.782213 0.269353     0.010315 0.005965 -0.003021 0.999915 0.006465 -0.000302 -0.011322     0.601303 0.016904 0.073497 0.102936 -0.543968 0.787270 0.271455     0.600084 0.017661 0.073083 0.103322 -0.543902 0.787249 0.271541     
0.596000 0.014000 0.063000 0.000000 -0.707100 0.707100 0.000000     0.586000 0.014000 0.059500 0.008995 0.723741 -0.689597 -0.023540     -0.010420 -0.000441 -0.003713 0.999352 0.010285 0.023005 0.024143     0.591358 0.016046 0.069303 0.080974 -0.558879 0.770625 0.295320     0.590835 0.015473 0.069034 0.081584 -0.558933 0.770463 0.295506     0.010162 0.000105 0.002637 0.999320 -0.009831 -0.022737 -0.027317     0.601178 0.016063 0.072137 0.101013 -0.544959 0.786431 0.272623     0.600022 0.016973 0.072073 0.101250 -0.544920 0.786355 0.272867     
0.596000 0.014000 0.063000 0.000000 -0.707100 0.707100 0.000000     0.586000 0.014000 0.063000 0.004990 0.703484 -0.710662 0.005049     -0.010491 0.000339 -0.000449 0.999923 -0.007098 -0.000042 -0.005075     0.591020 0.016091 0.072971 0.097559 -0.544277 0.789503 0.266289     0.590771 0.016311 0.072684 0.099289 -0.544006 0.789308 0.266820     0.010791 -0.000077 0.000286 0.999977 0.006246 -0.002759 -0.000304     0.601757 0.015886 0.073311 0.103216 -0.544150 0.787717 0.269683     0.600455 0.016628 0.073341 0.103942 -0.544177 0.788252 0.267817     
0.596000 0.014000 0.063000 0.000000 -0.707100 0.707100 0.000000     0.586000 0.014000 0.066500 0.005212 -0.710958 0.703189 -0.004337     -0.011110 0.000530 0.003237 0.999923 0.000618 -0.006752 0.005493     0.590842 0.016042 0.076569 0.104172 -0.553628 0.780942 0.269729     0.590426 0.016317 0.076408 0.104876 -0.553622 0.780767 0.270013     0.011503 -0.000538 -0.002007 0.999910 0.001053 0.005187 -0.012335     0.602498 0.015361 0.074515 0.104022 -0.542436 0.787957 0.272113     0.601308 0.016234 0.074393 0.104065 -0.542579 0.787752 0.272445     
0.596000 0.014000 0.063000 0.000000 -0.707100 0.707100 0.000000     0.586000 0.019000 0.059500 0.009011 -0.722289 0.691050 -0.025472     -0.010808 0.005241 -0.003501 0.999352 -0.011639 -0.024382 0.022089     0.590409 0.021443 0.069678 0.106719 -0.572369 0.772982 0.251959     0.589839 0.021626 0.069669 0.107198 -0.572381 0.772910 0.251990     0.010129 -0.006017 0.002442 0.999371 0.012493 0.021573 -0.025223     0.601086 0.014937 0.071973 0.103482 -0.545744 0.786087 0.271113     0.599914 0.015775 0.071582 0.103352 -0.545816 0.786058 0.271138     
0.596000 0.014000 0.063000 0.000000 -0.707100 0.707100 0.000000     0.586000 0.019000 0.063000 0.007998 0.708907 -0.705239 0.002335     -0.009946 0.004923 -0.000101 0.999923 -0.007307 0.004004 0.002593     0.591069 0.021172 0.072929 0.092181 -0.549215 0.785765 0.269108     0.591660 0.020823 0.072596 0.092293 -0.549364 0.784717 0.271847     0.011619 -0.006136 0.001024 0.999947 0.006595 -0.005353 -0.005868     0.602605 0.014846 0.074034 0.101583 -0.545407 0.786678 0.270796     0.601484 0.015788 0.073895 0.102052 -0.545453 0.786289 0.271691     
0.596000 0.014000 0.063000 0.000000 -0.707100 0.707100 0.000000     0.586000 0.019000 0.066500 0.008099 -0.709390 0.703948 -0.033728     -0.010128 0.005311 0.002862 0.999352 -0.018122 -0.029575 0.003848     0.590385 0.021402 0.076698 0.112214 -0.560116 0.784217 0.242203     0.590369 0.021642 0.076162 0.112447 -0.560091 0.784196 0.242261     0.010193 -0.005761 -0.001479 0.999548 0.012308 0.025682 -0.009599     0.601140 0.015303 0.075034 0.101242 -0.544733 0.789140 0.265053     0.599793 0.015851 0.074670 0.102245 -0.544568 0.789126 0.265088     
0.596000 0.014000 0.063000 0.000000 -0.707100 0.707100 0.000000     0.586000 0.024000 0.059500 0.002037 -0.706138 0.708008 0.008382     -0.010291 0.010187 -0.003479 0.999923 0.007367 0.004487 -0.001323     0.591095 0.025839 0.069483 0.100904 -0.544542 0.783961 0.280497     0.590978 0.025934 0.069565 0.101761 -0.544388 0.783601 0.281525     0.012056 -0.010846 0.001731 0.999959 -0.007841 -0.004229 -0.001727     0.603073 0.015133 0.071227 0.100429 -0.545143 0.786641 0.271861     0.601730 0.015784 0.071336 0.101029 -0.545072 0.786734 0.271550     
0.596000 0.014000 0.063000 0.000000 -0.707100 0.707100 0.000000     0.586000 0.024000 0.063000 0.004698 0.701930 -0.712216 0.001089     -0.010068 0.010204 -0.000625 0.999923 -0.004092 0.002552 -0.007273     0.591080 0.026008 0.072958 0.097769 -0.541545 0.790146 0.269849     0.591186 0.026130 0.072457 0.098562 -0.541540 0.789788 0.270657     0.010413 -0.010095 0.000503 0.999973 0.002546 -0.005018 0.004654     0.601374 0.015909 0.073521 0.101854 -0.546313 0.786427 0.269591     0.600045 0.016573 0.073363 0.102331 -0.546292 0.786442 0.269449     
0.596000 0.014000 0.063000 0.000000 -0.707100 0.707100 0.000000     0.586000 0.024000 0.066500 0.012808 0.714682 -0.698657 0.030422     -0.010316 0.010323 0.003408 0.999352 -0.030567 -0.012455 0.011331     0.590697 0.026721 0.076476 0.089924 -0.562571 0.785222 0.242558     0.590562 0.026935 0.076377 0.090285 -0.562509 0.785166 0.242789     0.010656 -0.010642 -0.001489 0.999157 0.033165 0.006217 -0.023376     0.601585 0.015189 0.075079 0.109294 -0.539251 0.790225 0.269791     0.600378 0.015968 0.074659 0.109281 -0.539254 0.790379 0.269378     
0.596000 0.014000 0.063000 0.000000 -0.707100 0.707100 0.000000     0.591000 0.004000 0.059500 -0.000000 0.707100 -0.707100 -0.000000     -0.005323 -0.009773 -0.003283 0.999961 0.000000 0.000000 0.000000     0.596000 0.006000 0.069500 0.100035 -0.547560 0.784824 0.272401     0.595838 0.006062 0.069788 0.101442 -0.547207 0.783944 0.275148     0.005260 0.010716 0.002457 0.999972 -0.002031 0.004080 -0.006002     0.601366 0.016696 0.071908 0.097353 -0.541926 0.789050 0.272433     0.599961 0.017217 0.071842 0.097776 -0.541910 0.789044 0.272366     
0.596000 0.014000 0.063000 0.000000 -0.707100 0.707100 0.000000     0.591000 0.004000 0.063000 0.007035 -0.711357 0.702628 -0.014731     -0.005581 -0.009564 -0.000206 0.999809 -0.005441 -0.015390 0.006173     0.595664 0.006169 0.073126 0.107437 -0.557058 0.781267 0.260279     0.595334 0.006343 0.073100 0.108651 -0.556953 0.780981 0.260896     0.005795 0.009643 -0.000312 0.999718 0.004252 0.017888 -0.015017     0.601881 0.015580 0.072657 0.099709 -0.540056 0.790227 0.271879     0.600679 0.016427 0.072544 0.099927 -0.540114 0.790043 0.272257     
0.596000 0.014000 0.063000 0.000000 -0.707100 0.707100 0.000000     0.591000 0.004000 0.066500 0.021018 -0.696002 0.717714 -0.002790     -0.004934 -0.009821 0.003069 0.999618 0.012889 -0.016834 -0.015352     0.595715 0.005590 0.076710 0.124452 -0.538619 0.787767 0.271670     0.595897 0.005590 0.076359 0.124534 -0.538640 0.787712 0.271787     0.004560 0.009032 -0.002148 0.999754 -0.012792 0.014899 0.010319     0.600540 0.014981 0.074372 0.102991 -0.544160 0.787344 0.270836     0.599172 0.015592 0.074430 0.103524 -0.544082 0.787356 0.270791     
0.596000 0.014000 0.063000 0.000000 -0.707100 0.707100 0.000000     0.591000 0.009000 0.059500 0.000602 0.703419 -0.710727 0.007006     -0.005522 -0.004458 -0.003727 0.999923 -0.005379 -0.004528 -0.005168     0.595930 0.011056 0.069523 0.102047 -0.545255 0.788636 0.265173     0.595637 0.011422 0.069392 0.102489 -0.545276 0.788572 0.265186     0.004503 0.004625 0.002144 0.999945 0.008851 0.005553 -0.000438     0.600546 0.015500 0.071646 0.102605 -0.542503 0.787052 0.275122     0.599347 0.016350 0.071665 0.102541 -0.542527 0.786963 0.275389     
0.596000 0.014000 0.063000 0.000000 -0.707100 0.707100 0.000000     0.591000 0.009000 0.063000 0.027522 -0.691857 0.721482 0.004656     -0.005272 -0.005238 -0.000138 0.999352 0.022753 -0.016168 -0.020947     0.595743 0.010335 0.073234 0.130828 -0.532914 0.788001 0.279144     0.595357 0.009956 0.073008 0.131284 -0.533160 0.787743 0.279223     0.004762 0.004857 0.000356 0.999433 -0.026992 0.015349 0.013050     0.600772 0.015866 0.073349 0.100631 -0.542142 0.790142 0.267603     0.599461 0.016557 0.073121 0.101160 -0.542212 0.790477 0.266307     
0.596000 0.014000 0.063000 0.000000 -0.707100 0.707100 0.000000     0.591000 0.009000 0.066500 0.000456 -0.701900 0.712084 0.015891     -0.005699 -0.004697 0.003686 0.999809 0.011559 0.010914 -0.007201     0.596244 0.010696 0.076431 0.099745 -0.537696 0.786591 0.286687     0.595932 0.010859 0.076296 0.100273 -0.537657 0.786374 0.287205     0.005681 0.005031 -0.002805 0.999885 -0.012117 -0.009045 0.000748     0.601743 0.015976 0.073675 0.100119 -0.542024 0.788670 0.272335     0.600674 0.016951 0.073342 0.100555 -0.542124 0.788379 0.272853     
0.596000 0.014000 0.063000 0.000000 -0.707100 0.707100 0.000000     0.591000 0.014000 0.059500 -0.000000 0.707100 -0.707100 -0.000000     -0.005031 0.000162 -0.003676 0.999961 0.000000 0.000000 0.000000     0.596000 0.016000 0.069500 0.100035 -0.547560 0.784824 0.272401     0.596168 0.016053 0.069465 0.100721 -0.547442 0.784130 0.274413     0.004350 -0.000015 0.002703 0.999973 0.001762 -0.003352 -0.006259     0.600308 0.015888 0.072244 0.105332 -0.543370 0.787415 0.271316     0.598970 0.016525 0.072207 0.106559 -0.543200 0.787989 0.269540     
0.596000 0.014000 0.063000 0.000000 -0.707100 0.707100 0.000000     0.591000 0.014000 0.063000 0.008339 -0.706983 0.707163 -0.002568     -0.006082 0.000465 -0.000148 0.999923 0.004080 -0.007712 -0.000127     0.595845 0.015917 0.073092 0.108353 -0.549132 0.782981 0.271358     0.595887 0.015912 0.072919 0.109102 -0.548838 0.781948 0.274647     0.006288 0.000488 -0.000759 0.999948 -0.003774 0.008749 -0.003723     0.602324 0.016444 0.072232 0.100435 -0.544223 0.786957 0.272789     0.600983 0.017115 0.072259 0.101205 -0.544107 0.787027 0.272568     
0.596000 0.014000 0.063000 0.000000 -0.707100 0.707100 0.000000     0.591000 0.014000 0.066500 0.008888 -0.696883 0.717102 0.004604     -0.004995 -0.000204 0.003426 0.999809 0.009540 -0.003029 -0.014296     0.595992 0.015666 0.076565 0.111515 -0.536127 0.789631 0.276758     0.596006 0.015202 0.076412 0.111753 -0.536308 0.789404 0.276994     0.005451 0.000215 -0.002954 0.999907 -0.008182 0.002550 0.010648     0.601455 0.016151 0.073556 0.102158 -0.544692 0.786397 0.272826     0.600327 0.017083 0.073287 0.102980 -0.544681 0.786135 0.273331     
0.596000 0.014000 0.063000 0.000000 -0.707100 0.707100 0.000000     0.591000 0.019000 0.059500 0.004992 0.710833 -0.703313 -0.004791     -0.005671 0.005181 -0.003840 0.999923 -0.000142 0.006918 0.005317     0.596116 0.021057 0.069429 0.093075 -0.549842 0.782613 0.276600     0.595826 0.021131 0.069343 0.094533 -0.549746 0.782050 0.277924     0.005179 -0.004602 0.002281 0.999915 -0.001861 -0.007788 -0.010247     0.601182 0.016388 0.071781 0.100973 -0.544103 0.787971 0.269883     0.600062 0.017168 0.071163 0.101152 -0.544109 0.787982 0.269811     
0.596000 0.014000 0.063000 0.000000 -0.707100 0.707100 0.000000     0.591000 0.019000 0.063000 0.007290 0.715223 -0.698762 -0.010769     -0.005446 0.005280 -0.000107 0.999809 0.002460 0.012769 0.011639     0.596206 0.021070 0.072880 0.088174 -0.552887 0.778938 0.282447     0.595947 0.021067 0.072759 0.090234 -0.552620 0.778476 0.283626     0.005542 -0.004787 -0.000158 0.999766 -0.003953 -0.011912 -0.017592     0.601583 0.016181 0.072828 0.100216 -0.542768 0.788549 0.271165     0.600461 0.017006 0.072285 0.100342 -0.542829 0.789124 0.269354     
0.596000 0.014000 0.063000 0.000000 -0.707100 0.707100 0.000000     0.591000 0.019000 0.066500 0.018815 0.712971 -0.700367 -0.028009     -0.005414 0.005322 0.003496 0.999352 0.006501 0.033109 0.008912     0.596616 0.020967 0.076174 0.075121 -0.544551 0.781007 0.296359     0.596373 0.021009 0.076221 0.076426 -0.544540 0.780401 0.297674     0.005356 -0.004410 -0.003227 0.999208 -0.007753 -0.036697 -0.013268     0.601301 0.016569 0.073304 0.103432 -0.545216 0.787155 0.269090     0.599977 0.017261 0.073202 0.103577 -0.545239 0.787682 0.267476     
0.596000 0.014000 0.063000 0.000000 -0.707100 0.707100 0.000000     0.591000 0.024000 0.059500 0.013549 -0.708743 0.705241 0.010718     -0.005633 0.010398 -0.003603 0.999809 0.017159 -0.002002 0.002476     0.595951 0.025680 0.069583 0.110312 -0.548248 0.778474 0.284979     0.595647 0.025912 0.069547 0.111350 -0.548097 0.778277 0.285441     0.004468 -0.010850 0.002784 0.999794 -0.018188 0.003898 -0.008088     0.600526 0.015114 0.072262 0.099588 -0.542735 0.788361 0.272006     0.599293 0.015948 0.072089 0.099595 -0.542740 0.788381 0.271973     
0.596000 0.014000 0.063000 0.000000 -0.707100 0.707100 0.000000     0.591000 0.024000 0.063000 0.015518 -0.709898 0.704087 0.006847     -0.005696 0.010327 -0.000114 0.999809 0.015814 -0.006131 0.004109     0.595861 0.025722 0.073119 0.112371 -0.550790 0.777533 0.281826     0.595391 0.025909 0.072982 0.113644 -0.550763 0.777350 0.281908     0.005511 -0.011432 0.001172 0.999730 -0.018057 0.009340 -0.011286     0.601602 0.014540 0.074132 0.098314 -0.541263 0.789677 0.271586     0.600466 0.015494 0.073945 0.099071 -0.541261 0.789388 0.272192     
0.596000 0.014000 0.063000 0.000000 -0.707100 0.707100 0.000000     0.591000 0.024000 0.066500 0.016043 0.715192 -0.698523 0.016997     -0.005106 0.010287 0.003062 0.999618 -0.023363 -0.000675 0.011786     0.595932 0.026582 0.076400 0.084526 -0.559144 0.784398 0.254782     0.595976 0.026703 0.076064 0.085006 -0.559089 0.784272 0.255168     0.005403 -0.010616 -0.001262 0.999523 0.023489 -0.000122 -0.020061     0.601423 0.015299 0.075245 0.102826 -0.541187 0.789246 0.271320     0.600014 0.015800 0.075355 0.103509 -0.541185 0.789267 0.271040     
0.596000 0.014000 0.063000 0.000000 -0.707100 0.707100 0.000000     0.596000 0.004000 0.059500 0.006099 0.702181 -0.711804 0.014869     -0.001046 -0.009544 -0.003645 0.999809 -0.014826 -0.006201 -0.006805     0.600905 0.006229 0.069499 0.098621 -0.545308 0.791849 0.256647     0.600574 0.006499 0.069585 0.099326 -0.545329 0.791493 0.257467     0.001039 0.010487 0.002797 0.999924 0.011428 0.003324 0.003248     0.601996 0.016520 0.072312 0.101379 -0.545859 0.787412 0.267810     0.600768 0.017094 0.071674 0.101632 -0.545865 0.787407 0.267754     
0.596000 0.014000 0.063000 0.000000 -0.707100 0.707100 0.000000     0.596000 0.004000 0.063000 0.004218 -0.707142 0.707004 0.007639     -0.000659 -0.009472 -0.000305 0.999923 0.008384 0.002418 0.000097     0.601048 0.005833 0.073008 0.102697 -0.546118 0.782699 0.280305     0.600748 0.006125 0.072636 0.103158 -0.546018 0.782656 0.280486     0.000827 0.009148 0.000827 0.999974 -0.005696 0.001754 -0.004061     0.601925 0.015054 0.073796 0.099349 -0.543018 0.786673 0.276380     0.600613 0.015720 0.074031 0.099695 -0.543168 0.786408 0.276753     
0.596000 0.014000 0.063000 0.000000 -0.707100 0.707100 0.000000     0.596000 0.004000 0.066500 0.007857 -0.695443 0.718273 -0.019049     -0.000507 -0.009527 0.003188 0.999618 -0.007914 -0.019025 -0.016143     0.600681 0.006003 0.076653 0.114996 -0.540677 0.793647 0.254064     0.600375 0.006251 0.076392 0.115364 -0.540593 0.793683 0.254003     0.000556 0.010532 -0.002379 0.999740 0.007987 0.017956 0.011568     0.601554 0.016486 0.074131 0.102095 -0.544236 0.787222 0.271375     0.600402 0.017270 0.073595 0.102844 -0.544242 0.787076 0.271543     
0.596000 0.014000 0.063000 0.000000 -0.707100 0.707100 0.000000     0.596000 0.009000 0.059500 0.008736 0.699622 -0.713717 -0.032285     -0.000557 -0.004331 -0.003574 0.999352 0.016651 0.029005 -0.009967     0.601609 0.010565 0.069251 0.089042 -0.529837 0.788169 0.300189     0.601202 0.011020 0.069262 0.089738 -0.529785 0.787957 0.300665     0.001347 0.004307 0.002166 0.999422 -0.014943 -0.030279 0.004030     0.602342 0.015211 0.071687 0.103728 -0.543127 0.787368 0.272554     0.601711 0.015594 0.071579 0.106363 -0.542670 0.787198 0.272977     
0.596000 0.014000 0.063000 0.000000 -0.707100 0.707100 0.000000     0.596000 0.009000 0.063000 0.008703 0.706777 -0.707369 0.000474     -0.000291 -0.004665 -0.000275 0.999923 -0.006489 0.005819 -0.000419     0.601118 0.011125 0.072914 0.092025 -0.546274 0.787374 0.270442     0.600942 0.011335 0.072700 0.092433 -0.546217 0.787316 0.270621     0.000850 0.005023 -0.000253 0.999911 0.008822 -0.005229 -0.008544     0.601897 0.015885 0.072749 0.103264 -0.540100 0.789104 0.273722     0.600711 0.016683 0.072296 0.104293 -0.540239 0.789223 0.272750     
0.596000 0.014000 0.063000 0.000000 -0.707100 0.707100 0.000000     0.596000 0.009000 0.066500 -0.000000 0.707100 -0.707100 -0.000000     -0.000401 -0.004439 0.003401 0.999961 0.000000 0.000000 0.000000     0.601000 0.011000 0.076500 0.100035 -0.547560 0.784824 0.272401     0.600825 0.011235 0.076486 0.101124 -0.547313 0.784541 0.273344     0.000747 0.005320 -0.004137 0.999978 0.000688 0.001758 -0.006288     0.601806 0.016243 0.072348 0.100742 -0.542065 0.788239 0.273269     0.600452 0.016887 0.072373 0.100853 -0.542050 0.788242 0.273286     
0.596000 0.014000 0.063000 0.000000 -0.707100 0.707100 0.000000     0.596000 0.014000 0.059500 0.016680 -0.710294 0.703690 0.002132     -0.000572 0.000599 -0.003887 0.999809 0.013302 -0.010287 0.004669     0.600775 0.015778 0.069651 0.114105 -0.552613 0.777495 0.277634     0.600832 0.015910 0.069558 0.115211 -0.552327 0.776932 0.279351     0.001346 -0.000609 0.001659 0.999786 -0.012216 0.013509 -0.009860     0.602429 0.015318 0.071131 0.099564 -0.542472 0.787710 0.274417     0.601052 0.015887 0.071008 0.100744 -0.542424 0.787896 0.273581     
0.596000 0.014000 0.063000 0.000000 -0.707100 0.707100 0.000000     0.596000 0.014000 0.063000 0.031517 -0.698148 0.715191 -0.008909     -0.000250 0.000326 -0.000547 0.999352 0.015986 -0.028585 -0.012051     0.600461 0.015561 0.073328 0.134445 -0.543955 0.783731 0.267924     0.600374 0.015700 0.072898 0.135139 -0.543894 0.783578 0.268183     -0.000248 0.000234 -0.000048 0.999397 -0.013360 0.030965 0.008271     0.600814 0.016145 0.072938 0.100612 -0.543610 0.786501 0.275248     0.599439 0.016709 0.072751 0.101511 -0.543552 0.786322 0.275580     
0.596000 0.014000 0.063000 0.000000 -0.707100 0.707100 0.000000     0.596000 0.014000 0.066500 0.003666 -0.707917 0.706230 -0.007829     -0.000814 0.000506 0.003124 0.999923 -0.002944 -0.008128 0.001193     0.600832 0.016071 0.076568 0.104473 -0.550984 0.784130 0.265749     0.600306 0.016337 0.076326 0.105757 -0.550856 0.784077 0.265702     -0.000027 0.000250 -0.003864 0.999954 0.003439 0.006116 -0.006565     0.600954 0.016187 0.072658 0.103311 -0.543826 0.787436 0.271118     0.599601 0.016829 0.072616 0.104307 -0.543886 0.787728 0.269801     
0.596000 0.014000 0.063000 0.000000 -0.707100 0.707100 0.000000     0.596000 0.019000 0.059500 0.004665 0.709862 -0.703477 -0.034290     -0.000709 0.005468 -0.003569 0.999352 0.020948 0.027544 0.004514     0.601529 0.020633 0.069286 0.088596 -0.541170 0.778923 0.304211     0.601159 0.020970 0.069290 0.090000 -0.540905 0.778799 0.304621     -0.000628 -0.002575 0.001164 0.999271 -0.023426 -0.029407 -0.006674     0.600343 0.018452 0.070673 0.100790 -0.546599 0.786488 0.269236     0.599046 0.019121 0.070346 0.101295 -0.546711 0.786418 0.269060     
0.596000 0.014000 0.063000 0.000000 -0.707100 0.707100 0.000000     0.596000 0.019000 0.063000 0.012611 -0.698620 0.715365 -0.002310     -0.000668 0.005418 -0.000349 0.999809 0.007284 -0.010550 -0.011840     0.600832 0.020737 0.073131 0.115514 -0.540329 0.788148 0.271115     0.600419 0.020994 0.072925 0.115993 -0.540292 0.788156 0.271000     -0.000152 -0.004492 -0.000383 0.999901 -0.011597 0.006667 0.004462     0.600797 0.016522 0.072639 0.102772 -0.543324 0.789573 0.266066     0.599527 0.017266 0.072397 0.104158 -0.543242 0.789268 0.266636     
0.596000 0.014000 0.063000 0.000000 -0.707100 0.707100 0.000000     0.596000 0.019000 0.066500 0.023774 -0.724437 0.688901 0.004621     -0.000488 0.005586 0.002779 0.999352 0.020078 -0.013543 0.025127     0.600630 0.020836 0.076708 0.114753 -0.568628 0.763763 0.283091     0.600451 0.021164 0.076259 0.116480 -0.568413 0.763509 0.283535     0.000705 -0.006076 -0.002856 0.999042 -0.021839 0.019278 -0.032650     0.601848 0.014881 0.073580 0.096743 -0.540195 0.789992 0.273356     0.600646 0.015745 0.073608 0.097452 -0.539884 0.789801 0.274304     
0.596000 0.014000 0.063000 0.000000 -0.707100 0.707100 0.000000     0.596000 0.024000 0.059500 0.019982 -0.710789 0.702550 -0.028013     -0.000245 0.009832 -0.003626 0.999352 -0.005678 -0.033937 0.005826     0.600287 0.026169 0.069792 0.121912 -0.561611 0.779308 0.249778     0.600016 0.025911 0.069634 0.122018 -0.561648 0.779269 0.249808     0.000300 -0.010160 0.003099 0.999383 0.006980 0.032126 -0.012349     0.601290 0.015753 0.072621 0.103806 -0.542766 0.787936 0.271601     0.600142 0.016633 0.072230 0.105659 -0.542394 0.788059 0.271307     
0.596000 0.014000 0.063000 0.000000 -0.707100 0.707100 0.000000     0.596000 0.024000 0.063000 0.021022 0.716983 -0.696732 -0.006185     -0.000697 0.010425 0.000091 0.999618 -0.010491 0.019237 0.014320     0.601318 0.026355 0.072756 0.075257 -0.554420 0.781496 0.276041     0.600791 0.026551 0.072951 0.076044 -0.554261 0.781356 0.276577     0.000928 -0.010131 -0.000634 0.999526 0.012437 -0.021207 -0.018555     0.601905 0.015787 0.072393 0.103811 -0.544574 0.786384 0.272475     0.600704 0.016542 0.071918 0.104694 -0.544431 0.786815 0.271214     
0.596000 0.014000 0.063000 0.000000 -0.707100 0.707100 0.000000     0.596000 0.024000 0.066500 0.000585 0.704582 -0.709564 0.007962     -0.000500 0.010305 0.003578 0.999923 -0.006044 -0.005217 -0.003522     0.600910 0.026086 0.076527 0.101775 -0.546800 0.787847 0.264439     0.600549 0.026241 0.076694 0.102759 -0.546590 0.787554 0.265405     0.001022 -0.011098 -0.002372 0.999988 0.003055 0.003189 -0.002159     0.602004 0.014906 0.074136 0.101503 -0.543939 0.788535 0.268366     0.600618 0.015477 0.074113 0.102222 -0.543913 0.788746 0.267561     
0.596000 0.014000 0.063000 0.000000 -0.707100 0.707100 0.000000     0.601000 0.004000 0.059500 0.003180 -0.712339 0.701807 0.003254     0.004739 -0.009913 -0.003599 0.999923 0.004549 0.000052 0.007447     0.605971 0.005983 0.069518 0.100452 -0.552914 0.779483 0.276735     0.605976 0.005981 0.069593 0.101331 -0.553049 0.778767 0.278192     -0.006049 0.012237 0.001481 0.999900 -0.001828 0.002044 -0.013856     0.600016 0.018118 0.070971 0.101672 -0.541676 0.787778 0.275020     0.598871 0.018974 0.070540 0.103181 -0.541739 0.788100 0.273442     
0.596000 0.014000 0.063000 0.000000 -0.707100 0.707100 0.000000     0.601000 0.004000 0.063000 0.007397 0.710308 -0.703838 0.000706     0.004160 -0.009450 -0.000221 0.999923 -0.005730 0.004731 0.004575     0.606075 0.006160 0.072928 0.091934 -0.550414 0.784323 0.270942     0.605613 0.006416 0.072799 0.093471 -0.550186 0.784352 0.270832     -0.004878 0.010799 -0.000185 0.999941 0.006933 -0.004554 -0.006990     0.601136 0.016751 0.072818 0.101210 -0.545496 0.785827 0.273214     0.599796 0.017400 0.072670 0.102331 -0.545544 0.785748 0.272965     
0.596000 0.014000 0.063000 0.000000 -0.707100 0.707100 0.000000     0.601000 0.004000 0.066500 0.000145 0.703390 -0.710756 0.007000     0.004288 -0.009581 0.003361 0.999923 -0.005052 -0.004847 -0.005208     0.605924 0.006050 0.076528 0.102487 -0.545277 0.788537 0.265250     0.605389 0.006319 0.076455 0.103478 -0.545158 0.788472 0.265344     -0.005461 0.010482 -0.003679 0.999973 0.003723 0.006384 -0.000384     0.600593 0.016453 0.072800 0.099583 -0.542885 0.788392 0.271620     0.599401 0.017202 0.072286 0.099833 -0.542840 0.788662 0.270871     
0.596000 0.014000 0.063000 0.000000 -0.707100 0.707100 0.000000     0.601000 0.009000 0.059500 0.007854 -0.711780 0.701936 0.023981     0.004243 -0.004625 -0.003566 0.999618 0.022510 0.011403 0.006961     0.606202 0.010622 0.069465 0.101480 -0.547477 0.775753 0.296916     0.605707 0.010940 0.069411 0.102458 -0.547199 0.775846 0.296883     -0.004132 0.006210 0.002496 0.999649 -0.021797 -0.010946 -0.010383     0.601889 0.017160 0.071995 0.101086 -0.544692 0.786525 0.272856     0.600592 0.017874 0.071769 0.101972 -0.544766 0.786898 0.271337     
0.596000 0.014000 0.063000 0.000000 -0.707100 0.707100 0.000000     0.601000 0.009000 0.063000 0.017279 0.708673 -0.705311 -0.000593     0.005586 -0.005278 0.000057 0.999809 -0.011799 0.012637 0.002377     0.606240 0.011258 0.072820 0.082993 -0.547080 0.787881 0.270257     0.606898 0.010923 0.072921 0.083084 -0.547201 0.786620 0.273672     -0.003940 0.005149 -0.000141 0.999736 0.014272 -0.015608 -0.008980     0.602027 0.016032 0.072898 0.105503 -0.542894 0.787434 0.272147     0.600757 0.016681 0.072436 0.105622 -0.542891 0.787452 0.272091     
0.596000 0.014000 0.063000 0.000000 -0.707100 0.707100 0.000000     0.601000 0.009000 0.066500 0.010564 -0.716232 0.697753 -0.004716     0.004438 -0.004673 0.003210 0.999809 0.004135 -0.010805 0.013066     0.605730 0.011044 0.076622 0.107204 -0.560261 0.775343 0.270996     0.605417 0.011258 0.076491 0.108450 -0.560220 0.775082 0.271367     -0.004573 0.006506 -0.003639 0.999818 -0.005056 0.009122 -0.015996     0.601405 0.017496 0.072874 0.101614 -0.545826 0.786511 0.270422     0.600179 0.018107 0.072266 0.101995 -0.545824 0.786542 0.270232     
0.596000 0.014000 0.063000 0.000000 -0.707100 0.707100 0.000000     0.601000 0.014000 0.059500 0.018246 -0.718418 0.695297 -0.009220     0.004293 0.000416 -0.003754 0.999618 0.006382 -0.019421 0.016348     0.605541 0.016027 0.069711 0.114284 -0.564855 0.771922 0.268318     0.605107 0.016303 0.069496 0.114764 -0.564848 0.771885 0.268271     -0.004380 0.000192 0.002049 0.999460 -0.008080 0.022052 -0.022977     0.601698 0.016161 0.071516 0.098801 -0.541821 0.789172 0.271766     0.600426 0.016928 0.071361 0.098649 -0.541986 0.789150 0.271591     
0.596000 0.014000 0.063000 0.000000 -0.707100 0.707100 0.000000     0.601000 0.014000 0.063000 0.021370 -0.724097 0.689242 0.012403     0.005192 -0.000323 -0.000221 0.999352 0.023880 -0.006341 0.024646     0.605779 0.015760 0.073152 0.111313 -0.565908 0.763711 0.289971     0.605892 0.015233 0.072864 0.111793 -0.566074 0.763339 0.290476     -0.004889 0.000888 -0.000029 0.999276 -0.020361 0.011626 -0.029958     0.601233 0.016761 0.072933 0.099518 -0.541514 0.787310 0.277457     0.599890 0.017413 0.073069 0.100322 -0.541451 0.787297 0.277362     
0.596000 0.014000 0.063000 0.000000 -0.707100 0.707100 0.000000     0.601000 0.014000 0.066500 0.011262 0.699344 -0.714372 0.021106     0.004313 0.000255 0.003502 0.999618 -0.022887 -0.006960 -0.010626     0.605907 0.016352 0.076469 0.095825 -0.543218 0.795912 0.249471     0.605639 0.016404 0.076374 0.096426 -0.543191 0.795790 0.249728     -0.005079 0.000828 -0.002276 0.999670 0.024166 0.005797 0.006535     0.600916 0.016761 0.074240 0.102676 -0.544478 0.786626 0.272397     0.599663 0.017375 0.073703 0.103387 -0.544458 0.786513 0.272531     
0.596000 0.014000 0.063000 0.000000 -0.707100 0.707100 0.000000     0.601000 0.019000 0.059500 -0.000000 0.707100 -0.707100 -0.000000     0.003911 0.005426 -0.003640 0.999961 0.000000 0.000000 0.000000     0.606000 0.021000 0.069500 0.100035 -0.547560 0.784824 0.272401     0.606096 0.021169 0.069258 0.100901 -0.547450 0.783619 0.275788     -0.003688 -0.004866 0.002047 0.999997 0.001367 -0.001699 -0.001342     0.602283 0.016093 0.071569 0.102482 -0.546831 0.785014 0.272409     0.600973 0.016820 0.071559 0.103464 -0.546872 0.785392 0.270897     
0.596000 0.014000 0.063000 0.000000 -0.707100 0.707100 0.000000     0.601000 0.019000 0.063000 0.007691 -0.724120 0.689595 0.005486     0.004537 0.005299 -0.000237 0.999618 0.009317 -0.001560 0.024412     0.605870 0.021054 0.073053 0.099677 -0.566025 0.768494 0.281209     0.605547 0.021240 0.072871 0.100689 -0.565962 0.768307 0.281520     -0.005520 -0.005139 0.000373 0.999515 -0.012312 0.005629 -0.028046     0.600577 0.015882 0.073320 0.096220 -0.543841 0.788019 0.272002     0.599395 0.016758 0.073209 0.096440 -0.543824 0.787776 0.272699     
0.596000 0.014000 0.063000 0.000000 -0.707100 0.707100 0.000000     0.601000 0.019000 0.066500 0.007521 0.704122 -0.710024 0.001471     0.003974 0.005355 0.003434 0.999923 -0.006358 0.004278 -0.004173     0.606102 0.021085 0.076431 0.094328 -0.543734 0.789239 0.269326     0.606073 0.021196 0.076116 0.095458 -0.543492 0.788379 0.271959     -0.004682 -0.003954 -0.003169 0.999979 0.003834 -0.004752 0.002325     0.601316 0.017078 0.073326 0.099535 -0.546476 0.786477 0.269981     0.600208 0.017867 0.072704 0.100364 -0.546492 0.786456 0.269739     
0.596000 0.014000 0.063000 0.000000 -0.707100 0.707100 0.000000     0.601000 0.024000 0.059500 0.012872 -0.714624 0.699361 0.004734     0.004703 0.009687 -0.003566 0.999809 0.012449 -0.005754 0.010793     0.605843 0.025856 0.069605 0.108413 -0.556269 0.774828 0.280059     0.605550 0.025523 0.069519 0.108782 -0.556326 0.774681 0.280244     -0.004845 -0.010592 0.002426 0.999763 -0.011785 0.010043 -0.015312     0.601257 0.015349 0.071886 0.098338 -0.542738 0.787551 0.274788     0.599898 0.015972 0.071975 0.098602 -0.542733 0.787549 0.274746     
0.596000 0.014000 0.063000 0.000000 -0.707100 0.707100 0.000000     0.601000 0.024000 0.063000 0.002877 0.715296 -0.698689 0.012586     0.004345 0.010411 -0.000299 0.999809 -0.010934 -0.006865 0.011742     0.605812 0.026334 0.073020 0.096222 -0.559656 0.780566 0.261194     0.605272 0.026564 0.072948 0.096481 -0.559627 0.780552 0.261243     -0.004041 -0.010523 0.001301 0.999744 0.011602 0.006458 -0.018307     0.601978 0.015399 0.074307 0.102431 -0.542420 0.788203 0.272036     0.600897 0.016319 0.073867 0.103188 -0.542422 0.787995 0.272387     
0.596000 0.014000 0.063000 0.000000 -0.707100 0.707100 0.000000     0.601000 0.024000 0.066500 -0.000000 0.707100 -0.707100 -0.000000     0.004214 0.010191 0.003529 0.999961 0.000000 0.000000 0.000000     0.606000 0.026000 0.076500 0.100035 -0.547560 0.784824 0.272401     0.605340 0.026113 0.076514 0.100209 -0.547570 0.784808 0.272400     -0.004359 -0.011298 -0.001965 0.999988 0.000207 -0.001738 -0.004628     0.601624 0.014652 0.074553 0.102772 -0.544374 0.787118 0.271146     0.600299 0.015325 0.074374 0.103946 -0.544370 0.787355 0.270053     
0.596000 0.014000 0.063000 0.000000 -0.707100 0.707100 0.000000     0.606000 0.004000 0.059500 0.005347 0.709359 -0.704625 -0.016272     0.009514 -0.009749 -0.004155 0.999809 0.007725 0.015287 0.003347     0.611291 0.005881 0.069373 0.091340 -0.545167 0.782296 0.287128     0.611211 0.005891 0.068982 0.091867 -0.545271 0.782042 0.287490     -0.008765 0.009528 0.003029 0.999873 -0.004920 -0.012940 -0.007866     0.602299 0.015425 0.072517 0.101028 -0.543109 0.786716 0.275470     0.600957 0.016069 0.072686 0.101777 -0.543085 0.786825 0.274967     
0.596000 0.014000 0.063000 0.000000 -0.707100 0.707100 0.000000     0.606000 0.004000 0.063000 0.000945 0.702799 -0.711347 0.006223     0.009830 -0.009914 -0.000192 0.999923 -0.005069 -0.003732 -0.006044     0.610950 0.006041 0.073017 0.101831 -0.544319 0.789111 0.265764     0.610928 0.006067 0.072931 0.103520 -0.544222 0.788283 0.267799     -0.009628 0.009622 -0.000543 0.999980 0.005983 0.000231 0.001935     0.601319 0.015562 0.072495 0.104389 -0.545165 0.786476 0.270804     0.600142 0.016417 0.072160 0.105582 -0.544830 0.786586 0.270730     
0.596000 0.014000 0.063000 0.000000 -0.707100 0.707100 0.000000     0.606000 0.004000 0.066500 -0.000000 0.707100 -0.707100 -0.000000     0.008951 -0.009465 0.003294 0.999961 0.000000 0.000000 0.000000     0.611000 0.006000 0.076500 0.100035 -0.547560 0.784824 0.272401     0.610043 0.006272 0.076434 0.102212 -0.547369 0.784842 0.271962     -0.009883 0.010425 -0.004020 0.999998 0.001763 -0.000252 -0.000056     0.601112 0.016390 0.072489 0.101213 -0.547407 0.784348 0.273641     0.599777 0.017040 0.072641 0.101254 -0.547401 0.784348 0.273677     
0.596000 0.014000 0.063000 0.000000 -0.707100 0.707100 0.000000     0.606000 0.009000 0.059500 0.000189 -0.704148 0.709568 -0.025894     0.009669 -0.004373 -0.003686 0.999618 -0.018175 -0.018443 -0.003832     0.610646 0.011329 0.069599 0.105567 -0.551207 0.789760 0.247560     0.610467 0.011088 0.069285 0.107015 -0.550756 0.789736 0.248058     -0.009998 0.003901 0.001546 0.999677 0.017368 0.018567 -0.000571     0.601024 0.014875 0.071041 0.100584 -0.544148 0.787479 0.271370     0.599750 0.015557 0.070642 0.101549 -0.544130 0.787405 0.271301     
0.596000 0.014000 0.063000 0.000000 -0.707100 0.707100 0.000000     0.606000 0.009000 0.063000 0.008841 0.723786 -0.689552 0.023533     0.009269 -0.004586 -0.000029 0.999352 -0.022892 -0.010389 0.024206     0.610678 0.011692 0.072993 0.088998 -0.571345 0.776288 0.251002     0.610151 0.011934 0.072890 0.091268 -0.570901 0.776199 0.251511     -0.009240 0.003023 0.000730 0.999409 0.022138 0.007900 -0.025103     0.601715 0.014030 0.073751 0.101762 -0.547567 0.785318 0.270318     0.600446 0.014615 0.073398 0.102393 -0.547721 0.785846 0.268258     
0.596000 0.014000 0.063000 0.000000 -0.707100 0.707100 0.000000     0.606000 0.009000 0.066500 0.033666 0.704046 -0.709292 -0.008415     0.008371 -0.005335 0.003453 0.999352 -0.017854 0.029755 -0.003709     0.611600 0.011311 0.076107 0.067854 -0.537996 0.794217 0.274145     0.609971 0.010782 0.076018 0.068083 -0.538099 0.794045 0.274420     -0.008068 0.004813 -0.002814 0.999342 0.018594 -0.031150 -0.000590     0.602923 0.015753 0.073702 0.102715 -0.544450 0.786801 0.271934     0.601827 0.016719 0.073373 0.103433 -0.544370 0.787177 0.270769     
0.596000 0.014000 0.063000 0.000000 -0.707100 0.707100 0.000000     0.606000 0.014000 0.059500 0.001401 0.700996 -0.713151 -0.000562     0.009285 0.000375 -0.003409 0.999923 -0.000593 0.001388 -0.008595     0.611061 0.015925 0.069484 0.100957 -0.540475 0.789801 0.271826     0.610582 0.016187 0.069453 0.101518 -0.540460 0.789760 0.271801     -0.008859 0.000240 0.001953 0.999994 0.002188 -0.002597 0.000733     0.602147 0.016129 0.071471 0.103991 -0.541536 0.788543 0.272223     0.600881 0.016817 0.071057 0.104320 -0.541610 0.788681 0.271587     
0.596000 0.014000 0.063000 0.000000 -0.707100 0.707100 0.000000     0.606000 0.014000 0.063000 0.005102 0.707734 -0.706413 0.007017     0.009912 0.000207 -0.000169 0.999923 -0.008570 -0.001354 0.000934     0.610969 0.016181 0.072978 0.096146 -0.549498 0.786482 0.265017     0.611017 0.016250 0.072901 0.096700 -0.549457 0.786168 0.265867     -0.009509 -0.001020 -0.000411 0.999945 0.006684 0.001334 -0.008004     0.601520 0.014947 0.072581 0.100886 -0.542177 0.789194 0.270222     0.600469 0.015852 0.072018 0.100719 -0.542166 0.789497 0.269454     
0.596000 0.014000 0.063000 0.000000 -0.707100 0.707100 0.000000     0.606000 0.014000 0.066500 -0.000000 0.707100 -0.707100 -0.000000     0.009493 0.000293 0.003137 0.999961 0.000000 0.000000 0.000000     0.611000 0.016000 0.076500 0.100035 -0.547560 0.784824 0.272401     0.610649 0.016188 0.076238 0.100553 -0.547592 0.784756 0.272378     -0.009671 0.000045 -0.004310 0.999988 0.001622 -0.002374 -0.003985     0.601297 0.015973 0.072220 0.103870 -0.544910 0.786317 0.271973     0.600248 0.016766 0.071502 0.105125 -0.544599 0.786336 0.272095     
0.596000 0.014000 0.063000 0.000000 -0.707100 0.707100 0.000000     0.606000 0.019000 0.059500 0.003185 -0.700931 0.713053 -0.014865     0.009463 0.005428 -0.003468 0.999809 -0.008259 -0.012763 -0.008571     0.610778 0.021082 0.069591 0.107849 -0.545052 0.790371 0.258032     0.610504 0.021361 0.069575 0.108747 -0.544901 0.790239 0.258418     -0.008758 -0.005936 0.002964 0.999869 0.009010 0.012064 0.005912     0.602239 0.015023 0.072474 0.101685 -0.545569 0.786021 0.272333     0.600842 0.015567 0.072445 0.102376 -0.545607 0.786029 0.272011     
0.596000 0.014000 0.063000 0.000000 -0.707100 0.707100 0.000000     0.606000 0.019000 0.063000 0.007037 -0.710720 0.703426 -0.000186     0.009243 0.005297 0.000076 0.999923 0.004844 -0.005107 0.005157     0.610877 0.020954 0.073070 0.105287 -0.552493 0.780140 0.273913     0.610352 0.021028 0.073224 0.106339 -0.552355 0.779922 0.274442     -0.009254 -0.005860 -0.000904 0.999955 -0.002830 0.000087 -0.009105     0.601660 0.015062 0.072153 0.106145 -0.545640 0.785919 0.270781     0.600702 0.015915 0.071381 0.106625 -0.545483 0.785894 0.271016     
0.596000 0.014000 0.063000 0.000000 -0.707100 0.707100 0.000000     0.606000 0.019000 0.066500 0.001632 0.688059 -0.725280 0.022860     0.010000 0.005221 0.003036 0.999352 -0.017318 -0.015011 -0.026318     0.610806 0.021090 0.076576 0.109441 -0.532392 0.801973 0.247791     0.610942 0.021177 0.076213 0.110333 -0.532389 0.801625 0.248569     -0.010573 -0.005794 -0.001790 0.999473 0.019755 0.008833 0.024194     0.600314 0.015132 0.074780 0.106822 -0.547164 0.784742 0.270854     0.599079 0.015935 0.074509 0.107575 -0.547103 0.785003 0.269956     
0.596000 0.014000 0.063000 0.000000 -0.707100 0.707100 0.000000     0.606000 0.024000 0.059500 -0.000000 0.707100 -0.707100 -0.000000     0.009143 0.010458 -0.003495 0.999961 0.000000 0.000000 0.000000     0.611000 0.026000 0.069500 0.100035 -0.547560 0.784824 0.272401     0.610478 0.026277 0.069364 0.100590 -0.547472 0.784828 0.272400     -0.009006 -0.009718 0.001903 0.999979 0.005706 -0.000752 -0.003081     0.601991 0.016137 0.071433 0.104587 -0.544764 0.784865 0.276154     0.600631 0.016765 0.071499 0.105122 -0.544631 0.784898 0.276156     
0.596000 0.014000 0.063000 0.000000 -0.707100 0.707100 0.000000     0.606000 0.024000 0.063000 0.005126 -0.704839 0.709307 -0.006316     0.009418 0.010299 -0.000373 0.999923 -0.000841 -0.008091 -0.003159     0.610850 0.025986 0.073076 0.106781 -0.547348 0.785944 0.266984     0.610464 0.026167 0.072838 0.107565 -0.547347 0.785761 0.267248     -0.009107 -0.009645 -0.000349 1.000000 -0.000290 0.000052 -0.000095     0.601744 0.016345 0.072725 0.106607 -0.547290 0.786079 0.266775     0.600489 0.017100 0.072456 0.107861 -0.546964 0.785995 0.267223     
0.596000 0.014000 0.063000 0.000000 -0.707100 0.707100 0.000000     0.606000 0.024000 0.066500 0.027538 0.691510 -0.721828 0.000204     0.009252 0.010316 0.003552 0.999352 -0.019616 0.019327 -0.021437     0.611471 0.026162 0.076216 0.079903 -0.527099 0.803362 0.265279     0.611209 0.026350 0.076075 0.081965 -0.526733 0.803050 0.266355     -0.008941 -0.010564 -0.001836 0.999499 0.016554 -0.023235 0.013692     0.602014 0.015414 0.074690 0.103622 -0.542675 0.789495 0.267291     0.600716 0.016141 0.074556 0.104852 -0.542556 0.789456 0.267202     
