0.596000 0.014000 0.063000 0.000000 -0.707100 0.707100 0.000000     0.596000 0.014000 0.063000 -0.000000 0.707100 -0.707100 -0.000000     -0.000547 -0.004361 0.000263 0.999971 0.000643 0.000043 -0.000033     0.601000 0.016000 0.073000 0.100035 -0.547560 0.784824 0.272401     0.600723 0.016243 0.073094 0.100575 -0.547242 0.784907 0.272641     0.000634 -0.000590 -0.000633 0.999977 0.000993 -0.005497 -0.003807     0.601538 0.015352 0.072425 0.105927 -0.545958 0.786070 0.269784     0.600710 0.015758 0.072406 0.105909 -0.546046 0.786752 0.267653     
0.596000 0.014000 0.063000 0.000000 -0.707100 0.707100 0.000000     0.586000 0.004000 0.059500 0.007188 0.703607 -0.710539 -0.000676     -0.010300 -0.014705 -0.003510 0.999935 -0.004118 0.005701 -0.004814     0.591131 0.006042 0.069425 0.094480 -0.542638 0.789289 0.271332     0.590958 0.006125 0.069448 0.094886 -0.542525 0.789245 0.271581     0.010978 0.008834 0.002093 0.999934 0.000978 -0.010120 0.005272     0.601885 0.014910 0.071623 0.101562 -0.549417 0.785155 0.267093     0.600729 0.015753 0.071178 0.101756 -0.549421 0.785465 0.266132     
0.596000 0.014000 0.063000 0.000000 -0.707100 0.707100 0.000000     0.586000 0.004000 0.063000 0.002965 0.703472 -0.710674 -0.006436     -0.010606 -0.014650 -0.000107 0.999933 0.002841 0.006580 -0.004988     0.591152 0.005899 0.072942 0.097545 -0.541485 0.787579 0.277447     0.590785 0.006128 0.072838 0.098036 -0.541457 0.787536 0.277490     0.010371 0.009165 -0.000368 0.999935 -0.006848 -0.008537 0.003041     0.601341 0.015231 0.072634 0.099711 -0.546882 0.786949 0.267710     0.599987 0.015868 0.072539 0.100685 -0.546806 0.787377 0.266278     
0.596000 0.014000 0.063000 0.000000 -0.707100 0.707100 0.000000     0.586000 0.004000 0.066500 0.014522 -0.696051 0.717664 0.015517     -0.010458 -0.014728 0.003067 0.999623 0.021654 0.000537 -0.015044     0.591066 0.005420 0.076566 0.115242 -0.533061 0.787208 0.287834     0.590778 0.005533 0.076278 0.115834 -0.533096 0.787070 0.287944     0.009995 0.007834 -0.003158 0.999481 -0.028843 0.002438 0.014152     0.601060 0.013975 0.073280 0.093814 -0.546547 0.787838 0.267910     0.599872 0.014833 0.073032 0.093559 -0.546559 0.787875 0.267905     
0.596000 0.014000 0.063000 0.000000 -0.707100 0.707100 0.000000     0.586000 0.009000 0.059500 0.002768 0.711679 -0.702468 0.005106     -0.010882 -0.009723 -0.003592 0.999924 -0.006409 -0.003291 0.006478     0.590940 0.011176 0.069493 0.096505 -0.553658 0.782579 0.267768     0.591238 0.011097 0.069338 0.096551 -0.553700 0.782393 0.268245     0.011071 0.005980 0.001124 0.999918 0.004346 -0.006666 -0.010071     0.601918 0.016970 0.070700 0.106817 -0.547096 0.786284 0.266484     0.600507 0.017475 0.070695 0.106969 -0.547082 0.786617 0.265504     
0.596000 0.014000 0.063000 0.000000 -0.707100 0.707100 0.000000     0.586000 0.009000 0.063000 0.007010 0.704558 -0.709588 0.003790     -0.010533 -0.009669 -0.000255 0.999938 -0.007093 0.002025 -0.003471     0.591060 0.011117 0.072946 0.095031 -0.544891 0.789050 0.267289     0.590665 0.011354 0.072769 0.095716 -0.544788 0.789044 0.267308     0.010259 0.004107 -0.000303 0.999944 0.005347 -0.008469 0.003480     0.601135 0.015151 0.072749 0.103691 -0.549362 0.784875 0.267208     0.599803 0.015817 0.072590 0.104560 -0.549266 0.785304 0.265843     
0.596000 0.014000 0.063000 0.000000 -0.707100 0.707100 0.000000     0.586000 0.009000 0.066500 0.003262 0.711520 -0.702627 0.005096     -0.009968 -0.009642 0.003486 0.999940 -0.004703 -0.000264 0.006343     0.590948 0.011181 0.076488 0.096100 -0.553419 0.782831 0.267672     0.591099 0.011209 0.076538 0.096591 -0.553122 0.782544 0.268980     0.009437 0.003509 -0.002794 0.999933 0.004059 -0.008424 -0.006853     0.600245 0.014541 0.073794 0.106768 -0.549881 0.784675 0.265511     0.598863 0.015067 0.073588 0.106765 -0.549860 0.784669 0.265612     
0.596000 0.014000 0.063000 0.000000 -0.707100 0.707100 0.000000     0.586000 0.014000 0.059500 0.008995 0.723741 -0.689597 -0.023540     -0.010467 -0.004810 -0.003539 0.999348 0.011041 0.023059 0.024324     0.591358 0.016046 0.069303 0.080974 -0.558879 0.770625 0.295320     0.590931 0.016187 0.069226 0.081596 -0.558805 0.770465 0.295741     0.010308 0.001187 0.000717 0.999202 -0.013274 -0.027651 -0.025569     0.601222 0.017235 0.070250 0.102350 -0.547970 0.785982 0.267331     0.600999 0.017485 0.069933 0.104585 -0.547425 0.785519 0.268975     
0.596000 0.014000 0.063000 0.000000 -0.707100 0.707100 0.000000     0.586000 0.014000 0.063000 0.004990 0.703484 -0.710662 0.005049     -0.010091 -0.005216 -0.000383 0.999943 -0.005759 -0.000252 -0.004695     0.591020 0.016091 0.072971 0.097559 -0.544277 0.789503 0.266289     0.590878 0.015798 0.072560 0.098675 -0.544312 0.789203 0.266733     0.009143 -0.001294 -0.000190 0.999987 -0.001426 -0.004804 -0.000686     0.600070 0.014819 0.072824 0.100757 -0.545147 0.789778 0.262478     0.598676 0.015364 0.072914 0.101852 -0.545251 0.789992 0.261229     
0.596000 0.014000 0.063000 0.000000 -0.707100 0.707100 0.000000     0.586000 0.014000 0.066500 0.005212 -0.710958 0.703189 -0.004337     -0.011068 -0.004410 0.003303 0.999932 0.000690 -0.006899 0.005519     0.590842 0.016042 0.076569 0.104172 -0.553628 0.780942 0.269729     0.590847 0.016332 0.075931 0.104479 -0.553598 0.780802 0.270113     0.010501 -0.001710 -0.003492 0.999922 -0.009490 -0.001668 -0.008005     0.601343 0.014446 0.073053 0.102372 -0.548771 0.787699 0.260539     0.600002 0.015112 0.073062 0.103312 -0.548842 0.787826 0.259671     
0.596000 0.014000 0.063000 0.000000 -0.707100 0.707100 0.000000     0.586000 0.019000 0.059500 0.009011 -0.722289 0.691050 -0.025472     -0.010139 0.000298 -0.003741 0.999388 -0.010944 -0.023494 0.022206     0.590409 0.021443 0.069678 0.106719 -0.572369 0.772982 0.251959     0.590528 0.021468 0.069615 0.107024 -0.572305 0.772715 0.252832     0.009630 -0.005470 0.000810 0.999491 0.005646 0.018041 -0.025688     0.600521 0.015619 0.070346 0.102423 -0.547074 0.787794 0.263780     0.599898 0.016026 0.070144 0.104931 -0.546627 0.787649 0.264191     
0.596000 0.014000 0.063000 0.000000 -0.707100 0.707100 0.000000     0.586000 0.019000 0.063000 0.007998 0.708907 -0.705239 0.002335     -0.010907 0.000411 -0.000105 0.999934 -0.007187 0.003875 0.002636     0.591069 0.021172 0.072929 0.092181 -0.549215 0.785765 0.269108     0.590410 0.021450 0.072788 0.092464 -0.549177 0.785798 0.269029     0.010800 -0.005797 -0.000201 0.999937 0.000668 -0.009787 -0.005412     0.601697 0.015308 0.072829 0.101688 -0.547500 0.787606 0.263742     0.600440 0.016101 0.072660 0.102354 -0.547527 0.787601 0.263480     
0.596000 0.014000 0.063000 0.000000 -0.707100 0.707100 0.000000     0.586000 0.019000 0.066500 0.008099 -0.709390 0.703948 -0.033728     -0.010292 0.000323 0.002990 0.999374 -0.017253 -0.029619 0.004235     0.590385 0.021402 0.076698 0.112214 -0.560116 0.784217 0.242203     0.590262 0.021526 0.076295 0.113157 -0.560109 0.783999 0.242526     0.009906 -0.006103 -0.003735 0.999649 0.007365 0.023339 -0.010142     0.600809 0.015057 0.072780 0.100454 -0.545486 0.790458 0.259828     0.599444 0.015661 0.072916 0.100620 -0.545414 0.791010 0.258267     
0.596000 0.014000 0.063000 0.000000 -0.707100 0.707100 0.000000     0.586000 0.024000 0.059500 0.002037 -0.706138 0.708008 0.008382     -0.010772 0.005395 -0.003589 0.999937 0.006993 0.004158 -0.001364     0.591095 0.025839 0.069483 0.100904 -0.544542 0.783961 0.280497     0.590652 0.026062 0.069367 0.100937 -0.544571 0.784137 0.279969     0.010563 -0.009339 -0.000041 0.999908 -0.011646 -0.006999 -0.000391     0.601520 0.016729 0.069467 0.100149 -0.547323 0.786661 0.267491     0.600495 0.017635 0.069209 0.100857 -0.547553 0.787116 0.265446     
0.596000 0.014000 0.063000 0.000000 -0.707100 0.707100 0.000000     0.586000 0.024000 0.063000 0.004698 0.701930 -0.712216 0.001089     -0.010077 0.005309 -0.000528 0.999934 -0.003405 0.002946 -0.007238     0.591080 0.026008 0.072958 0.097769 -0.541545 0.790146 0.269849     0.591226 0.026077 0.072633 0.098267 -0.541396 0.789947 0.270589     0.011018 -0.010640 -0.001442 0.999950 0.000434 -0.008716 0.004786     0.601904 0.015408 0.071605 0.103594 -0.547610 0.786546 0.265926     0.601146 0.016122 0.071356 0.105758 -0.547052 0.786617 0.266050     
0.596000 0.014000 0.063000 0.000000 -0.707100 0.707100 0.000000     0.586000 0.024000 0.066500 0.012808 0.714682 -0.698657 0.030422     -0.010210 0.005211 0.003431 0.999400 -0.029457 -0.011861 0.011504     0.590697 0.026721 0.076476 0.089924 -0.562571 0.785222 0.242558     0.590715 0.026783 0.076466 0.090662 -0.562465 0.784932 0.243507     0.010273 -0.011342 -0.003014 0.999555 0.019436 0.008126 -0.021141     0.601236 0.014786 0.073479 0.099565 -0.542001 0.792782 0.260382     0.599875 0.015379 0.073693 0.099488 -0.542007 0.793054 0.259608     
0.596000 0.014000 0.063000 0.000000 -0.707100 0.707100 0.000000     0.591000 0.004000 0.059500 -0.000000 0.707100 -0.707100 -0.000000     -0.004793 -0.015011 -0.003320 0.999970 0.000321 0.000827 0.000008     0.596000 0.006000 0.069500 0.100035 -0.547560 0.784824 0.272401     0.596274 0.005882 0.069725 0.099914 -0.547562 0.784585 0.273168     0.005141 0.008919 0.001233 0.999956 -0.002467 -0.004860 -0.007629     0.601074 0.014893 0.070772 0.104572 -0.543119 0.789153 0.267028     0.600189 0.015196 0.070596 0.109225 -0.542065 0.789039 0.267681     
0.596000 0.014000 0.063000 0.000000 -0.707100 0.707100 0.000000     0.591000 0.004000 0.063000 0.007035 -0.711357 0.702628 -0.014731     -0.005539 -0.014748 -0.000148 0.999817 -0.004820 -0.015597 0.006344     0.595664 0.006169 0.073126 0.107437 -0.557058 0.781267 0.260279     0.595281 0.006331 0.072984 0.108162 -0.556991 0.781194 0.260381     0.006103 0.008199 0.000633 0.999815 -0.003976 0.011357 -0.015022     0.602060 0.014303 0.073633 0.100240 -0.542690 0.791745 0.261837     0.600863 0.014998 0.073275 0.100408 -0.542612 0.792481 0.259739     
0.596000 0.014000 0.063000 0.000000 -0.707100 0.707100 0.000000     0.591000 0.004000 0.066500 0.021018 -0.696002 0.717714 -0.002790     -0.005733 -0.014430 0.003331 0.999601 0.013973 -0.017698 -0.015192     0.595715 0.005590 0.076710 0.124452 -0.538619 0.787767 0.271670     0.595337 0.005990 0.076535 0.125899 -0.538341 0.787691 0.271811     0.006124 0.008284 -0.003936 0.999382 -0.023864 0.020747 0.015347     0.602198 0.014506 0.072480 0.091008 -0.547710 0.788079 0.265788     0.601165 0.015042 0.072408 0.091526 -0.547694 0.788740 0.263711     
0.596000 0.014000 0.063000 0.000000 -0.707100 0.707100 0.000000     0.591000 0.009000 0.059500 0.000602 0.703419 -0.710727 0.007006     -0.005249 -0.009628 -0.003818 0.999935 -0.004964 -0.004604 -0.005069     0.595930 0.011056 0.069523 0.102047 -0.545255 0.788636 0.265173     0.595789 0.011291 0.069258 0.102516 -0.545174 0.788604 0.265292     0.004555 0.002972 0.002224 0.999992 -0.000250 -0.003318 -0.002145     0.600428 0.014012 0.071778 0.105096 -0.544464 0.789528 0.262945     0.599015 0.014447 0.071551 0.105746 -0.544572 0.789579 0.262342     
0.596000 0.014000 0.063000 0.000000 -0.707100 0.707100 0.000000     0.591000 0.009000 0.063000 0.027522 -0.691857 0.721482 0.004656     -0.005253 -0.010040 -0.000030 0.999289 0.025770 -0.016333 -0.020797     0.595743 0.010335 0.073234 0.130828 -0.532914 0.788001 0.279144     0.595451 0.009847 0.073144 0.132702 -0.532904 0.787390 0.280036     0.004673 0.003976 -0.002050 0.999108 -0.031439 0.018367 0.021371     0.600711 0.015155 0.070893 0.093518 -0.548266 0.787088 0.266706     0.599420 0.015813 0.070591 0.093851 -0.548112 0.787867 0.264634     
0.596000 0.014000 0.063000 0.000000 -0.707100 0.707100 0.000000     0.591000 0.009000 0.066500 0.000456 -0.701900 0.712084 0.015891     -0.004993 -0.009907 0.003203 0.999805 0.012264 0.011327 -0.007272     0.596244 0.010696 0.076431 0.099745 -0.537696 0.786591 0.286687     0.596410 0.010700 0.076254 0.100176 -0.537533 0.786438 0.287295     0.005034 0.004181 -0.003931 0.999841 -0.012613 -0.012270 0.002989     0.601023 0.015159 0.072579 0.101741 -0.544737 0.787250 0.270421     0.599822 0.016006 0.072294 0.103074 -0.544629 0.787612 0.269115     
0.596000 0.014000 0.063000 0.000000 -0.707100 0.707100 0.000000     0.591000 0.014000 0.059500 -0.000000 0.707100 -0.707100 -0.000000     -0.005348 -0.004582 -0.003901 0.999971 0.000438 -0.000179 0.000090     0.596000 0.016000 0.069500 0.100035 -0.547560 0.784824 0.272401     0.595786 0.016249 0.069255 0.100596 -0.547460 0.784794 0.272518     0.004502 -0.000670 0.001386 0.999971 -0.000437 -0.006675 -0.003562     0.600382 0.015304 0.070950 0.106002 -0.546610 0.786203 0.268039     0.599060 0.016009 0.070945 0.106081 -0.546665 0.786832 0.266083     
0.596000 0.014000 0.063000 0.000000 -0.707100 0.707100 0.000000     0.591000 0.014000 0.063000 0.008339 -0.706983 0.707163 -0.002568     -0.005753 -0.004421 -0.000409 0.999929 0.003915 -0.008248 -0.000214     0.595845 0.015917 0.073092 0.108353 -0.549132 0.782981 0.271358     0.595853 0.016208 0.072734 0.108663 -0.549059 0.782950 0.271507     0.004893 -0.001645 -0.001298 0.999972 -0.005243 0.000640 -0.005323     0.600772 0.014325 0.071767 0.106414 -0.545343 0.787374 0.267019     0.599638 0.015034 0.071509 0.106520 -0.545359 0.788075 0.264906     
0.596000 0.014000 0.063000 0.000000 -0.707100 0.707100 0.000000     0.591000 0.014000 0.066500 0.008888 -0.696883 0.717102 0.004604     -0.005517 -0.004720 0.003469 0.999825 0.008232 -0.004039 -0.014381     0.595992 0.015666 0.076565 0.111515 -0.536127 0.789631 0.276758     0.595642 0.015805 0.076510 0.111123 -0.536283 0.790135 0.275208     0.004347 -0.001225 -0.003726 0.999909 -0.009943 0.001785 0.008897     0.600342 0.014729 0.072786 0.102303 -0.543718 0.787740 0.270831     0.599392 0.015070 0.072576 0.102696 -0.543910 0.788298 0.268704     
0.596000 0.014000 0.063000 0.000000 -0.707100 0.707100 0.000000     0.591000 0.019000 0.059500 0.004992 0.710833 -0.703313 -0.004791     -0.005274 0.000380 -0.003865 0.999931 0.000950 0.007015 0.005469     0.596116 0.021057 0.069429 0.093075 -0.549842 0.782613 0.276600     0.595991 0.021242 0.069163 0.094047 -0.549638 0.782467 0.277126     0.005302 -0.004908 0.000719 0.999906 -0.003545 -0.011880 -0.005777     0.601205 0.016162 0.070253 0.102013 -0.548885 0.785592 0.266730     0.599989 0.016750 0.070108 0.103139 -0.548756 0.786167 0.264897     
0.596000 0.014000 0.063000 0.000000 -0.707100 0.707100 0.000000     0.591000 0.019000 0.063000 0.007290 0.715223 -0.698762 -0.010769     -0.005489 0.000193 0.000011 0.999818 0.002639 0.012784 0.011670     0.596206 0.021070 0.072880 0.088174 -0.552887 0.778938 0.282447     0.595922 0.021159 0.072855 0.088390 -0.552855 0.778910 0.282556     0.006062 -0.005393 -0.000817 0.999737 -0.005777 -0.016883 -0.014377     0.601991 0.015646 0.072210 0.102168 -0.546821 0.786826 0.267271     0.601213 0.016019 0.071725 0.101877 -0.547058 0.787430 0.265147     
0.596000 0.014000 0.063000 0.000000 -0.707100 0.707100 0.000000     0.591000 0.019000 0.066500 0.018815 0.712971 -0.700367 -0.028009     -0.004699 -0.000705 0.003236 0.999317 0.007470 0.034013 0.009684     0.596616 0.020967 0.076174 0.075121 -0.544551 0.781007 0.296359     0.596933 0.020243 0.075928 0.075590 -0.545003 0.780236 0.297473     0.006129 -0.006092 -0.003097 0.999061 -0.015479 -0.039397 -0.009248     0.602007 0.015082 0.073427 0.100131 -0.549656 0.786938 0.261843     0.600740 0.015831 0.073148 0.100746 -0.549518 0.787613 0.259896     
0.596000 0.014000 0.063000 0.000000 -0.707100 0.707100 0.000000     0.591000 0.024000 0.059500 0.013549 -0.708743 0.705241 0.010718     -0.005657 0.005215 -0.003576 0.999817 0.017248 -0.002040 0.002501     0.595951 0.025680 0.069583 0.110312 -0.548248 0.778474 0.284979     0.595523 0.025846 0.069420 0.110478 -0.548261 0.778458 0.284970     0.005889 -0.010127 0.000673 0.999707 -0.023370 0.003304 -0.005361     0.601926 0.015968 0.070135 0.096422 -0.545551 0.788210 0.267922     0.600710 0.016792 0.069873 0.096932 -0.545297 0.789000 0.265960     
0.596000 0.014000 0.063000 0.000000 -0.707100 0.707100 0.000000     0.591000 0.024000 0.063000 0.015518 -0.709898 0.704087 0.006847     -0.005433 0.004852 -0.000160 0.999815 0.015970 -0.006189 0.004187     0.595861 0.025722 0.073119 0.112371 -0.550790 0.777533 0.281826     0.595375 0.025454 0.072867 0.112419 -0.550813 0.777516 0.281842     0.005266 -0.011386 -0.001187 0.999700 -0.022126 0.004148 -0.009623     0.601247 0.014687 0.071807 0.099637 -0.544460 0.789302 0.265741     0.600299 0.015156 0.071839 0.099738 -0.544492 0.789993 0.263612     
0.596000 0.014000 0.063000 0.000000 -0.707100 0.707100 0.000000     0.591000 0.024000 0.066500 0.016043 0.715192 -0.698523 0.016997     -0.005237 0.005595 0.002982 0.999667 -0.021521 -0.000097 0.011991     0.595932 0.026582 0.076400 0.084526 -0.559144 0.784398 0.254782     0.596024 0.026703 0.076139 0.085756 -0.558729 0.783884 0.256891     0.005994 -0.010960 -0.002653 0.999728 0.014140 -0.008067 -0.016695     0.601844 0.015176 0.073893 0.102990 -0.546756 0.789235 0.259882     0.600951 0.015581 0.074012 0.102739 -0.547150 0.789706 0.257753     
0.596000 0.014000 0.063000 0.000000 -0.707100 0.707100 0.000000     0.596000 0.004000 0.059500 0.006099 0.702181 -0.711804 0.014869     -0.000009 -0.015031 -0.003489 0.999804 -0.015842 -0.006051 -0.006796     0.600905 0.006229 0.069499 0.098621 -0.545308 0.791849 0.256647     0.601038 0.006100 0.069485 0.097829 -0.545578 0.791931 0.256164     0.000249 0.008280 0.001155 0.999959 0.008787 -0.000080 0.002166     0.601142 0.014355 0.070693 0.102916 -0.546155 0.788372 0.263765     0.600437 0.014805 0.070567 0.106010 -0.545373 0.788339 0.264297     
0.596000 0.014000 0.063000 0.000000 -0.707100 0.707100 0.000000     0.596000 0.004000 0.063000 0.004218 -0.707142 0.707004 0.007639     -0.000657 -0.014548 -0.000121 0.999936 0.008143 0.001861 0.000060     0.601048 0.005833 0.073008 0.102697 -0.546118 0.782699 0.280305     0.600930 0.006075 0.072555 0.102812 -0.546112 0.782691 0.280332     0.001270 0.007916 -0.001306 0.999932 -0.010434 -0.004295 -0.003025     0.602243 0.013928 0.071705 0.101202 -0.545988 0.786781 0.269462     0.601222 0.014647 0.071421 0.101851 -0.545904 0.787459 0.267439     
0.596000 0.014000 0.063000 0.000000 -0.707100 0.707100 0.000000     0.596000 0.004000 0.066500 0.007857 -0.695443 0.718273 -0.019049     -0.000034 -0.014945 0.003374 0.999621 -0.008697 -0.019017 -0.016190     0.600681 0.006003 0.076653 0.114996 -0.540677 0.793647 0.254064     0.600756 0.005931 0.076572 0.114467 -0.540862 0.793758 0.253604     0.000020 0.009605 -0.002526 0.999797 0.002973 0.014271 0.013878     0.600933 0.015682 0.074002 0.101728 -0.547614 0.786869 0.265684     0.599678 0.016428 0.073672 0.102214 -0.547440 0.787521 0.263955     
0.596000 0.014000 0.063000 0.000000 -0.707100 0.707100 0.000000     0.596000 0.009000 0.059500 0.008736 0.699622 -0.713717 -0.032285     -0.000476 -0.009662 -0.003928 0.999350 0.017517 0.029000 -0.009690     0.601609 0.010565 0.069251 0.089042 -0.529837 0.788169 0.300189     0.601279 0.010788 0.068747 0.089787 -0.529784 0.787867 0.300886     0.001871 0.003637 0.001669 0.999472 -0.012862 -0.029036 0.006832     0.602882 0.014529 0.071185 0.103014 -0.544803 0.785409 0.275118     0.602662 0.014772 0.071066 0.105338 -0.543996 0.784787 0.277637     
0.596000 0.014000 0.063000 0.000000 -0.707100 0.707100 0.000000     0.596000 0.009000 0.063000 0.008703 0.706777 -0.707369 0.000474     -0.000363 -0.009838 -0.000317 0.999934 -0.006350 0.005814 -0.000345     0.601118 0.011125 0.072914 0.092025 -0.546274 0.787374 0.270442     0.600845 0.011223 0.072650 0.092217 -0.546294 0.787337 0.270481     0.000590 0.003315 0.000483 0.999926 0.000389 -0.010978 -0.005304     0.601511 0.014379 0.073509 0.102309 -0.544991 0.789097 0.264243     0.600434 0.015290 0.073142 0.102428 -0.544797 0.789915 0.262179     
0.596000 0.014000 0.063000 0.000000 -0.707100 0.707100 0.000000     0.596000 0.009000 0.066500 -0.000000 0.707100 -0.707100 -0.000000     -0.000407 -0.009995 0.003310 0.999963 0.003962 -0.000579 0.000809     0.601000 0.011000 0.076500 0.100035 -0.547560 0.784824 0.272401     0.600683 0.010814 0.076333 0.103639 -0.547139 0.784161 0.273843     -0.000366 0.004714 -0.003090 0.999917 -0.011975 -0.003596 -0.003247     0.600576 0.015921 0.073395 0.097176 -0.547143 0.789439 0.260687     0.599378 0.016508 0.073535 0.097547 -0.547144 0.790095 0.258588     
0.596000 0.014000 0.063000 0.000000 -0.707100 0.707100 0.000000     0.596000 0.014000 0.059500 0.016680 -0.710294 0.703690 0.002132     -0.001006 -0.004534 -0.003554 0.999801 0.013145 -0.012022 0.004719     0.600775 0.015778 0.069651 0.114105 -0.552613 0.777495 0.277634     0.600663 0.015794 0.069572 0.114419 -0.552303 0.776614 0.280607     0.000992 -0.000315 0.001242 0.999780 -0.018573 0.008097 -0.005411     0.601952 0.015784 0.070742 0.099023 -0.548156 0.786394 0.266990     0.600968 0.016380 0.070307 0.098649 -0.547963 0.787270 0.264974     
0.596000 0.014000 0.063000 0.000000 -0.707100 0.707100 0.000000     0.596000 0.014000 0.063000 0.031517 -0.698148 0.715191 -0.008909     -0.000119 -0.004458 -0.000626 0.999352 0.016846 -0.028480 -0.011925     0.600461 0.015561 0.073328 0.134445 -0.543955 0.783731 0.267924     0.600507 0.015827 0.072859 0.135239 -0.543736 0.783599 0.268393     0.000731 -0.000107 -0.002195 0.999178 -0.025884 0.030540 0.006410     0.601788 0.016040 0.070745 0.094602 -0.543830 0.790640 0.264892     0.600602 0.016819 0.070266 0.095172 -0.543628 0.790791 0.264690     
0.596000 0.014000 0.063000 0.000000 -0.707100 0.707100 0.000000     0.596000 0.014000 0.066500 0.003666 -0.707917 0.706230 -0.007829     -0.000244 -0.004754 0.003044 0.999933 -0.002395 -0.008266 0.001379     0.600832 0.016071 0.076568 0.104473 -0.550984 0.784130 0.265749     0.600720 0.016203 0.076221 0.105125 -0.550954 0.784027 0.265896     0.000274 -0.000569 -0.003635 0.999983 -0.001116 0.001130 -0.005574     0.601152 0.015471 0.072917 0.104451 -0.546421 0.787602 0.264910     0.600289 0.016106 0.072585 0.104664 -0.546777 0.788051 0.262783     
0.596000 0.014000 0.063000 0.000000 -0.707100 0.707100 0.000000     0.596000 0.019000 0.059500 0.004665 0.709862 -0.703477 -0.034290     -0.000342 0.000259 -0.003678 0.999336 0.021833 0.027798 0.004567     0.601529 0.020633 0.069286 0.088596 -0.541170 0.778923 0.304211     0.601296 0.020768 0.069172 0.089247 -0.540974 0.778777 0.304776     0.000818 -0.003238 0.000490 0.999389 -0.022132 -0.026480 -0.005559     0.601843 0.017774 0.069974 0.098882 -0.546526 0.785842 0.271963     0.600602 0.018536 0.069870 0.100176 -0.545801 0.786697 0.270509     
0.596000 0.014000 0.063000 0.000000 -0.707100 0.707100 0.000000     0.596000 0.019000 0.063000 0.012611 -0.698620 0.715365 -0.002310     -0.000017 0.000272 -0.000195 0.999807 0.009121 -0.010258 -0.011758     0.600832 0.020737 0.073131 0.115514 -0.540329 0.788148 0.271115     0.600902 0.020856 0.072975 0.116856 -0.539891 0.787873 0.272248     -0.000271 -0.004797 -0.000488 0.999765 -0.018711 0.008873 0.006442     0.600714 0.016379 0.072483 0.096637 -0.545035 0.790580 0.261843     0.599514 0.017094 0.072352 0.097105 -0.544836 0.791338 0.259824     
0.596000 0.014000 0.063000 0.000000 -0.707100 0.707100 0.000000     0.596000 0.019000 0.066500 0.023774 -0.724437 0.688901 0.004621     -0.000461 0.000460 0.002907 0.999333 0.021279 -0.013678 0.025225     0.600630 0.020836 0.076708 0.114753 -0.568628 0.763763 0.283091     0.600453 0.021113 0.076357 0.115999 -0.568364 0.763649 0.283457     0.001355 -0.006398 -0.003424 0.999014 -0.028233 0.017169 -0.029648     0.602448 0.014718 0.073004 0.093865 -0.543803 0.789831 0.267609     0.601383 0.015542 0.072507 0.094731 -0.543658 0.790491 0.265681     
0.596000 0.014000 0.063000 0.000000 -0.707100 0.707100 0.000000     0.596000 0.024000 0.059500 0.019982 -0.710789 0.702550 -0.028013     -0.000020 0.005173 -0.003766 0.999353 -0.006378 -0.034066 0.005780     0.600287 0.026169 0.069792 0.121912 -0.561611 0.779308 0.249778     0.600370 0.026222 0.069606 0.121522 -0.561721 0.779476 0.249239     0.000917 -0.009744 0.001403 0.999410 -0.006922 0.032046 -0.010251     0.601898 0.016470 0.070867 0.095539 -0.546131 0.790241 0.260984     0.600634 0.017264 0.070871 0.095178 -0.545991 0.790682 0.260109     
0.596000 0.014000 0.063000 0.000000 -0.707100 0.707100 0.000000     0.596000 0.024000 0.063000 0.021022 0.716983 -0.696732 -0.006185     -0.000616 0.005185 0.000003 0.999631 -0.010356 0.019164 0.014345     0.601318 0.026355 0.072756 0.075257 -0.554420 0.781496 0.276041     0.600775 0.026510 0.072674 0.075413 -0.554398 0.781505 0.276054     0.000238 -0.009617 -0.002093 0.999385 0.003838 -0.029637 -0.018361     0.601049 0.016476 0.070980 0.105567 -0.547622 0.787905 0.261058     0.600032 0.016984 0.070781 0.106476 -0.547450 0.788551 0.259131     
0.596000 0.014000 0.063000 0.000000 -0.707100 0.707100 0.000000     0.596000 0.024000 0.066500 0.000585 0.704582 -0.709564 0.007962     -0.000437 0.005172 0.003631 0.999933 -0.006013 -0.005208 -0.003516     0.600910 0.026086 0.076527 0.101775 -0.546800 0.787847 0.264439     0.600519 0.026234 0.076637 0.101814 -0.546798 0.787851 0.264455     0.001067 -0.010880 -0.003279 0.999979 -0.003622 0.002512 -0.004803     0.602047 0.015232 0.073208 0.099083 -0.542709 0.791670 0.262464     0.600833 0.016095 0.073050 0.099164 -0.542489 0.792056 0.261762     
0.596000 0.014000 0.063000 0.000000 -0.707100 0.707100 0.000000     0.601000 0.004000 0.059500 0.003180 -0.712339 0.701807 0.003254     0.005296 -0.015080 -0.003883 0.999933 0.004556 0.000057 0.007449     0.605971 0.005983 0.069518 0.100452 -0.552914 0.779483 0.276735     0.606269 0.005896 0.069139 0.100458 -0.552922 0.779486 0.276742     -0.004662 0.009439 0.001715 0.999781 -0.010446 -0.010546 -0.014735     0.601157 0.015488 0.071294 0.106952 -0.545276 0.789290 0.261221     0.600137 0.016082 0.071254 0.108224 -0.545095 0.789829 0.259479     
0.596000 0.014000 0.063000 0.000000 -0.707100 0.707100 0.000000     0.601000 0.004000 0.063000 0.007397 0.710308 -0.703838 0.000706     0.004723 -0.014848 -0.000098 0.999945 -0.003003 0.004312 0.004864     0.606075 0.006160 0.072928 0.091934 -0.550414 0.784323 0.270942     0.605780 0.005919 0.072778 0.094033 -0.550201 0.783990 0.271655     -0.004437 0.009637 -0.001443 0.999894 -0.006564 -0.010266 -0.008028     0.601469 0.015848 0.071559 0.098538 -0.547444 0.789493 0.259377     0.600142 0.016534 0.071418 0.098819 -0.547372 0.789582 0.259189     
0.596000 0.014000 0.063000 0.000000 -0.707100 0.707100 0.000000     0.601000 0.004000 0.066500 0.000145 0.703390 -0.710756 0.007000     0.004444 -0.014814 0.003656 0.999929 -0.005636 -0.005002 -0.005257     0.605924 0.006050 0.076528 0.102487 -0.545277 0.788537 0.265250     0.605652 0.006079 0.076532 0.102219 -0.545375 0.788681 0.264763     -0.004300 0.008993 -0.003566 0.999998 -0.001532 -0.000503 -0.001236     0.601619 0.015061 0.072960 0.102376 -0.544592 0.789565 0.263641     0.600424 0.015744 0.072876 0.102301 -0.544409 0.790392 0.261599     
0.596000 0.014000 0.063000 0.000000 -0.707100 0.707100 0.000000     0.601000 0.009000 0.059500 0.007854 -0.711780 0.701936 0.023981     0.004505 -0.009603 -0.003677 0.999627 0.022602 0.011354 0.006977     0.606202 0.010622 0.069465 0.101480 -0.547477 0.775753 0.296916     0.605808 0.010932 0.069284 0.101632 -0.547448 0.775767 0.296911     -0.003400 0.004032 0.000763 0.999496 -0.028325 -0.008921 -0.011229     0.602666 0.015102 0.070215 0.096176 -0.544014 0.789014 0.268769     0.601282 0.015679 0.070242 0.096356 -0.544016 0.789348 0.267753     
0.596000 0.014000 0.063000 0.000000 -0.707100 0.707100 0.000000     0.601000 0.009000 0.063000 0.017279 0.708673 -0.705311 -0.000593     0.004055 -0.009512 -0.000118 0.999844 -0.010550 0.011677 0.002529     0.606240 0.011258 0.072820 0.082993 -0.547080 0.787881 0.270257     0.605582 0.011556 0.072690 0.084653 -0.546751 0.787965 0.270199     -0.003562 0.004523 -0.001014 0.999798 0.008548 -0.017347 -0.005442     0.602357 0.015557 0.072019 0.102791 -0.546661 0.786949 0.266996     0.601100 0.016301 0.071716 0.102942 -0.546617 0.786890 0.267238     
0.596000 0.014000 0.063000 0.000000 -0.707100 0.707100 0.000000     0.601000 0.009000 0.066500 0.010564 -0.716232 0.697753 -0.004716     0.004913 -0.009842 0.003210 0.999816 0.005224 -0.010320 0.013239     0.605730 0.011044 0.076622 0.107204 -0.560261 0.775343 0.270996     0.605797 0.011108 0.076445 0.107950 -0.560154 0.775035 0.271836     -0.004667 0.005686 -0.003590 0.999794 -0.013873 0.004021 -0.014277     0.601204 0.016873 0.072935 0.100161 -0.549474 0.787372 0.260906     0.600196 0.017533 0.072932 0.099871 -0.549506 0.788088 0.258816     
0.596000 0.014000 0.063000 0.000000 -0.707100 0.707100 0.000000     0.601000 0.014000 0.059500 0.018246 -0.718418 0.695297 -0.009220     0.004169 -0.004545 -0.003826 0.999620 0.006568 -0.019673 0.016458     0.605541 0.016027 0.069711 0.114284 -0.564855 0.771922 0.268318     0.605037 0.016278 0.069604 0.114766 -0.564851 0.771852 0.268360     -0.003618 -0.000791 0.001214 0.999345 -0.019185 0.019080 -0.024030     0.602409 0.015393 0.070662 0.095092 -0.543009 0.792318 0.261364     0.601062 0.016046 0.070725 0.095446 -0.543019 0.792758 0.259914     
0.596000 0.014000 0.063000 0.000000 -0.707100 0.707100 0.000000     0.601000 0.014000 0.063000 0.021370 -0.724097 0.689242 0.012403     0.004996 -0.004749 -0.000586 0.999337 0.024669 -0.006050 0.024962     0.605779 0.015760 0.073152 0.111313 -0.565908 0.763711 0.289971     0.605925 0.015849 0.072689 0.111973 -0.565922 0.763417 0.290499     -0.003470 -0.001077 -0.000302 0.998739 -0.034653 0.009384 -0.035089     0.602634 0.015032 0.072623 0.094570 -0.539533 0.793698 0.264546     0.601213 0.015492 0.072490 0.095615 -0.539416 0.794076 0.263308     
0.596000 0.014000 0.063000 0.000000 -0.707100 0.707100 0.000000     0.601000 0.014000 0.066500 0.011262 0.699344 -0.714372 0.021106     0.004064 -0.004427 0.003288 0.999650 -0.021573 -0.008114 -0.010490     0.605907 0.016352 0.076469 0.095825 -0.543218 0.795912 0.249471     0.605237 0.016699 0.076330 0.097705 -0.542815 0.796067 0.249164     -0.003806 0.000412 -0.002879 0.999957 0.008840 -0.000003 0.002768     0.602089 0.016614 0.073630 0.099935 -0.544551 0.792169 0.256760     0.601385 0.016992 0.073731 0.099906 -0.544753 0.792738 0.254617     
0.596000 0.014000 0.063000 0.000000 -0.707100 0.707100 0.000000     0.601000 0.019000 0.059500 -0.000000 0.707100 -0.707100 -0.000000     0.004809 0.000405 -0.004147 0.999971 0.000544 0.000208 0.000176     0.606000 0.021000 0.069500 0.100035 -0.547560 0.784824 0.272401     0.606229 0.021109 0.069200 0.100534 -0.547550 0.784451 0.273347     -0.002736 -0.006167 0.001582 0.999972 -0.003171 -0.006216 -0.002808     0.603151 0.014868 0.071131 0.103939 -0.547351 0.786582 0.266220     0.602176 0.015605 0.070801 0.104123 -0.547423 0.787228 0.264118     
0.596000 0.014000 0.063000 0.000000 -0.707100 0.707100 0.000000     0.601000 0.019000 0.063000 0.007691 -0.724120 0.689595 0.005486     0.005341 -0.000078 -0.000008 0.999627 0.009374 -0.001303 0.024461     0.605870 0.021054 0.073053 0.099677 -0.566025 0.768494 0.281209     0.606251 0.020901 0.073071 0.099636 -0.566042 0.768426 0.281408     -0.004778 -0.004886 -0.001522 0.999551 -0.011336 -0.003217 -0.027561     0.601139 0.016126 0.071517 0.103437 -0.546625 0.786615 0.267803     0.600113 0.016663 0.071659 0.103850 -0.546716 0.787227 0.265690     
0.596000 0.014000 0.063000 0.000000 -0.707100 0.707100 0.000000     0.601000 0.019000 0.066500 0.007521 0.704122 -0.710024 0.001471     0.005006 0.000156 0.002956 0.999937 -0.005586 0.004822 -0.003766     0.606102 0.021085 0.076431 0.094328 -0.543734 0.789239 0.269326     0.606296 0.021018 0.076138 0.094876 -0.543861 0.788784 0.270246     -0.003641 -0.004372 -0.004254 0.999967 0.002877 -0.006939 0.003241     0.602309 0.016688 0.072258 0.100493 -0.547871 0.786022 0.268120     0.601167 0.017467 0.071766 0.100852 -0.547561 0.786885 0.266117     
0.596000 0.014000 0.063000 0.000000 -0.707100 0.707100 0.000000     0.601000 0.024000 0.059500 0.012872 -0.714624 0.699361 0.004734     0.004635 0.005058 -0.003423 0.999827 0.011890 -0.005593 0.010744     0.605843 0.025856 0.069605 0.108413 -0.556269 0.774828 0.280059     0.605646 0.025863 0.069734 0.108432 -0.556268 0.774832 0.280078     -0.002979 -0.009410 0.001361 0.999750 -0.016474 0.005481 -0.014069     0.603029 0.016639 0.070848 0.098915 -0.545481 0.787668 0.268748     0.601705 0.017327 0.070702 0.099160 -0.545453 0.787812 0.268327     
0.596000 0.014000 0.063000 0.000000 -0.707100 0.707100 0.000000     0.601000 0.024000 0.063000 0.002877 0.715296 -0.698689 0.012586     0.004189 0.005451 -0.000119 0.999823 -0.010233 -0.007062 0.011876     0.605812 0.026334 0.073020 0.096222 -0.559656 0.780566 0.261194     0.605273 0.026600 0.072943 0.097082 -0.559515 0.780544 0.261285     -0.002848 -0.010414 -0.000712 0.999847 0.009549 0.001113 -0.014641     0.603049 0.015586 0.072338 0.104506 -0.546933 0.786254 0.267821     0.601853 0.016336 0.072366 0.105220 -0.546811 0.786931 0.265831     
0.596000 0.014000 0.063000 0.000000 -0.707100 0.707100 0.000000     0.601000 0.024000 0.066500 -0.000000 0.707100 -0.707100 -0.000000     0.003978 0.005552 0.003481 0.999971 0.000094 -0.000051 0.000014     0.606000 0.026000 0.076500 0.100035 -0.547560 0.784824 0.272401     0.605228 0.026350 0.076487 0.100293 -0.547478 0.784892 0.272310     -0.002927 -0.011238 -0.003549 0.999970 -0.003818 -0.001947 -0.006468     0.603060 0.014774 0.072955 0.101230 -0.543379 0.789187 0.267684     0.601885 0.015593 0.072515 0.101089 -0.543445 0.789325 0.267235     
0.596000 0.014000 0.063000 0.000000 -0.707100 0.707100 0.000000     0.606000 0.004000 0.059500 0.005347 0.709359 -0.704625 -0.016272     0.009482 -0.014390 -0.004102 0.999818 0.008335 0.015007 0.003371     0.611291 0.005881 0.069373 0.091340 -0.545167 0.782296 0.287128     0.611201 0.006102 0.069152 0.092122 -0.545003 0.782119 0.287706     -0.008213 0.008258 0.001799 0.999778 -0.012004 -0.016673 -0.004623     0.602765 0.014331 0.071296 0.099146 -0.547313 0.786567 0.268162     0.601468 0.015043 0.071116 0.098500 -0.547497 0.786838 0.267265     
0.596000 0.014000 0.063000 0.000000 -0.707100 0.707100 0.000000     0.606000 0.004000 0.063000 0.000945 0.702799 -0.711347 0.006223     0.009928 -0.014808 -0.000383 0.999935 -0.004824 -0.003638 -0.005989     0.610950 0.006041 0.073017 0.101831 -0.544319 0.789111 0.265764     0.610976 0.006165 0.072711 0.102065 -0.544313 0.789053 0.265896     -0.009124 0.009752 -0.000437 0.999973 0.000127 -0.007309 0.000427     0.601677 0.015795 0.072651 0.107551 -0.546571 0.788079 0.261923     0.600508 0.016237 0.072651 0.108402 -0.546433 0.788720 0.259965     
0.596000 0.014000 0.063000 0.000000 -0.707100 0.707100 0.000000     0.606000 0.004000 0.066500 -0.000000 0.707100 -0.707100 -0.000000     0.009003 -0.014477 0.003473 0.999970 0.000534 -0.000849 0.000097     0.611000 0.006000 0.076500 0.100035 -0.547560 0.784824 0.272401     0.610461 0.006372 0.076433 0.101018 -0.547443 0.784808 0.272357     -0.008445 0.009404 -0.002890 0.999959 -0.004229 -0.007491 -0.002660     0.602416 0.015463 0.073667 0.104318 -0.547913 0.786652 0.264704     0.601039 0.016036 0.073517 0.105612 -0.547843 0.786979 0.263397     
0.596000 0.014000 0.063000 0.000000 -0.707100 0.707100 0.000000     0.606000 0.009000 0.059500 0.000189 -0.704148 0.709568 -0.025894     0.010260 -0.009964 -0.003660 0.999627 -0.018264 -0.018404 -0.003842     0.610646 0.011329 0.069599 0.105567 -0.551207 0.789760 0.247560     0.610936 0.011294 0.069468 0.105547 -0.551218 0.789772 0.247547     -0.008949 0.003587 0.002169 0.999885 0.009589 0.011519 -0.002111     0.601938 0.014703 0.071701 0.102265 -0.545613 0.789675 0.261232     0.601005 0.015530 0.071446 0.102980 -0.545399 0.790384 0.259286     
0.596000 0.014000 0.063000 0.000000 -0.707100 0.707100 0.000000     0.606000 0.009000 0.063000 0.008841 0.723786 -0.689552 0.023533     0.010537 -0.010352 0.000024 0.999410 -0.021315 -0.008303 0.024458     0.610678 0.011692 0.072993 0.088998 -0.571345 0.776288 0.251002     0.611225 0.011255 0.073020 0.089157 -0.571321 0.775507 0.253442     -0.007111 0.002641 -0.000739 0.999520 0.016020 -0.001407 -0.026484     0.603667 0.013761 0.072344 0.105848 -0.549439 0.786900 0.260156     0.602567 0.014666 0.072002 0.106684 -0.549286 0.787545 0.258219     
0.596000 0.014000 0.063000 0.000000 -0.707100 0.707100 0.000000     0.606000 0.009000 0.066500 0.033666 0.704046 -0.709292 -0.008415     0.008823 -0.009490 0.003411 0.999398 -0.017294 0.028869 -0.003613     0.611600 0.011311 0.076107 0.067854 -0.537996 0.794217 0.274145     0.610897 0.011565 0.076116 0.068676 -0.537876 0.794045 0.274709     -0.006899 0.003278 -0.002887 0.999333 0.013963 -0.033645 0.002578     0.604028 0.014341 0.073636 0.101336 -0.547960 0.786190 0.267125     0.602878 0.015186 0.073180 0.102202 -0.547845 0.786570 0.265947     
0.596000 0.014000 0.063000 0.000000 -0.707100 0.707100 0.000000     0.606000 0.014000 0.059500 0.001401 0.700996 -0.713151 -0.000562     0.009212 -0.004608 -0.003512 0.999934 0.000163 0.001080 -0.008459     0.611061 0.015925 0.069484 0.100957 -0.540475 0.789801 0.271826     0.610639 0.016108 0.069424 0.101880 -0.540305 0.789721 0.272086     -0.007994 -0.000529 0.001156 0.999955 -0.005229 -0.007398 0.002987     0.602908 0.015531 0.070693 0.103158 -0.545348 0.788825 0.263987     0.601569 0.016194 0.070791 0.103028 -0.545344 0.789095 0.263275     
0.596000 0.014000 0.063000 0.000000 -0.707100 0.707100 0.000000     0.606000 0.014000 0.063000 0.005102 0.707734 -0.706413 0.007017     0.009875 -0.004857 -0.000066 0.999944 -0.007303 -0.000380 0.001068     0.610969 0.016181 0.072978 0.096146 -0.549498 0.786482 0.265017     0.611016 0.016191 0.073018 0.096782 -0.549360 0.786065 0.266342     -0.008776 -0.001328 -0.001124 0.999957 -0.000641 -0.004168 -0.008199     0.602145 0.014784 0.071892 0.101241 -0.544193 0.790723 0.261423     0.601012 0.015747 0.071741 0.101332 -0.543902 0.791378 0.260046     
0.596000 0.014000 0.063000 0.000000 -0.707100 0.707100 0.000000     0.606000 0.014000 0.066500 -0.000000 0.707100 -0.707100 -0.000000     0.009892 -0.004928 0.003554 0.999971 0.000025 0.000012 0.000004     0.611000 0.016000 0.076500 0.100035 -0.547560 0.784824 0.272401     0.610907 0.016058 0.076546 0.100059 -0.547560 0.784826 0.272424     -0.008922 -0.000693 -0.003608 0.999983 -0.003087 -0.003875 -0.002951     0.602012 0.015340 0.072918 0.102188 -0.546599 0.786880 0.267557     0.600730 0.016077 0.072768 0.102063 -0.546636 0.786894 0.267525     
0.596000 0.014000 0.063000 0.000000 -0.707100 0.707100 0.000000     0.606000 0.019000 0.059500 0.003185 -0.700931 0.713053 -0.014865     0.009087 0.000403 -0.003615 0.999799 -0.008777 -0.013893 -0.008561     0.610778 0.021082 0.069591 0.107849 -0.545052 0.790371 0.258032     0.610312 0.021328 0.069512 0.107965 -0.545050 0.790373 0.258021     -0.007854 -0.005835 0.002223 0.999938 0.000983 0.011067 0.000962     0.603142 0.015237 0.071710 0.099383 -0.542817 0.790737 0.264929     0.601925 0.015875 0.071693 0.100527 -0.542437 0.791447 0.263189     
0.596000 0.014000 0.063000 0.000000 -0.707100 0.707100 0.000000     0.606000 0.019000 0.063000 0.007037 -0.710720 0.703426 -0.000186     0.009334 0.000232 0.000066 0.999934 0.004574 -0.005183 0.005147     0.610877 0.020954 0.073070 0.105287 -0.552493 0.780140 0.273913     0.610406 0.021047 0.073123 0.105232 -0.552528 0.780234 0.273631     -0.008332 -0.006546 -0.001121 0.999908 -0.009206 0.000401 -0.009940     0.602593 0.014495 0.071908 0.102601 -0.545547 0.788123 0.265881     0.601430 0.015104 0.071988 0.102518 -0.545703 0.788755 0.263750     
0.596000 0.014000 0.063000 0.000000 -0.707100 0.707100 0.000000     0.606000 0.019000 0.066500 0.001632 0.688059 -0.725280 0.022860     0.009988 0.000294 0.003012 0.999383 -0.016480 -0.014709 -0.026208     0.610806 0.021090 0.076576 0.109441 -0.532392 0.801973 0.247791     0.610954 0.021230 0.076213 0.110100 -0.532275 0.801795 0.248369     -0.009042 -0.005045 -0.003603 0.999666 0.009080 0.010693 0.021686     0.601888 0.016073 0.072907 0.100290 -0.545962 0.789081 0.263056     0.600855 0.017128 0.072860 0.100484 -0.546035 0.788925 0.263336     
0.596000 0.014000 0.063000 0.000000 -0.707100 0.707100 0.000000     0.606000 0.024000 0.059500 -0.000000 0.707100 -0.707100 -0.000000     0.009519 0.005120 -0.003215 0.999971 -0.000180 -0.000014 -0.000033     0.611000 0.026000 0.069500 0.100035 -0.547560 0.784824 0.272401     0.610759 0.026000 0.069588 0.099971 -0.547581 0.784859 0.272320     -0.007556 -0.010500 0.001090 0.999975 -0.003558 -0.003158 -0.005217     0.603401 0.015520 0.070607 0.101983 -0.544668 0.788314 0.267351     0.602081 0.016205 0.070497 0.101995 -0.544653 0.788325 0.267384     
0.596000 0.014000 0.063000 0.000000 -0.707100 0.707100 0.000000     0.606000 0.024000 0.063000 0.005126 -0.704839 0.709307 -0.006316     0.009941 0.005076 -0.000438 0.999933 -0.000755 -0.008061 -0.003137     0.610850 0.025986 0.073076 0.106781 -0.547348 0.785944 0.266984     0.610842 0.026037 0.072683 0.106877 -0.547356 0.785923 0.267027     -0.009033 -0.009936 -0.000745 0.999963 -0.005627 0.005211 -0.003921     0.601938 0.016124 0.072258 0.100648 -0.543456 0.790120 0.264985     0.600565 0.016717 0.072197 0.101208 -0.543384 0.790613 0.263479     
0.596000 0.014000 0.063000 0.000000 -0.707100 0.707100 0.000000     0.606000 0.024000 0.066500 0.027538 0.691510 -0.721828 0.000204     0.008891 0.005358 0.003328 0.999379 -0.019216 0.018970 -0.021323     0.611471 0.026162 0.076216 0.079903 -0.527099 0.803362 0.265279     0.610769 0.026417 0.076154 0.080598 -0.527113 0.803298 0.265268     -0.007675 -0.010422 -0.003507 0.999491 0.012914 -0.024220 0.016249     0.603248 0.015655 0.073015 0.101816 -0.545277 0.789027 0.264050     0.601877 0.016251 0.073133 0.101878 -0.545268 0.789044 0.264032     
