0.596000 0.014000 0.063000 0.000000 -0.707100 0.707100 0.000000     0.596000 0.014000 0.063000 -0.000000 0.707100 -0.707100 -0.000000     -0.000311 0.000145 0.000561 0.999961 0.000000 0.000000 0.000000     0.601000 0.016000 0.073000 0.100035 -0.547560 0.784824 0.272401     0.601219 0.015972 0.073293 0.100245 -0.547448 0.784561 0.273340     -0.000152 0.000885 0.000400 0.999965 0.006371 0.003136 0.004523     0.600893 0.016803 0.073394 0.099826 -0.549598 0.780898 0.279562     0.602551 0.016322 0.072875 0.097802 -0.549937 0.779897 0.282427     
0.596000 0.014000 0.063000 0.000000 -0.707100 0.707100 0.000000     0.586000 0.004000 0.058000 0.020923 -0.717963 0.695752 0.000881     -0.010188 -0.009755 -0.005013 0.999618 0.015417 -0.014172 0.015705     0.590653 0.005840 0.068196 0.115287 -0.562017 0.770338 0.278219     0.590768 0.005845 0.068325 0.116582 -0.561660 0.769511 0.280711     0.009254 0.011654 0.004506 0.999828 -0.011941 0.012982 -0.005801     0.600193 0.017680 0.072531 0.100170 -0.555216 0.778284 0.275600     0.601021 0.016977 0.071882 0.100115 -0.555437 0.777412 0.277665     
0.596000 0.014000 0.063000 0.000000 -0.707100 0.707100 0.000000     0.586000 0.004000 0.063000 0.002418 0.707700 -0.706447 0.008338     -0.010219 -0.010122 -0.000260 0.999923 -0.007605 -0.004186 0.000886     0.590912 0.006161 0.073010 0.098910 -0.550135 0.785962 0.264218     0.590685 0.005759 0.072714 0.100815 -0.550517 0.785145 0.265170     0.008430 0.011150 0.000734 0.999903 0.002083 0.012922 0.004808     0.599578 0.017318 0.073623 0.088619 -0.550240 0.783969 0.273414     0.601121 0.016995 0.073364 0.086670 -0.550550 0.783304 0.275349     
0.596000 0.014000 0.063000 0.000000 -0.707100 0.707100 0.000000     0.586000 0.004000 0.068000 0.033428 -0.725914 0.686940 0.005073     -0.010316 -0.010192 0.004932 0.999009 0.027223 -0.020050 0.027557     0.590490 0.005709 0.078292 0.123076 -0.571405 0.759566 0.285286     0.590158 0.005277 0.078153 0.124526 -0.571925 0.758739 0.285849     0.005942 0.010290 -0.001065 0.999355 -0.025406 0.024327 -0.007175     0.596953 0.016446 0.076897 0.092048 -0.561774 0.773418 0.278823     0.598698 0.015937 0.076546 0.089499 -0.562248 0.772364 0.281639     
0.596000 0.014000 0.063000 0.000000 -0.707100 0.707100 0.000000     0.586000 0.009000 0.058000 0.020772 0.682804 -0.730050 -0.018843     -0.010931 -0.004392 -0.005024 0.999009 -0.001364 0.028012 -0.033406     0.591675 0.010670 0.067696 0.086307 -0.513325 0.805544 0.283068     0.590915 0.010772 0.067606 0.087921 -0.513235 0.805323 0.283398     0.010135 0.002944 0.004605 0.999333 0.004509 -0.026321 0.024900     0.601204 0.013793 0.072599 0.102719 -0.540102 0.788677 0.275149     0.603674 0.013126 0.071881 0.098309 -0.541032 0.786705 0.280560     
0.596000 0.014000 0.063000 0.000000 -0.707100 0.707100 0.000000     0.586000 0.009000 0.063000 0.001113 0.702935 -0.711212 0.006376     -0.010736 -0.004604 -0.000132 0.999923 -0.005295 -0.003722 -0.005853     0.590949 0.011048 0.073016 0.101647 -0.544489 0.789069 0.265611     0.590676 0.011202 0.072574 0.103451 -0.544414 0.788753 0.266045     0.010089 0.004960 0.000529 0.999811 0.006959 0.008222 0.016194     0.601136 0.016031 0.073491 0.094628 -0.554273 0.779090 0.277175     0.602557 0.015336 0.073205 0.093481 -0.555000 0.777938 0.279372     
0.596000 0.014000 0.063000 0.000000 -0.707100 0.707100 0.000000     0.586000 0.009000 0.068000 0.013843 0.714378 -0.699606 0.001960     -0.010005 -0.005037 0.004786 0.999809 -0.011174 0.008403 0.010445     0.591122 0.011328 0.077867 0.084461 -0.554503 0.782869 0.269236     0.591408 0.010864 0.077830 0.085090 -0.555338 0.781098 0.272480     0.009416 0.004932 -0.003864 0.999865 0.014225 -0.008170 -0.000486     0.600378 0.015972 0.074148 0.098863 -0.555047 0.778514 0.275764     0.603133 0.015559 0.073308 0.094207 -0.555503 0.776695 0.281579     
0.596000 0.014000 0.063000 0.000000 -0.707100 0.707100 0.000000     0.586000 0.014000 0.058000 0.000487 -0.703401 0.710583 0.016690     -0.010716 -0.000371 -0.005105 0.999809 0.012145 0.011457 -0.005079     0.591247 0.015706 0.067928 0.099061 -0.539155 0.785323 0.287658     0.590735 0.015036 0.067943 0.098564 -0.539821 0.783810 0.290724     0.009790 -0.000311 0.005142 0.999809 -0.006969 -0.009166 0.015813     0.600796 0.015696 0.073138 0.097935 -0.554797 0.777744 0.278754     0.601546 0.015343 0.073795 0.095859 -0.554769 0.777712 0.279653     
0.596000 0.014000 0.063000 0.000000 -0.707100 0.707100 0.000000     0.586000 0.014000 0.063000 0.010855 0.697491 -0.716494 0.002492     -0.010997 0.000543 -0.000214 0.999809 -0.009437 0.005914 -0.013436     0.591172 0.016051 0.072902 0.093871 -0.536264 0.795224 0.266847     0.591408 0.016164 0.072614 0.095207 -0.536019 0.794578 0.268821     0.009773 -0.001094 0.002977 0.999740 0.011552 -0.008585 0.017662     0.600702 0.014905 0.076012 0.102155 -0.551377 0.781658 0.273018     0.602643 0.014332 0.075547 0.099232 -0.551927 0.780287 0.276914     
0.596000 0.014000 0.063000 0.000000 -0.707100 0.707100 0.000000     0.586000 0.014000 0.068000 0.000915 -0.701188 0.712797 0.015374     -0.010293 -0.000840 0.004704 0.999809 0.011517 0.010224 -0.008209     0.591234 0.015686 0.077938 0.100538 -0.537096 0.787085 0.286177     0.591286 0.015517 0.077989 0.100539 -0.537101 0.787093 0.286180     0.008348 -0.003350 -0.000420 0.999729 -0.010122 -0.011271 0.017655     0.599291 0.012718 0.077594 0.098893 -0.555090 0.779153 0.273854     0.601800 0.012504 0.077294 0.091994 -0.556469 0.777741 0.277485     
0.596000 0.014000 0.063000 0.000000 -0.707100 0.707100 0.000000     0.586000 0.019000 0.058000 0.011610 0.698455 -0.715529 -0.004902     -0.010410 0.005296 -0.005006 0.999809 -0.004743 0.011675 -0.012073     0.591280 0.020970 0.067861 0.091547 -0.535295 0.793775 0.273823     0.591291 0.021006 0.067816 0.092553 -0.535011 0.793440 0.275045     0.009265 -0.005173 0.004894 0.999742 0.007541 -0.014833 0.015430     0.600189 0.015805 0.072936 0.103110 -0.550777 0.781888 0.273211     0.601912 0.015289 0.072718 0.101238 -0.551329 0.780668 0.276305     
0.596000 0.014000 0.063000 0.000000 -0.707100 0.707100 0.000000     0.586000 0.019000 0.063000 0.005718 -0.702677 0.711469 -0.002190     -0.010536 0.005155 -0.000296 0.999923 0.002494 -0.005592 -0.006217     0.590912 0.020888 0.073065 0.107479 -0.543933 0.786960 0.270665     0.590667 0.020555 0.072723 0.108794 -0.544591 0.786227 0.270982     0.010195 -0.003738 0.000506 0.999908 0.004701 0.004642 0.011842     0.601155 0.017172 0.073543 0.103168 -0.551441 0.779672 0.278137     0.603194 0.016513 0.073305 0.098201 -0.552594 0.778161 0.281889     
0.596000 0.014000 0.063000 0.000000 -0.707100 0.707100 0.000000     0.586000 0.019000 0.068000 0.005227 0.689546 -0.724169 -0.007649     -0.010487 0.005206 0.004946 0.999618 0.001713 0.009105 -0.024482     0.591272 0.020714 0.077913 0.100461 -0.525506 0.798405 0.276189     0.591597 0.020290 0.078020 0.100452 -0.525505 0.798414 0.276204     0.010770 -0.007165 0.000271 0.999525 -0.005255 -0.006924 0.029565     0.591272 0.020714 0.077913 0.100461 -0.525506 0.798405 0.276189     0.593614 0.020219 0.077315 0.094766 -0.526613 0.797327 0.279227     
0.596000 0.014000 0.063000 0.000000 -0.707100 0.707100 0.000000     0.586000 0.024000 0.058000 0.015390 -0.712770 0.701215 0.000987     -0.010832 0.010197 -0.005434 0.999809 0.011580 -0.010184 0.008171     0.590763 0.025847 0.068144 0.112127 -0.555505 0.776057 0.276689     0.590015 0.025596 0.067708 0.113502 -0.555935 0.775291 0.277448     0.008514 -0.010103 0.004651 0.999986 -0.000497 0.005202 -0.000326     0.599383 0.015751 0.072743 0.107902 -0.553861 0.776948 0.279153     0.601007 0.015109 0.072227 0.105378 -0.554417 0.775753 0.282356     
0.596000 0.014000 0.063000 0.000000 -0.707100 0.707100 0.000000     0.586000 0.024000 0.063000 0.001058 -0.706953 0.707032 -0.017420     -0.010699 0.010439 -0.000301 0.999809 -0.011570 -0.013065 -0.000056     0.590738 0.026232 0.073078 0.103953 -0.552149 0.786580 0.256119     0.590455 0.026415 0.072844 0.105720 -0.551938 0.786336 0.256639     0.010955 -0.011098 0.002192 0.999833 0.008708 0.013662 0.008437     0.601930 0.015041 0.075175 0.095837 -0.554289 0.780980 0.271347     0.601012 0.014563 0.075000 0.097926 -0.554802 0.780549 0.270829     
0.596000 0.014000 0.063000 0.000000 -0.707100 0.707100 0.000000     0.586000 0.024000 0.068000 0.022874 0.680628 -0.732226 0.006945     -0.010318 0.009873 0.004614 0.999009 -0.021085 0.011264 -0.036484     0.591371 0.026039 0.077798 0.089492 -0.517445 0.810925 0.258112     0.591878 0.025703 0.077945 0.089486 -0.517455 0.810929 0.258123     0.010060 -0.008783 0.000319 0.999389 0.015262 -0.007525 0.030542     0.591371 0.026039 0.077798 0.089492 -0.517445 0.810925 0.258112     0.593635 0.025638 0.077365 0.082245 -0.519114 0.809840 0.260606     
0.596000 0.014000 0.063000 0.000000 -0.707100 0.707100 0.000000     0.591000 0.004000 0.058000 0.014710 0.718531 -0.695184 0.014011     -0.008239 -0.010100 -0.005454 0.999618 -0.020308 0.000494 0.016508     0.595934 0.006568 0.067902 0.083995 -0.562226 0.781097 0.258291     0.592874 0.006027 0.067582 0.084611 -0.562777 0.779908 0.260513     0.006973 0.010935 0.004228 0.999927 0.011652 -0.001226 -0.002914     0.602897 0.017243 0.072200 0.092251 -0.559247 0.779566 0.266439     0.605704 0.016766 0.071680 0.085892 -0.558244 0.779126 0.271936     
0.596000 0.014000 0.063000 0.000000 -0.707100 0.707100 0.000000     0.591000 0.004000 0.063000 0.017344 -0.691459 0.721879 0.021318     -0.008498 -0.008065 0.000769 0.999352 0.027337 0.002810 -0.021509     0.596126 0.005233 0.073060 0.118597 -0.526844 0.788958 0.293078     0.594878 0.005390 0.073168 0.119277 -0.528648 0.787814 0.292666     0.008922 0.006710 0.003564 0.999590 0.000889 0.015923 0.023760     0.605301 0.012175 0.076459 0.099490 -0.540601 0.777746 0.304867     0.604567 0.011510 0.076507 0.100453 -0.541113 0.776631 0.306513     
0.596000 0.014000 0.063000 0.000000 -0.707100 0.707100 0.000000     0.591000 0.004000 0.068000 0.029672 -0.719171 0.694168 -0.004997     -0.005445 -0.010383 0.004544 0.999352 0.017447 -0.024514 0.017679     0.595435 0.005813 0.078298 0.123951 -0.566034 0.767460 0.274274     0.594953 0.005321 0.077852 0.125608 -0.566628 0.766712 0.274423     0.003682 0.010532 -0.002231 0.999317 -0.021221 0.030230 0.001341     0.599723 0.016787 0.075694 0.088287 -0.561016 0.775744 0.275078     0.601400 0.016177 0.075906 0.084642 -0.561657 0.774732 0.277789     
0.596000 0.014000 0.063000 0.000000 -0.707100 0.707100 0.000000     0.591000 0.009000 0.058000 0.024313 0.701539 -0.712176 -0.006126     -0.008434 -0.005016 -0.005088 0.999618 -0.012859 0.021523 -0.007522     0.596456 0.011175 0.067721 0.078115 -0.536892 0.794330 0.273248     0.593251 0.010455 0.067810 0.078524 -0.538064 0.792912 0.274975     0.006717 0.004600 0.004023 0.999701 0.011002 -0.020137 0.008465     0.602740 0.015647 0.072001 0.097681 -0.548098 0.784969 0.271755     0.606022 0.014962 0.071087 0.091522 -0.549310 0.782569 0.278333     
0.596000 0.014000 0.063000 0.000000 -0.707100 0.707100 0.000000     0.591000 0.009000 0.063000 0.024482 -0.708649 0.705066 0.008913     -0.008335 -0.003712 0.000277 0.999618 0.023613 -0.011008 0.002534     0.595769 0.010548 0.073191 0.120880 -0.549997 0.775634 0.285066     0.595364 0.011029 0.072767 0.123859 -0.549501 0.775201 0.285955     0.006998 0.002999 0.002164 0.999780 -0.010600 0.014374 0.010982     0.603020 0.013868 0.075179 0.100744 -0.555578 0.774183 0.286015     0.603710 0.013122 0.074929 0.099836 -0.555893 0.773387 0.287903     
0.596000 0.014000 0.063000 0.000000 -0.707100 0.707100 0.000000     0.591000 0.009000 0.068000 0.008778 0.705215 -0.708770 0.014873     -0.005573 -0.004906 0.004677 0.999809 -0.016723 -0.004310 -0.002514     0.595925 0.011309 0.077971 0.094929 -0.548351 0.790205 0.256623     0.595578 0.011236 0.077784 0.096452 -0.548882 0.789539 0.257008     0.004320 0.005096 -0.000323 0.999718 0.020989 0.008670 0.006923     0.600388 0.016055 0.077650 0.097784 -0.549449 0.781623 0.278548     0.603137 0.015613 0.077294 0.091254 -0.549488 0.780372 0.284173     
0.596000 0.014000 0.063000 0.000000 -0.707100 0.707100 0.000000     0.591000 0.014000 0.058000 0.034616 0.725060 -0.687794 -0.003161     -0.008467 0.000143 -0.005094 0.999009 -0.022241 0.026711 0.026351     0.596400 0.016711 0.067617 0.059618 -0.562669 0.778379 0.271949     0.593197 0.016439 0.067689 0.058615 -0.562981 0.777200 0.274910     0.005072 -0.000996 0.004565 0.999536 0.019808 -0.022145 -0.006766     0.601072 0.015257 0.072511 0.089813 -0.561982 0.775118 0.274377     0.602362 0.014532 0.072438 0.091122 -0.561349 0.775473 0.274272     
0.596000 0.014000 0.063000 0.000000 -0.707100 0.707100 0.000000     0.591000 0.014000 0.063000 0.004902 0.711518 -0.702628 -0.003551     -0.005976 0.000404 -0.000149 0.999923 -0.000956 0.005977 0.006286     0.596093 0.016083 0.072936 0.093104 -0.550940 0.782211 0.275543     0.596081 0.016101 0.072958 0.093934 -0.550905 0.781644 0.276970     0.005234 -0.000109 0.000378 0.999981 0.005447 -0.002694 0.000709     0.601271 0.015872 0.073363 0.098015 -0.551719 0.780054 0.278379     0.604083 0.015134 0.072539 0.094346 -0.552714 0.778436 0.282210     
0.596000 0.014000 0.063000 0.000000 -0.707100 0.707100 0.000000     0.591000 0.014000 0.068000 -0.000000 0.707100 -0.707100 -0.000000     -0.006069 0.000470 0.005048 0.999961 0.000000 0.000000 0.000000     0.596000 0.016000 0.078000 0.100035 -0.547560 0.784824 0.272401     0.595959 0.016001 0.077379 0.101665 -0.547793 0.784126 0.273375     0.005579 -0.000629 -0.002357 0.999977 0.004449 -0.001446 0.004865     0.601530 0.015331 0.075675 0.102278 -0.551314 0.780786 0.275581     0.603864 0.014696 0.075017 0.097932 -0.552092 0.779232 0.280001     
0.596000 0.014000 0.063000 0.000000 -0.707100 0.707100 0.000000     0.591000 0.019000 0.058000 0.005476 -0.705123 0.709023 -0.006209     -0.007470 0.004767 -0.004755 0.999923 -0.000518 -0.008263 -0.002757     0.595845 0.020983 0.068079 0.106983 -0.547678 0.785619 0.267184     0.593369 0.020451 0.068130 0.107668 -0.547895 0.785148 0.267884     0.007167 -0.003166 0.004396 0.999970 0.003705 0.002076 0.006411     0.603029 0.017805 0.072470 0.105665 -0.551747 0.781317 0.271910     0.603436 0.016914 0.072329 0.106676 -0.550786 0.781821 0.272050     
0.596000 0.014000 0.063000 0.000000 -0.707100 0.707100 0.000000     0.591000 0.019000 0.063000 0.033983 0.704662 -0.708676 0.007422     -0.005763 0.005122 0.000160 0.999352 -0.029276 0.018781 -0.002839     0.596383 0.021547 0.072672 0.069975 -0.542811 0.795754 0.259258     0.596775 0.021541 0.072186 0.070881 -0.542937 0.795212 0.260449     0.004607 -0.004515 0.001234 0.999512 0.026472 -0.014406 0.008211     0.600668 0.016598 0.074180 0.093645 -0.550963 0.783038 0.272952     0.602923 0.015810 0.073622 0.090433 -0.551479 0.781231 0.278157     
0.596000 0.014000 0.063000 0.000000 -0.707100 0.707100 0.000000     0.591000 0.019000 0.068000 0.027836 0.694018 -0.719321 -0.011089     -0.004793 0.004262 0.004870 0.999352 -0.011842 0.027523 -0.017891     0.596614 0.021043 0.077660 0.076761 -0.526871 0.800122 0.276223     0.597499 0.020486 0.077422 0.076712 -0.526890 0.800108 0.276278     0.004575 -0.005350 -0.001287 0.999422 0.012066 -0.025792 0.018563     0.600607 0.015654 0.076697 0.098584 -0.547618 0.784567 0.273553     0.602242 0.015430 0.076204 0.097746 -0.547784 0.784178 0.274670     
0.596000 0.014000 0.063000 0.000000 -0.707100 0.707100 0.000000     0.591000 0.024000 0.058000 0.007540 -0.696448 0.717537 0.005034     -0.007524 0.010202 -0.005002 0.999809 0.008891 -0.001772 -0.014912     0.596019 0.025672 0.068050 0.110341 -0.535366 0.790271 0.276876     0.593389 0.025638 0.067929 0.110958 -0.535657 0.789915 0.277116     0.007959 -0.008207 0.004148 0.999920 0.001451 -0.004505 0.011715     0.603847 0.017552 0.072248 0.111426 -0.545669 0.783037 0.276882     0.605863 0.016905 0.072364 0.107117 -0.546749 0.781435 0.280980     
0.596000 0.014000 0.063000 0.000000 -0.707100 0.707100 0.000000     0.591000 0.024000 0.063000 0.022331 0.697296 -0.716419 0.001928     -0.005177 0.010113 -0.000170 0.999618 -0.017153 0.014426 -0.013521     0.596342 0.026200 0.072779 0.082968 -0.534546 0.798075 0.265392     0.596437 0.026184 0.072665 0.083883 -0.534508 0.797651 0.266491     0.005140 -0.009099 0.003439 0.999670 0.019390 -0.015645 0.006214     0.601147 0.016781 0.076459 0.104142 -0.541872 0.788046 0.272932     0.603712 0.016041 0.075657 0.100654 -0.542523 0.785823 0.279320     
0.596000 0.014000 0.063000 0.000000 -0.707100 0.707100 0.000000     0.591000 0.024000 0.068000 -0.000000 0.707100 -0.707100 -0.000000     -0.005466 0.009933 0.004906 0.999961 0.000000 0.000000 0.000000     0.596000 0.026000 0.078000 0.100035 -0.547560 0.784824 0.272401     0.596134 0.025942 0.078030 0.100032 -0.547565 0.784831 0.272408     0.004298 -0.009946 -0.000045 0.999973 0.003892 0.002610 0.005623     0.600328 0.016032 0.077944 0.098583 -0.550858 0.780925 0.277440     0.602505 0.015472 0.077855 0.094933 -0.551691 0.779552 0.280933     
0.596000 0.014000 0.063000 0.000000 -0.707100 0.707100 0.000000     0.596000 0.004000 0.058000 0.032317 0.697388 -0.715950 -0.001130     -0.000427 -0.010272 -0.005142 0.999352 -0.022052 0.023650 -0.013125     0.601522 0.006296 0.067656 0.072912 -0.532689 0.799906 0.266565     0.601050 0.005836 0.067475 0.074162 -0.533378 0.798940 0.267774     0.000291 0.009812 0.004208 0.999424 0.013916 -0.029457 0.009522     0.601191 0.015933 0.072233 0.101307 -0.546836 0.788516 0.262546     0.602814 0.015374 0.071957 0.101103 -0.546869 0.788437 0.262830     
0.596000 0.014000 0.063000 0.000000 -0.707100 0.707100 0.000000     0.596000 0.004000 0.063000 0.025715 -0.703572 0.710144 -0.001537     -0.000978 -0.009589 0.000065 0.999618 0.017096 -0.019269 -0.004647     0.600626 0.005609 0.073247 0.125751 -0.547264 0.780515 0.274709     0.601072 0.005531 0.072615 0.126746 -0.547407 0.779618 0.276545     0.001070 0.010794 0.000026 0.999461 -0.015951 0.026171 0.011742     0.602181 0.016840 0.072960 0.093301 -0.550950 0.781341 0.277911     0.603889 0.016330 0.072456 0.089746 -0.551565 0.780556 0.280097     
0.596000 0.014000 0.063000 0.000000 -0.707100 0.707100 0.000000     0.596000 0.004000 0.068000 0.013296 0.692047 -0.721669 0.008349     0.000582 -0.010561 0.004756 0.999618 -0.015305 0.003498 -0.020945     0.601155 0.006092 0.077902 0.094579 -0.531512 0.800543 0.260116     0.601909 0.005728 0.077824 0.094570 -0.531520 0.800549 0.260125     0.000375 0.010080 -0.000588 0.999736 0.011069 -0.004809 0.019562     0.601353 0.016150 0.077409 0.099199 -0.547235 0.786600 0.268203     0.603066 0.016022 0.077584 0.094050 -0.548390 0.785786 0.270116     
0.596000 0.014000 0.063000 0.000000 -0.707100 0.707100 0.000000     0.596000 0.009000 0.058000 0.003907 0.718881 -0.694834 -0.019514     -0.000996 -0.004381 -0.004855 0.999618 0.011036 0.016561 0.017004     0.601262 0.010955 0.067874 0.088413 -0.555102 0.773895 0.291739     0.600001 0.010951 0.067719 0.089259 -0.555332 0.773620 0.291806     -0.000582 0.003454 0.003913 0.999882 0.002165 -0.014720 -0.003919     0.600401 0.014326 0.071946 0.102140 -0.556106 0.774046 0.284862     0.601077 0.014918 0.071930 0.100724 -0.556143 0.774802 0.283269     
0.596000 0.014000 0.063000 0.000000 -0.707100 0.707100 0.000000     0.596000 0.009000 0.063000 0.002005 -0.682814 0.730525 0.008705     -0.000660 -0.004510 -0.000097 0.999352 0.007573 0.004738 -0.033735     0.601213 0.010504 0.072978 0.109592 -0.518701 0.801230 0.277399     0.601519 0.010485 0.072789 0.110735 -0.518526 0.800289 0.280010     0.001789 0.003378 0.000579 0.999662 -0.001711 -0.006440 0.025137     0.602790 0.014173 0.073617 0.106854 -0.540640 0.787689 0.275349     0.605063 0.013412 0.073078 0.101772 -0.541825 0.785952 0.279907     
0.596000 0.014000 0.063000 0.000000 -0.707100 0.707100 0.000000     0.596000 0.009000 0.068000 0.034646 -0.708362 0.704976 -0.003450     -0.000538 -0.005002 0.004748 0.999352 0.022058 -0.026937 0.002395     0.600443 0.010574 0.078333 0.132541 -0.554237 0.774331 0.275037     0.600637 0.010414 0.077579 0.134206 -0.555185 0.772844 0.276535     0.000020 0.004778 -0.002871 0.999495 -0.014440 0.027906 0.004674     0.601016 0.015690 0.075148 0.101578 -0.551815 0.779020 0.279804     0.603026 0.015152 0.074611 0.098228 -0.552253 0.777900 0.283265     
0.596000 0.014000 0.063000 0.000000 -0.707100 0.707100 0.000000     0.596000 0.014000 0.058000 0.001621 -0.710798 0.703348 0.006765     -0.000426 -0.000432 -0.005172 0.999923 0.005930 0.003637 0.005268     0.601052 0.015934 0.067987 0.098988 -0.550089 0.780658 0.279564     0.600655 0.015112 0.067801 0.099478 -0.550383 0.780163 0.280230     -0.000661 -0.000245 0.004392 0.999973 -0.006477 -0.001650 0.002972     0.600346 0.015849 0.072369 0.095880 -0.553497 0.780650 0.273886     0.602189 0.016063 0.072119 0.089983 -0.554180 0.781191 0.272997     
0.596000 0.014000 0.063000 0.000000 -0.707100 0.707100 0.000000     0.596000 0.014000 0.063000 0.006233 -0.722688 0.691028 0.012049     -0.000366 0.000170 -0.000187 0.999618 0.012927 0.004113 0.022387     0.600993 0.015965 0.073010 0.097753 -0.562529 0.769187 0.286945     0.600963 0.015971 0.072871 0.099130 -0.562500 0.768668 0.287952     -0.000515 -0.001111 0.000551 0.999916 -0.008526 -0.002412 -0.009415     0.600468 0.014931 0.073551 0.097506 -0.556765 0.776629 0.278087     0.601328 0.014743 0.073547 0.094090 -0.556896 0.777279 0.277221     
0.596000 0.014000 0.063000 0.000000 -0.707100 0.707100 0.000000     0.596000 0.014000 0.068000 0.025172 -0.706073 0.707265 0.024158     -0.000047 -0.000294 0.004757 0.999352 0.034881 -0.000716 -0.000843     0.600988 0.015289 0.078122 0.119866 -0.543270 0.775234 0.299135     0.600973 0.014793 0.077886 0.121500 -0.543463 0.774244 0.300719     -0.000544 -0.000718 -0.001977 0.999540 -0.027323 -0.003372 0.012724     0.600335 0.015249 0.076089 0.103774 -0.557168 0.775734 0.277509     0.601363 0.014982 0.076305 0.100299 -0.556889 0.776842 0.276280     
0.596000 0.014000 0.063000 0.000000 -0.707100 0.707100 0.000000     0.596000 0.019000 0.058000 0.011432 0.715366 -0.698619 0.005800     -0.000606 0.005432 -0.005150 0.999809 -0.012185 0.003982 0.011842     0.601028 0.021361 0.067907 0.086996 -0.556905 0.781938 0.266162     0.600695 0.021231 0.067638 0.088259 -0.557147 0.781558 0.266393     -0.000809 -0.005825 0.004274 0.999883 0.012499 -0.005641 -0.006834     0.600136 0.015220 0.072292 0.100176 -0.551909 0.781835 0.272168     0.602229 0.014593 0.071723 0.097969 -0.552351 0.780507 0.275898     
0.596000 0.014000 0.063000 0.000000 -0.707100 0.707100 0.000000     0.596000 0.019000 0.063000 0.009232 -0.700866 0.712849 -0.022983     0.000010 0.005290 -0.000625 0.999618 -0.009723 -0.022778 -0.008473     0.600575 0.021115 0.073178 0.114862 -0.547900 0.789565 0.251356     0.600618 0.020968 0.072606 0.116448 -0.548109 0.788902 0.252289     0.000342 -0.005265 0.000718 0.999718 0.008265 0.018741 0.011988     0.601246 0.015797 0.073753 0.101547 -0.551551 0.782850 0.269456     0.600504 0.015340 0.073474 0.103622 -0.552125 0.782214 0.269373     
0.596000 0.014000 0.063000 0.000000 -0.707100 0.707100 0.000000     0.596000 0.019000 0.068000 0.027231 -0.691336 0.722003 -0.002488     -0.000482 0.005263 0.005069 0.999352 0.017495 -0.021014 -0.021684     0.600648 0.020436 0.078263 0.131954 -0.534182 0.789352 0.272290     0.600614 0.020478 0.078125 0.133233 -0.533918 0.789009 0.273214     0.000904 -0.005438 -0.001155 0.999553 -0.014940 0.018069 0.018555     0.601857 0.015479 0.076884 0.104599 -0.545641 0.785539 0.272476     0.602339 0.014694 0.076638 0.104246 -0.545903 0.784707 0.274513     
0.596000 0.014000 0.063000 0.000000 -0.707100 0.707100 0.000000     0.596000 0.024000 0.058000 0.002020 0.705378 -0.708768 0.008144     -0.000988 0.010394 -0.004934 0.999923 -0.007187 -0.004330 -0.002397     0.600923 0.026120 0.068013 0.100147 -0.547556 0.787631 0.264139     0.601151 0.026225 0.067461 0.101966 -0.547444 0.787053 0.265435     0.000849 -0.009592 0.004603 0.999965 0.007551 -0.002779 0.002331     0.601707 0.016400 0.072675 0.105850 -0.549351 0.784055 0.268790     0.604072 0.015605 0.072007 0.101793 -0.550630 0.782850 0.271277     
0.596000 0.014000 0.063000 0.000000 -0.707100 0.707100 0.000000     0.596000 0.024000 0.063000 0.000916 0.695687 -0.717651 0.031239     -0.000801 0.010451 -0.000618 0.999352 -0.022737 -0.021441 -0.015531     0.600635 0.026308 0.073109 0.108582 -0.543152 0.796899 0.241096     0.600590 0.026470 0.072727 0.109913 -0.542948 0.796659 0.241787     0.002726 -0.009882 0.000217 0.999615 0.016946 0.019936 0.009202     0.603722 0.016173 0.073208 0.099639 -0.543630 0.789673 0.266335     0.603205 0.016389 0.073436 0.100730 -0.542203 0.790779 0.265590     
0.596000 0.014000 0.063000 0.000000 -0.707100 0.707100 0.000000     0.596000 0.024000 0.068000 0.003712 -0.704823 0.709162 0.016775     -0.000582 0.010196 0.004959 0.999809 0.014486 0.009236 -0.003068     0.601196 0.025680 0.077959 0.101538 -0.541103 0.783362 0.288480     0.600863 0.025658 0.077944 0.102587 -0.541102 0.782938 0.289296     0.000397 -0.010745 -0.003584 0.999943 -0.004539 -0.008764 0.004154     0.601403 0.015068 0.074449 0.104743 -0.547315 0.781489 0.280587     0.603466 0.014408 0.073914 0.100885 -0.548267 0.780859 0.281930     
0.596000 0.014000 0.063000 0.000000 -0.707100 0.707100 0.000000     0.601000 0.004000 0.058000 0.006216 0.702761 -0.711385 -0.000569     0.002013 -0.010612 -0.005098 0.999923 -0.003993 0.004797 -0.006098     0.606120 0.006018 0.067935 0.095740 -0.541846 0.789701 0.271274     0.603271 0.005790 0.067946 0.095738 -0.541850 0.789708 0.271282     -0.002696 0.009941 0.004017 0.999939 -0.003551 -0.007436 0.007414     0.603245 0.016104 0.072012 0.097671 -0.550024 0.785886 0.265134     0.604543 0.015841 0.071895 0.093608 -0.550755 0.786385 0.263637     
0.596000 0.014000 0.063000 0.000000 -0.707100 0.707100 0.000000     0.601000 0.004000 0.063000 0.006254 0.711239 -0.702745 0.015146     0.004369 -0.009642 -0.000108 0.999809 -0.015131 -0.006288 0.006006     0.605848 0.006362 0.072996 0.095033 -0.555417 0.784909 0.257642     0.605380 0.006420 0.072722 0.096842 -0.555458 0.784656 0.257687     -0.004764 0.008580 0.000665 0.999959 0.007916 0.003284 0.002788     0.601137 0.014811 0.073665 0.096130 -0.555984 0.781601 0.265933     0.601848 0.014503 0.073790 0.094048 -0.556422 0.782743 0.262418     
0.596000 0.014000 0.063000 0.000000 -0.707100 0.707100 0.000000     0.601000 0.004000 0.068000 0.023783 0.714588 -0.699127 -0.000295     0.005149 -0.010579 0.004934 0.999618 -0.016608 0.017025 0.010932     0.606288 0.006441 0.077751 0.074566 -0.552976 0.784796 0.269689     0.607086 0.006066 0.077897 0.074386 -0.552981 0.784803 0.269745     -0.006478 0.008771 -0.002161 0.999848 0.010807 -0.011414 -0.007572     0.599620 0.014920 0.075758 0.091530 -0.549221 0.785099 0.271253     0.600864 0.014086 0.075681 0.091883 -0.549070 0.784981 0.271816     
0.596000 0.014000 0.063000 0.000000 -0.707100 0.707100 0.000000     0.601000 0.009000 0.058000 -0.000000 0.707100 -0.707100 -0.000000     0.003128 -0.004671 -0.004779 0.999961 0.000000 0.000000 0.000000     0.606000 0.011000 0.068000 0.100035 -0.547560 0.784824 0.272401     0.604064 0.010853 0.068051 0.100282 -0.547870 0.784485 0.272698     -0.002739 0.005601 0.004185 0.999961 0.002591 -0.006136 0.005750     0.603115 0.016606 0.072256 0.104699 -0.553463 0.780326 0.271640     0.605182 0.015906 0.071760 0.098812 -0.554694 0.779650 0.273308     
0.596000 0.014000 0.063000 0.000000 -0.707100 0.707100 0.000000     0.601000 0.009000 0.063000 -0.000000 0.707100 -0.707100 -0.000000     0.004141 -0.004657 -0.000054 0.999961 0.000000 0.000000 0.000000     0.606000 0.011000 0.073000 0.100035 -0.547560 0.784824 0.272401     0.606140 0.011050 0.072482 0.101834 -0.547496 0.783928 0.274471     -0.004623 0.003827 0.000416 0.999990 0.001681 -0.000115 0.004133     0.601358 0.014835 0.073424 0.099919 -0.550662 0.782084 0.274068     0.602508 0.014500 0.073607 0.095432 -0.551334 0.782485 0.273203     
0.596000 0.014000 0.063000 0.000000 -0.707100 0.707100 0.000000     0.601000 0.009000 0.068000 0.015902 0.708198 -0.705787 -0.006985     0.004177 -0.005434 0.005112 0.999809 -0.006305 0.016183 0.001705     0.606313 0.011143 0.077807 0.083401 -0.545037 0.787107 0.276444     0.606555 0.010876 0.077469 0.083406 -0.545044 0.787111 0.276455     -0.004389 0.004416 -0.001662 0.999863 0.009157 -0.013748 -0.000451     0.601654 0.015372 0.076325 0.099326 -0.547644 0.783568 0.276083     0.603034 0.015060 0.076790 0.099304 -0.547684 0.783585 0.275998     
0.596000 0.014000 0.063000 0.000000 -0.707100 0.707100 0.000000     0.601000 0.014000 0.058000 0.001341 0.705925 -0.708059 0.017335     0.003499 -0.000353 -0.004691 0.999809 -0.013206 -0.011309 -0.001509     0.605780 0.016250 0.068054 0.102075 -0.550694 0.787997 0.255652     0.604436 0.015441 0.068144 0.102846 -0.551010 0.787060 0.257579     -0.003197 0.001373 0.004175 0.999949 0.004010 0.009246 0.001101     0.602763 0.017553 0.072157 0.096711 -0.548760 0.787269 0.264002     0.603239 0.017035 0.071938 0.098679 -0.548927 0.786634 0.264858     
0.596000 0.014000 0.063000 0.000000 -0.707100 0.707100 0.000000     0.601000 0.014000 0.063000 0.006430 -0.703704 0.710442 -0.003479     0.005314 -0.000428 -0.000792 0.999923 0.002087 -0.007006 -0.004765     0.605878 0.015911 0.073077 0.107970 -0.545499 0.786134 0.269715     0.606368 0.015184 0.072866 0.107947 -0.545515 0.786105 0.269813     -0.004519 0.000842 0.001247 0.999929 0.005442 0.008973 0.005712     0.601518 0.016701 0.074256 0.102337 -0.546943 0.782463 0.279486     0.602363 0.016602 0.074466 0.098223 -0.548304 0.782082 0.279398     
0.596000 0.014000 0.063000 0.000000 -0.707100 0.707100 0.000000     0.601000 0.014000 0.068000 -0.000000 0.707100 -0.707100 -0.000000     0.004770 0.000277 0.004665 0.999961 0.000000 0.000000 0.000000     0.606000 0.016000 0.078000 0.100035 -0.547560 0.784824 0.272401     0.606215 0.015974 0.077867 0.101023 -0.547589 0.784096 0.274106     -0.004099 -0.000498 -0.001023 0.999938 0.007733 -0.008017 -0.000864     0.601743 0.015338 0.077086 0.110790 -0.548258 0.782340 0.273977     0.603104 0.015778 0.076638 0.110750 -0.548536 0.782396 0.273311     
0.596000 0.014000 0.063000 0.000000 -0.707100 0.707100 0.000000     0.601000 0.019000 0.058000 0.002440 -0.709612 0.704103 0.025770     0.002366 0.005034 -0.005178 0.999618 0.019947 0.016497 0.003895     0.606314 0.020643 0.067902 0.096914 -0.543940 0.778639 0.297386     0.603778 0.020208 0.067723 0.097591 -0.544122 0.777830 0.298979     -0.002822 -0.004054 0.004275 0.999662 -0.016635 -0.019828 0.002478     0.603087 0.016946 0.072320 0.102534 -0.553194 0.780053 0.273788     0.604698 0.017130 0.072190 0.099093 -0.553503 0.780178 0.274111     
0.596000 0.014000 0.063000 0.000000 -0.707100 0.707100 0.000000     0.601000 0.019000 0.063000 0.011431 0.714298 -0.699687 0.008196     0.004163 0.005335 -0.000139 0.999809 -0.013878 0.002288 0.010331     0.606000 0.021380 0.072916 0.087810 -0.556350 0.783057 0.263754     0.605647 0.021554 0.072708 0.089472 -0.556310 0.782806 0.264063     -0.004699 -0.004995 0.002968 0.999932 0.009487 0.005695 -0.003793     0.601432 0.016159 0.075870 0.089623 -0.551007 0.783111 0.274000     0.603488 0.016033 0.075568 0.086753 -0.550736 0.783745 0.273693     
0.596000 0.014000 0.063000 0.000000 -0.707100 0.707100 0.000000     0.601000 0.019000 0.068000 0.021508 -0.691205 0.722133 0.016646     0.004275 0.005075 0.004737 0.999352 0.026978 -0.003438 -0.021868     0.606002 0.020238 0.078122 0.123402 -0.528300 0.788628 0.289339     0.605372 0.020003 0.077899 0.125364 -0.529266 0.787688 0.289324     -0.003535 -0.005218 -0.003046 0.999594 -0.019974 0.005355 0.019597     0.602514 0.015619 0.074960 0.102906 -0.544456 0.784395 0.278718     0.604171 0.015277 0.074601 0.098153 -0.544701 0.784888 0.278601     
0.596000 0.014000 0.063000 0.000000 -0.707100 0.707100 0.000000     0.601000 0.024000 0.058000 0.012678 -0.723051 0.690665 -0.000246     0.002480 0.009616 -0.005349 0.999618 0.008790 -0.009139 0.022900     0.605723 0.026046 0.068124 0.105748 -0.566955 0.768707 0.276494     0.603289 0.025787 0.067863 0.105751 -0.566965 0.768710 0.276498     -0.003748 -0.009724 0.004507 0.999899 -0.005197 0.002329 -0.013059     0.602075 0.016302 0.072589 0.104612 -0.556765 0.777716 0.272410     0.603626 0.015937 0.072806 0.100098 -0.556395 0.778273 0.273306     
0.596000 0.014000 0.063000 0.000000 -0.707100 0.707100 0.000000     0.601000 0.024000 0.063000 0.005830 -0.702516 0.711630 -0.000798     0.004140 0.010302 0.000044 0.999923 0.003558 -0.004687 -0.006444     0.605931 0.025865 0.073060 0.107413 -0.543402 0.786885 0.271972     0.605626 0.025951 0.073014 0.108608 -0.543301 0.786615 0.272518     -0.005101 -0.010566 0.002097 0.999944 0.006404 0.006384 0.005408     0.600938 0.015224 0.075117 0.104392 -0.545204 0.782846 0.281046     0.603267 0.014511 0.074358 0.101089 -0.545904 0.781289 0.285232     
0.596000 0.014000 0.063000 0.000000 -0.707100 0.707100 0.000000     0.601000 0.024000 0.068000 0.006615 -0.706499 0.707486 0.016135     0.004395 0.010300 0.004657 0.999809 0.016086 0.006731 -0.000698     0.606137 0.025671 0.077991 0.103735 -0.543486 0.781378 0.288601     0.605724 0.025797 0.077730 0.104747 -0.543444 0.781254 0.288686     -0.006035 -0.011221 -0.000365 0.999972 -0.000567 -0.007389 0.000727     0.599952 0.014469 0.077699 0.108987 -0.546230 0.780359 0.284210     0.600993 0.014540 0.077671 0.106074 -0.547118 0.780639 0.282867     
0.596000 0.014000 0.063000 0.000000 -0.707100 0.707100 0.000000     0.606000 0.004000 0.058000 0.027356 -0.730342 0.682512 -0.003226     0.006249 -0.009832 -0.004973 0.999009 0.017063 -0.021624 0.033820     0.610427 0.005973 0.068272 0.117042 -0.577766 0.758747 0.277076     0.606668 0.005735 0.068140 0.116995 -0.578035 0.758556 0.277093     -0.005726 0.008832 0.001519 0.999666 -0.011462 0.020379 -0.011013     0.605160 0.014935 0.069554 0.097969 -0.564912 0.770417 0.278772     0.606894 0.014065 0.069490 0.092441 -0.565675 0.769787 0.280882     
0.596000 0.014000 0.063000 0.000000 -0.707100 0.707100 0.000000     0.606000 0.004000 0.063000 0.030604 -0.716369 0.696485 0.027719     0.009372 -0.009788 0.000189 0.999009 0.041239 -0.002039 0.014059     0.610912 0.005307 0.073157 0.120292 -0.554503 0.764941 0.304798     0.610663 0.005337 0.073176 0.121918 -0.554540 0.764137 0.306131     -0.009366 0.008003 0.001945 0.999701 -0.023887 0.001317 -0.004972     0.601589 0.013745 0.075015 0.107519 -0.553006 0.774908 0.286567     0.602083 0.013773 0.074989 0.105103 -0.552322 0.776701 0.283952     
0.596000 0.014000 0.063000 0.000000 -0.707100 0.707100 0.000000     0.606000 0.004000 0.068000 0.019974 -0.705004 0.708712 -0.016714     0.009210 -0.009658 0.004964 0.999618 0.002305 -0.025942 -0.002622     0.610485 0.005928 0.078255 0.122337 -0.552151 0.782768 0.259649     0.610196 0.005978 0.077973 0.123375 -0.552193 0.782475 0.259990     -0.008431 0.007630 -0.003804 0.999763 0.000407 0.020534 0.007263     0.602442 0.013618 0.074260 0.104574 -0.552323 0.780978 0.272133     0.604515 0.013030 0.073657 0.100103 -0.553196 0.780027 0.274793     
0.596000 0.014000 0.063000 0.000000 -0.707100 0.707100 0.000000     0.606000 0.009000 0.058000 -0.000000 0.707100 -0.707100 -0.000000     0.008082 -0.004951 -0.004624 0.999961 0.000000 0.000000 0.000000     0.611000 0.011000 0.068000 0.100035 -0.547560 0.784824 0.272401     0.609177 0.010542 0.068366 0.100349 -0.548485 0.783173 0.275199     -0.008680 0.005122 0.003178 0.999984 0.003714 -0.004236 0.000233     0.602235 0.016049 0.071235 0.105328 -0.548516 0.783249 0.273016     0.603351 0.016226 0.071299 0.102722 -0.548205 0.784935 0.269808     
0.596000 0.014000 0.063000 0.000000 -0.707100 0.707100 0.000000     0.606000 0.009000 0.063000 0.000671 -0.718655 0.695330 -0.005665     0.009477 -0.004740 -0.000375 0.999809 -0.003531 -0.004480 0.016493     0.610840 0.011233 0.073029 0.097109 -0.561995 0.776187 0.268785     0.610587 0.011261 0.072823 0.098124 -0.562069 0.775837 0.269307     -0.010159 0.002749 0.000230 0.999922 0.004149 0.000147 -0.011798     0.600734 0.013784 0.073276 0.102490 -0.552351 0.781656 0.270921     0.601390 0.014094 0.073749 0.100984 -0.550769 0.783424 0.269636     
0.596000 0.014000 0.063000 0.000000 -0.707100 0.707100 0.000000     0.606000 0.009000 0.068000 0.001360 -0.692106 0.720748 -0.038608     0.009186 -0.004496 0.004787 0.999009 -0.026338 -0.028260 -0.020253     0.610518 0.011338 0.078155 0.113214 -0.541476 0.799515 0.233970     0.610212 0.011568 0.077976 0.114539 -0.541204 0.799466 0.234164     -0.009808 0.002128 -0.003553 0.999518 0.017015 0.020018 0.016534     0.601040 0.013278 0.074491 0.102500 -0.547824 0.788462 0.260172     0.602973 0.012451 0.074056 0.099564 -0.549519 0.786231 0.264493     
0.596000 0.014000 0.063000 0.000000 -0.707100 0.707100 0.000000     0.606000 0.014000 0.058000 0.005322 -0.693653 0.719685 0.029169     0.006506 0.000424 -0.004758 0.999352 0.024388 0.016862 -0.018407     0.611397 0.015323 0.067906 0.105108 -0.525747 0.789469 0.298768     0.608773 0.014690 0.067659 0.104802 -0.526392 0.788410 0.300562     -0.004756 0.000506 0.003755 0.999563 -0.016902 -0.019478 0.014443     0.611397 0.015323 0.067906 0.105108 -0.525747 0.789469 0.298768     0.612637 0.015254 0.067721 0.102947 -0.526243 0.789486 0.298633     
0.596000 0.014000 0.063000 0.000000 -0.707100 0.707100 0.000000     0.606000 0.014000 0.063000 0.031811 0.698709 -0.714629 -0.008905     0.009593 -0.000215 -0.000210 0.999352 -0.016196 0.028790 -0.011257     0.611613 0.016199 0.072626 0.071576 -0.532169 0.797802 0.274162     0.611957 0.015828 0.072643 0.071575 -0.532174 0.797809 0.274169     -0.008973 -0.000436 0.000321 0.999399 0.023110 -0.025798 0.001158     0.602129 0.015322 0.073315 0.104095 -0.538192 0.788524 0.278788     0.603479 0.014754 0.073530 0.104369 -0.538255 0.788522 0.278605     
0.596000 0.014000 0.063000 0.000000 -0.707100 0.707100 0.000000     0.606000 0.014000 0.068000 -0.000000 0.707100 -0.707100 -0.000000     0.010142 -0.000173 0.005007 0.999961 0.000000 0.000000 0.000000     0.611000 0.016000 0.078000 0.100035 -0.547560 0.784824 0.272401     0.611173 0.015171 0.077972 0.100629 -0.548625 0.782913 0.275558     -0.009430 -0.000473 -0.003784 0.999942 0.000724 -0.010279 -0.003028     0.601375 0.015482 0.074320 0.109317 -0.547880 0.785211 0.267022     0.602916 0.015549 0.074145 0.106679 -0.548762 0.784705 0.267802     
0.596000 0.014000 0.063000 0.000000 -0.707100 0.707100 0.000000     0.606000 0.019000 0.058000 0.022611 0.687927 -0.725411 -0.002041     0.008593 0.004587 -0.004439 0.999352 -0.014545 0.017431 -0.026504     0.611451 0.021010 0.067759 0.085548 -0.523131 0.804565 0.267713     0.609991 0.020502 0.068252 0.086197 -0.523571 0.804031 0.268285     -0.008211 -0.003981 0.003712 0.999563 0.017541 -0.014080 0.019175     0.602888 0.016886 0.071688 0.100881 -0.540598 0.788283 0.275984     0.604116 0.016054 0.071497 0.101142 -0.540525 0.788289 0.276050     
0.596000 0.014000 0.063000 0.000000 -0.707100 0.707100 0.000000     0.606000 0.019000 0.063000 0.030737 0.708956 -0.703898 0.030742     0.009606 0.005155 -0.000012 0.999009 -0.043471 -0.000004 0.003576     0.610982 0.021897 0.072787 0.075164 -0.554196 0.793960 0.238380     0.611026 0.021801 0.073088 0.075644 -0.554259 0.793266 0.240424     -0.009995 -0.004459 0.000965 0.999394 0.034011 -0.006736 -0.003211     0.600870 0.016732 0.073991 0.100080 -0.550359 0.786645 0.261264     0.602354 0.015782 0.073883 0.098442 -0.550344 0.785552 0.265214     
0.596000 0.014000 0.063000 0.000000 -0.707100 0.707100 0.000000     0.606000 0.019000 0.068000 0.000489 0.729191 -0.684147 -0.014257     0.009093 0.005419 0.004711 0.999352 0.009735 0.010426 0.031850     0.611076 0.021127 0.077935 0.088445 -0.568410 0.765297 0.288772     0.610546 0.021281 0.077804 0.089722 -0.568497 0.765052 0.288889     -0.008688 -0.006168 -0.002680 0.999782 0.002003 -0.010618 -0.017869     0.602248 0.014740 0.075370 0.102850 -0.557500 0.773769 0.282625     0.603659 0.014500 0.075792 0.101711 -0.557136 0.774601 0.281510     
0.596000 0.014000 0.063000 0.000000 -0.707100 0.707100 0.000000     0.606000 0.024000 0.058000 0.017471 -0.695320 0.718396 -0.010664     0.008154 0.010388 -0.004494 0.999618 0.004814 -0.019894 -0.016317     0.610659 0.025745 0.068210 0.122695 -0.539503 0.790189 0.263560     0.608975 0.025645 0.068494 0.123042 -0.539742 0.789555 0.264843     -0.008041 -0.007514 0.004079 0.999850 0.001333 0.011994 0.012419     0.602817 0.018323 0.072180 0.110644 -0.545911 0.784490 0.272568     0.605525 0.017354 0.071242 0.106726 -0.547634 0.782054 0.277664     
0.596000 0.014000 0.063000 0.000000 -0.707100 0.707100 0.000000     0.606000 0.024000 0.063000 0.019738 0.692458 -0.720880 0.020602     0.009272 0.010372 -0.000190 0.999352 -0.028524 -0.000611 -0.020097     0.611076 0.026365 0.072882 0.090308 -0.534474 0.803060 0.247503     0.610812 0.026221 0.072689 0.091744 -0.534704 0.802580 0.248070     -0.009363 -0.008936 0.000086 0.999750 0.020841 -0.004528 0.006722     0.601593 0.017081 0.073104 0.103397 -0.538977 0.793699 0.262364     0.602945 0.016100 0.072673 0.105249 -0.538309 0.792664 0.266140     
0.596000 0.014000 0.063000 0.000000 -0.707100 0.707100 0.000000     0.606000 0.024000 0.068000 0.030494 -0.702273 0.710581 0.030630     0.007205 0.011252 0.005192 0.999009 0.043220 0.000096 -0.005875     0.611020 0.025070 0.078132 0.125131 -0.538078 0.775530 0.305528     0.610707 0.025340 0.077862 0.127855 -0.537515 0.774045 0.309169     -0.007045 -0.008815 -0.001864 0.999715 -0.020496 0.004067 0.011563     0.604026 0.016785 0.076172 0.107381 -0.548214 0.775858 0.293181     0.604730 0.016259 0.076545 0.103337 -0.548912 0.776396 0.291935     
