0.596000 0.014000 0.063000 0.000000 -0.707100 0.707100 0.000000     0.596000 0.014000 0.063000 -0.000000 0.707100 -0.707100 -0.000000     0.000392 -0.000435 -0.000261 0.999961 0.000000 0.000000 0.000000     0.601000 0.016000 0.073000 0.100035 -0.547560 0.784824 0.272401     0.601424 0.015563 0.072733 0.100037 -0.547565 0.784831 0.272406     -0.000315 -0.000635 -0.000839 0.999989 -0.004209 -0.001919 0.000333     0.600645 0.015453 0.072163 0.099145 -0.548759 0.785588 0.268078     0.601976 0.014997 0.071891 0.098067 -0.549068 0.784897 0.269895     
0.596000 0.014000 0.063000 0.000000 -0.707100 0.707100 0.000000     0.586000 0.004000 0.058000 0.020923 -0.717963 0.695752 0.000881     -0.009998 -0.010437 -0.004863 0.999618 0.015417 -0.014172 0.015705     0.590653 0.005840 0.068196 0.115287 -0.562017 0.770338 0.278219     0.590902 0.005024 0.068257 0.116537 -0.562539 0.768914 0.280607     0.008986 0.010339 0.004398 0.999480 -0.023954 0.016312 -0.014153     0.600025 0.016524 0.072340 0.093137 -0.549045 0.786436 0.267158     0.599361 0.015713 0.072019 0.095243 -0.549477 0.786075 0.266627     
0.596000 0.014000 0.063000 0.000000 -0.707100 0.707100 0.000000     0.586000 0.004000 0.063000 0.002418 0.707700 -0.706447 0.008338     -0.009386 -0.010449 0.000239 0.999923 -0.007605 -0.004186 0.000886     0.590912 0.006161 0.073010 0.098910 -0.550135 0.785962 0.264218     0.591668 0.005716 0.073228 0.098709 -0.550189 0.785925 0.264331     0.009333 0.010780 -0.000171 0.999981 -0.003822 0.004745 0.000049     0.600340 0.017018 0.072775 0.093063 -0.549288 0.787399 0.263825     0.599020 0.016747 0.073433 0.093373 -0.549297 0.787587 0.263174     
0.596000 0.014000 0.063000 0.000000 -0.707100 0.707100 0.000000     0.586000 0.004000 0.068000 0.033428 -0.725914 0.686940 0.005073     -0.010208 -0.010448 0.005031 0.999009 0.027223 -0.020050 0.027557     0.590490 0.005709 0.078292 0.123076 -0.571405 0.759566 0.285286     0.590412 0.005067 0.078200 0.124574 -0.571921 0.758341 0.286890     0.008177 0.009002 -0.003661 0.998761 -0.035438 0.020205 -0.028505     0.599187 0.015158 0.074301 0.095458 -0.547644 0.787509 0.266052     0.601697 0.014550 0.073667 0.091306 -0.548380 0.786148 0.270027     
0.596000 0.014000 0.063000 0.000000 -0.707100 0.707100 0.000000     0.586000 0.009000 0.058000 0.020772 0.682804 -0.730050 -0.018843     -0.010226 -0.005696 -0.004775 0.999009 -0.001364 0.028012 -0.033406     0.591675 0.010670 0.067696 0.086307 -0.513325 0.805544 0.283068     0.591497 0.009988 0.067686 0.088175 -0.514337 0.804021 0.285015     0.010980 0.005592 0.003273 0.999068 -0.001404 -0.029233 0.031733     0.601961 0.016628 0.071276 0.100072 -0.546805 0.786378 0.269406     0.603881 0.016391 0.071084 0.096859 -0.547504 0.785476 0.271817     
0.596000 0.014000 0.063000 0.000000 -0.707100 0.707100 0.000000     0.586000 0.009000 0.063000 0.001113 0.702935 -0.711212 0.006376     -0.010149 -0.005137 -0.000607 0.999923 -0.005295 -0.003722 -0.005853     0.590949 0.011048 0.073016 0.101647 -0.544489 0.789069 0.265611     0.590713 0.010749 0.072651 0.103126 -0.545127 0.788227 0.266271     0.009643 0.005856 0.000058 0.999955 -0.005807 0.004783 0.005779     0.600663 0.017077 0.073001 0.093171 -0.548345 0.787916 0.264209     0.602160 0.016620 0.072859 0.090981 -0.548739 0.787007 0.266886     
0.596000 0.014000 0.063000 0.000000 -0.707100 0.707100 0.000000     0.586000 0.009000 0.068000 0.013843 0.714378 -0.699606 0.001960     -0.010688 -0.004853 0.004364 0.999809 -0.011174 0.008403 0.010445     0.591122 0.011328 0.077867 0.084461 -0.554503 0.782869 0.269236     0.591077 0.010985 0.077674 0.085530 -0.555517 0.781088 0.272004     0.010806 0.003847 -0.004416 0.999921 0.003058 -0.005375 -0.010948     0.601871 0.015003 0.073519 0.093305 -0.547078 0.787601 0.267703     0.604680 0.014525 0.072959 0.087334 -0.545949 0.787210 0.273153     
0.596000 0.014000 0.063000 0.000000 -0.707100 0.707100 0.000000     0.586000 0.014000 0.058000 0.000487 -0.703401 0.710583 0.016690     -0.010968 0.000000 -0.005342 0.999809 0.012145 0.011457 -0.005079     0.591247 0.015706 0.067928 0.099061 -0.539155 0.785323 0.287658     0.590065 0.015472 0.067751 0.100914 -0.539379 0.784719 0.288276     0.010696 -0.001054 0.004794 0.999685 -0.021815 -0.011848 0.003815     0.601693 0.015125 0.072758 0.095475 -0.547550 0.788120 0.264425     0.604434 0.014247 0.072014 0.089230 -0.548598 0.786860 0.268198     
0.596000 0.014000 0.063000 0.000000 -0.707100 0.707100 0.000000     0.586000 0.014000 0.063000 0.010855 0.697491 -0.716494 0.002492     -0.010112 -0.000110 -0.000258 0.999809 -0.009437 0.005914 -0.013436     0.591172 0.016051 0.072902 0.093871 -0.536264 0.795224 0.266847     0.591171 0.015622 0.072750 0.095563 -0.537180 0.793590 0.269298     0.010367 -0.000699 0.001754 0.999885 0.001863 -0.006781 0.013434     0.601348 0.015452 0.074732 0.096667 -0.548521 0.786795 0.265922     0.603034 0.015052 0.074803 0.092555 -0.549630 0.785806 0.268048     
0.596000 0.014000 0.063000 0.000000 -0.707100 0.707100 0.000000     0.586000 0.014000 0.068000 0.000915 -0.701188 0.712797 0.015374     -0.010229 -0.000260 0.004874 0.999809 0.011517 0.010224 -0.008209     0.591234 0.015686 0.077938 0.100538 -0.537096 0.787085 0.286177     0.591022 0.015240 0.077794 0.101960 -0.537710 0.786018 0.287486     0.010005 -0.001129 -0.003571 0.999760 -0.016735 -0.010970 0.008865     0.600987 0.014982 0.074415 0.097622 -0.548768 0.785821 0.267936     0.602943 0.014374 0.073983 0.093485 -0.549655 0.784637 0.271082     
0.596000 0.014000 0.063000 0.000000 -0.707100 0.707100 0.000000     0.586000 0.019000 0.058000 0.011610 0.698455 -0.715529 -0.004902     -0.010120 0.004656 -0.005131 0.999809 -0.004743 0.011675 -0.012073     0.591280 0.020970 0.067861 0.091547 -0.535295 0.793775 0.273823     0.591186 0.020393 0.067692 0.093567 -0.536098 0.792287 0.275909     0.009715 -0.005146 0.004267 0.999808 -0.003068 -0.011835 0.015313     0.600696 0.016042 0.072237 0.095089 -0.550869 0.785183 0.266401     0.602656 0.015809 0.071999 0.089920 -0.551992 0.784363 0.268318     
0.596000 0.014000 0.063000 0.000000 -0.707100 0.707100 0.000000     0.586000 0.019000 0.063000 0.005718 -0.702677 0.711469 -0.002190     -0.010596 0.004618 -0.000277 0.999923 0.002494 -0.005592 -0.006217     0.590912 0.020888 0.073065 0.107479 -0.543933 0.786960 0.270665     0.590401 0.020325 0.072749 0.109829 -0.544741 0.786055 0.270762     0.011507 -0.004666 -0.000035 0.999953 -0.007403 0.005738 0.002433     0.602524 0.016395 0.072944 0.098273 -0.545065 0.788220 0.268209     0.603781 0.015892 0.072953 0.096261 -0.545423 0.787504 0.270343     
0.596000 0.014000 0.063000 0.000000 -0.707100 0.707100 0.000000     0.586000 0.019000 0.068000 0.005227 0.689546 -0.724169 -0.007649     -0.010391 0.004783 0.004617 0.999618 0.001713 0.009105 -0.024482     0.591272 0.020714 0.077913 0.100461 -0.525506 0.798405 0.276189     0.590894 0.020213 0.077518 0.102687 -0.525822 0.797675 0.276915     0.011223 -0.005289 -0.003744 0.999593 -0.003673 -0.010707 0.026182     0.602183 0.015767 0.074265 0.099808 -0.549522 0.784260 0.270147     0.604757 0.015448 0.073681 0.094745 -0.550382 0.782591 0.275054     
0.596000 0.014000 0.063000 0.000000 -0.707100 0.707100 0.000000     0.586000 0.024000 0.058000 0.015390 -0.712770 0.701215 0.000987     -0.010835 0.010247 -0.005397 0.999809 0.011580 -0.010184 0.008171     0.590763 0.025847 0.068144 0.112127 -0.555505 0.776057 0.276689     0.590054 0.025832 0.067658 0.113432 -0.555776 0.775416 0.277447     0.010456 -0.010471 0.004656 0.999710 -0.017798 0.009713 -0.013015     0.601466 0.015607 0.072636 0.098271 -0.544552 0.789075 0.266733     0.603658 0.014978 0.072215 0.094990 -0.545258 0.787864 0.270076     
0.596000 0.014000 0.063000 0.000000 -0.707100 0.707100 0.000000     0.586000 0.024000 0.063000 0.001058 -0.706953 0.707032 -0.017420     -0.010404 0.009998 -0.000466 0.999809 -0.011570 -0.013065 -0.000056     0.590738 0.026232 0.073078 0.103953 -0.552149 0.786580 0.256119     0.590300 0.025954 0.073096 0.105654 -0.552648 0.785733 0.256985     0.010640 -0.010594 0.001340 0.999902 0.003580 0.013495 -0.001408     0.601654 0.015552 0.074303 0.095666 -0.547159 0.787765 0.266216     0.601638 0.014729 0.075154 0.094466 -0.547448 0.787124 0.267977     
0.596000 0.014000 0.063000 0.000000 -0.707100 0.707100 0.000000     0.586000 0.024000 0.068000 0.022874 0.680628 -0.732226 0.006945     -0.010422 0.009871 0.004636 0.999009 -0.021085 0.011264 -0.036484     0.591371 0.026039 0.077798 0.089492 -0.517445 0.810925 0.258112     0.591412 0.025729 0.077201 0.090767 -0.518099 0.810043 0.259160     0.010650 -0.010133 -0.003805 0.999065 0.018239 -0.015645 0.035935     0.601563 0.015914 0.074228 0.102258 -0.548508 0.785465 0.267781     0.603118 0.015454 0.074268 0.099825 -0.549299 0.783931 0.271585     
0.596000 0.014000 0.063000 0.000000 -0.707100 0.707100 0.000000     0.591000 0.004000 0.058000 0.014710 0.718531 -0.695184 0.014011     -0.007427 -0.010258 -0.004702 0.999618 -0.020308 0.000494 0.016508     0.595934 0.006568 0.067902 0.083995 -0.562226 0.781097 0.258291     0.593650 0.006037 0.068083 0.084599 -0.562583 0.780284 0.259807     0.007519 0.010003 0.003894 0.999871 0.005022 0.002092 -0.015118     0.603569 0.016321 0.071800 0.089079 -0.549382 0.788375 0.262087     0.605791 0.015911 0.070924 0.087278 -0.549621 0.787730 0.264161     
0.596000 0.014000 0.063000 0.000000 -0.707100 0.707100 0.000000     0.591000 0.004000 0.063000 0.017344 -0.691459 0.721879 0.021318     -0.004395 -0.010532 0.000019 0.999352 0.027337 0.002810 -0.021509     0.596126 0.005233 0.073060 0.118597 -0.526844 0.788958 0.293078     0.596816 0.004725 0.073132 0.118086 -0.526950 0.788526 0.294288     0.004980 0.010443 0.001183 0.999216 -0.035074 0.004228 0.017859     0.601130 0.016561 0.074082 0.091455 -0.543442 0.789711 0.269522     0.600878 0.016156 0.075503 0.089635 -0.544182 0.789276 0.269953     
0.596000 0.014000 0.063000 0.000000 -0.707100 0.707100 0.000000     0.591000 0.004000 0.068000 0.029672 -0.719171 0.694168 -0.004997     -0.005412 -0.009936 0.004234 0.999352 0.017447 -0.024514 0.017679     0.595435 0.005813 0.078298 0.123951 -0.566034 0.767460 0.274274     0.595032 0.005579 0.077878 0.126142 -0.566404 0.766675 0.274742     0.004572 0.008691 -0.003936 0.998880 -0.028388 0.032810 -0.018901     0.600745 0.014895 0.073933 0.087747 -0.545414 0.789152 0.268409     0.603211 0.014191 0.073139 0.082491 -0.546274 0.787880 0.272077     
0.596000 0.014000 0.063000 0.000000 -0.707100 0.707100 0.000000     0.591000 0.009000 0.058000 0.024313 0.701539 -0.712176 -0.006126     -0.007480 -0.005437 -0.004431 0.999618 -0.012859 0.021523 -0.007522     0.596456 0.011175 0.067721 0.078115 -0.536892 0.794330 0.273248     0.594183 0.010171 0.067993 0.077877 -0.537379 0.792370 0.278044     0.008476 0.004629 0.004035 0.999603 0.002157 -0.027087 0.007510     0.604364 0.015839 0.072046 0.098706 -0.549877 0.787277 0.260897     0.606571 0.015415 0.071544 0.093538 -0.550940 0.785916 0.264673     
0.596000 0.014000 0.063000 0.000000 -0.707100 0.707100 0.000000     0.591000 0.009000 0.063000 0.024482 -0.708649 0.705066 0.008913     -0.005437 -0.005213 -0.000394 0.999618 0.023613 -0.011008 0.002534     0.595769 0.010548 0.073191 0.120880 -0.549997 0.775634 0.285066     0.595265 0.010157 0.072925 0.122628 -0.550173 0.775109 0.285443     0.005152 0.005019 0.000235 0.999403 -0.031305 0.011536 -0.009025     0.601186 0.016110 0.073199 0.097215 -0.543165 0.790452 0.265869     0.602236 0.015767 0.072936 0.094081 -0.543857 0.791328 0.263000     
0.596000 0.014000 0.063000 0.000000 -0.707100 0.707100 0.000000     0.591000 0.009000 0.068000 0.008778 0.705215 -0.708770 0.014873     -0.005667 -0.005045 0.004622 0.999809 -0.016723 -0.004310 -0.002514     0.595925 0.011309 0.077971 0.094929 -0.548351 0.790205 0.256623     0.595355 0.011145 0.077719 0.096994 -0.549404 0.789259 0.256548     0.004255 0.005011 -0.003695 0.999895 0.012468 0.006130 0.004161     0.600284 0.016113 0.074269 0.095845 -0.548824 0.785223 0.270205     0.603310 0.015811 0.073672 0.088877 -0.548890 0.784275 0.275195     
0.596000 0.014000 0.063000 0.000000 -0.707100 0.707100 0.000000     0.591000 0.014000 0.058000 0.034616 0.725060 -0.687794 -0.003161     -0.007703 0.000041 -0.004390 0.999009 -0.022241 0.026711 0.026351     0.596400 0.016711 0.067617 0.059618 -0.562669 0.778379 0.271949     0.593763 0.016438 0.068258 0.059156 -0.562337 0.777444 0.275424     0.007129 -0.000123 0.004172 0.999264 0.010157 -0.024548 -0.027676     0.603186 0.016099 0.072096 0.091923 -0.546783 0.789153 0.264192     0.604648 0.015849 0.071899 0.091929 -0.546804 0.789136 0.264231     
0.596000 0.014000 0.063000 0.000000 -0.707100 0.707100 0.000000     0.591000 0.014000 0.063000 0.004902 0.711518 -0.702628 -0.003551     -0.004623 -0.000561 -0.000306 0.999923 -0.000956 0.005977 0.006286     0.596093 0.016083 0.072936 0.093104 -0.550940 0.782211 0.275543     0.596644 0.015280 0.072756 0.093118 -0.550998 0.781692 0.276925     0.006000 -0.001406 0.000001 0.999961 -0.005364 -0.004722 -0.005186     0.602021 0.014731 0.072962 0.095268 -0.548662 0.786076 0.268252     0.603300 0.014613 0.073386 0.091392 -0.549062 0.785829 0.269541     
0.596000 0.014000 0.063000 0.000000 -0.707100 0.707100 0.000000     0.591000 0.014000 0.068000 -0.000000 0.707100 -0.707100 -0.000000     -0.005010 -0.000132 0.004414 0.999961 0.000000 0.000000 0.000000     0.596000 0.016000 0.078000 0.100035 -0.547560 0.784824 0.272401     0.596125 0.015667 0.077518 0.101374 -0.548041 0.783987 0.273382     0.004944 -0.000787 -0.003940 0.999977 -0.006555 -0.001441 -0.000036     0.600916 0.015343 0.074047 0.097584 -0.548568 0.786467 0.266458     0.603357 0.014478 0.073767 0.093847 -0.549338 0.784601 0.271700     
0.596000 0.014000 0.063000 0.000000 -0.707100 0.707100 0.000000     0.591000 0.019000 0.058000 0.005476 -0.705123 0.709023 -0.006209     -0.007474 0.004535 -0.004982 0.999923 -0.000518 -0.008263 -0.002757     0.595845 0.020983 0.068079 0.106983 -0.547678 0.785619 0.267184     0.593326 0.020437 0.068061 0.108533 -0.547950 0.785044 0.267725     0.007562 -0.004508 0.004748 0.999892 -0.010149 0.010611 0.000468     0.603617 0.016683 0.072679 0.092952 -0.546237 0.789124 0.265043     0.605386 0.016166 0.072307 0.089868 -0.546893 0.788366 0.267041     
0.596000 0.014000 0.063000 0.000000 -0.707100 0.707100 0.000000     0.591000 0.019000 0.063000 0.033983 0.704662 -0.708676 0.007422     -0.004750 0.004596 -0.000115 0.999352 -0.029276 0.018781 -0.002839     0.596383 0.021547 0.072672 0.069975 -0.542811 0.795754 0.259258     0.596679 0.020941 0.072583 0.070910 -0.543620 0.794147 0.262258     0.005304 -0.004748 0.001242 0.999506 0.019406 -0.024446 0.003560     0.601188 0.016453 0.074257 0.099004 -0.550356 0.786688 0.261552     0.602811 0.015863 0.074048 0.096409 -0.550736 0.785224 0.266117     
0.596000 0.014000 0.063000 0.000000 -0.707100 0.707100 0.000000     0.591000 0.019000 0.068000 0.027836 0.694018 -0.719321 -0.011089     -0.005258 0.005173 0.004852 0.999352 -0.011842 0.027523 -0.017891     0.596614 0.021043 0.077660 0.076761 -0.526871 0.800122 0.276223     0.596499 0.020857 0.077601 0.077942 -0.527344 0.799089 0.278010     0.004815 -0.005138 -0.003889 0.999392 0.006397 -0.028270 0.019371     0.600793 0.015984 0.074097 0.097354 -0.549368 0.785493 0.267765     0.602267 0.015799 0.074075 0.097215 -0.549498 0.785712 0.266939     
0.596000 0.014000 0.063000 0.000000 -0.707100 0.707100 0.000000     0.591000 0.024000 0.058000 0.007540 -0.696448 0.717537 0.005034     -0.007323 0.010321 -0.004913 0.999809 0.008891 -0.001772 -0.014912     0.596019 0.025672 0.068050 0.110341 -0.535366 0.790271 0.276876     0.593593 0.025728 0.067995 0.111142 -0.535606 0.789990 0.276928     0.006989 -0.010249 0.004571 0.999851 -0.012191 -0.001820 0.012109     0.602926 0.015789 0.072595 0.101884 -0.546705 0.786844 0.267563     0.605490 0.014656 0.071770 0.097950 -0.548688 0.783897 0.273593     
0.596000 0.014000 0.063000 0.000000 -0.707100 0.707100 0.000000     0.591000 0.024000 0.063000 0.022331 0.697296 -0.716419 0.001928     -0.005032 0.009755 -0.000239 0.999618 -0.017153 0.014426 -0.013521     0.596342 0.026200 0.072779 0.082968 -0.534546 0.798075 0.265392     0.596360 0.025728 0.072566 0.084597 -0.535469 0.796646 0.267339     0.004216 -0.009578 0.000578 0.999768 0.010571 -0.012019 0.014390     0.600259 0.016563 0.073528 0.094373 -0.548219 0.786395 0.268536     0.602307 0.015992 0.073206 0.090771 -0.548824 0.784875 0.272990     
0.596000 0.014000 0.063000 0.000000 -0.707100 0.707100 0.000000     0.591000 0.024000 0.068000 -0.000000 0.707100 -0.707100 -0.000000     -0.006013 0.010435 0.005067 0.999961 0.000000 0.000000 0.000000     0.596000 0.026000 0.078000 0.100035 -0.547560 0.784824 0.272401     0.595399 0.026171 0.078178 0.101408 -0.547310 0.784509 0.273340     0.005197 -0.010656 -0.003871 0.999980 -0.006192 0.000039 -0.001401     0.601204 0.015454 0.074104 0.096993 -0.547058 0.787266 0.267417     0.602981 0.014696 0.073335 0.095230 -0.548069 0.785485 0.271230     
0.596000 0.014000 0.063000 0.000000 -0.707100 0.707100 0.000000     0.596000 0.004000 0.058000 0.032317 0.697388 -0.715950 -0.001130     -0.000170 -0.010208 -0.005015 0.999352 -0.022052 0.023650 -0.013125     0.601522 0.006296 0.067656 0.072912 -0.532689 0.799906 0.266565     0.601440 0.005783 0.067654 0.074278 -0.532849 0.799139 0.268200     0.000241 0.011395 0.003125 0.999524 0.013847 -0.024083 0.013405     0.601230 0.017560 0.071096 0.095944 -0.548568 0.786938 0.265663     0.602626 0.017029 0.071155 0.096344 -0.548632 0.786831 0.265740     
0.596000 0.014000 0.063000 0.000000 -0.707100 0.707100 0.000000     0.596000 0.004000 0.063000 0.025715 -0.703572 0.710144 -0.001537     -0.000678 -0.010020 -0.000259 0.999618 0.017096 -0.019269 -0.004647     0.600626 0.005609 0.073247 0.125751 -0.547264 0.780515 0.274709     0.600927 0.005357 0.072685 0.126716 -0.548259 0.778853 0.277024     0.000109 0.009989 -0.000111 0.999317 -0.027436 0.023955 0.006241     0.601195 0.016212 0.072798 0.090239 -0.548631 0.787115 0.267002     0.603621 0.015526 0.072393 0.085492 -0.549414 0.785635 0.271318     
0.596000 0.014000 0.063000 0.000000 -0.707100 0.707100 0.000000     0.596000 0.004000 0.068000 0.013296 0.692047 -0.721669 0.008349     -0.000415 -0.010123 0.004610 0.999618 -0.015305 0.003498 -0.020945     0.601155 0.006092 0.077902 0.094579 -0.531512 0.800543 0.260116     0.600969 0.005807 0.077366 0.096499 -0.531997 0.799855 0.260576     -0.000002 0.009806 -0.004076 0.999854 0.004725 -0.002687 0.016179     0.601032 0.015969 0.073874 0.095020 -0.544638 0.790345 0.263963     0.602741 0.015860 0.073865 0.090768 -0.545679 0.790627 0.262497     
0.596000 0.014000 0.063000 0.000000 -0.707100 0.707100 0.000000     0.596000 0.009000 0.058000 0.003907 0.718881 -0.694834 -0.019514     -0.001019 -0.004714 -0.004781 0.999618 0.011036 0.016561 0.017004     0.601262 0.010955 0.067874 0.088413 -0.555102 0.773895 0.291739     0.600826 0.010929 0.067408 0.089154 -0.555870 0.772845 0.292866     -0.000081 0.003987 0.003280 0.999681 -0.017987 -0.010712 -0.014140     0.601027 0.015152 0.071191 0.090816 -0.548698 0.785797 0.270530     0.602342 0.014875 0.071149 0.086973 -0.548581 0.786108 0.271161     
0.596000 0.014000 0.063000 0.000000 -0.707100 0.707100 0.000000     0.596000 0.009000 0.063000 0.002005 -0.682814 0.730525 0.008705     -0.000232 -0.004845 -0.000568 0.999352 0.007573 0.004738 -0.033735     0.601213 0.010504 0.072978 0.109592 -0.518701 0.801230 0.277399     0.601606 0.009944 0.072691 0.110572 -0.520066 0.799011 0.280868     -0.000069 0.003947 -0.000242 0.999316 -0.013877 -0.001097 0.034254     0.600998 0.015079 0.072697 0.093696 -0.547617 0.786643 0.269275     0.603505 0.014598 0.072171 0.087161 -0.549114 0.785057 0.273063     
0.596000 0.014000 0.063000 0.000000 -0.707100 0.707100 0.000000     0.596000 0.009000 0.068000 0.034646 -0.708362 0.704976 -0.003450     -0.000453 -0.004899 0.004697 0.999352 0.022058 -0.026937 0.002395     0.600443 0.010574 0.078333 0.132541 -0.554237 0.774331 0.275037     0.600622 0.010346 0.077662 0.133840 -0.554886 0.773154 0.276445     -0.000216 0.003454 -0.003978 0.999139 -0.027684 0.030468 -0.005093     0.600864 0.014541 0.073963 0.094892 -0.545106 0.788140 0.269576     0.602799 0.013898 0.073727 0.092503 -0.545544 0.787080 0.272636     
0.596000 0.014000 0.063000 0.000000 -0.707100 0.707100 0.000000     0.596000 0.014000 0.058000 0.001621 -0.710798 0.703348 0.006765     -0.000359 -0.000410 -0.005051 0.999923 0.005930 0.003637 0.005268     0.601052 0.015934 0.067987 0.098988 -0.550089 0.780658 0.279564     0.600868 0.015217 0.067997 0.100474 -0.550277 0.779662 0.281472     -0.001111 -0.001084 0.004157 0.999881 -0.014795 0.000639 -0.004430     0.599972 0.015100 0.072076 0.091578 -0.547851 0.787201 0.267894     0.600402 0.015067 0.072605 0.089145 -0.547605 0.788834 0.264430     
0.596000 0.014000 0.063000 0.000000 -0.707100 0.707100 0.000000     0.596000 0.014000 0.063000 0.006233 -0.722688 0.691028 0.012049     -0.000116 -0.000416 -0.000190 0.999618 0.012927 0.004113 0.022387     0.600993 0.015965 0.073010 0.097753 -0.562529 0.769187 0.286945     0.600977 0.015183 0.072879 0.098763 -0.562665 0.768233 0.288915     -0.000269 -0.000620 -0.001568 0.999499 -0.021098 -0.003329 -0.023362     0.600755 0.015533 0.071389 0.095099 -0.547295 0.787671 0.266417     0.601255 0.015891 0.071792 0.091963 -0.546064 0.789624 0.264294     
0.596000 0.014000 0.063000 0.000000 -0.707100 0.707100 0.000000     0.596000 0.014000 0.068000 0.025172 -0.706073 0.707265 0.024158     -0.000238 -0.000362 0.004662 0.999352 0.034881 -0.000716 -0.000843     0.600988 0.015289 0.078122 0.119866 -0.543270 0.775234 0.299135     0.600941 0.014519 0.077857 0.121049 -0.543293 0.774573 0.300359     -0.000476 -0.000156 -0.003928 0.999368 -0.035240 -0.003483 -0.002935     0.600452 0.015815 0.074114 0.104223 -0.545918 0.786463 0.269383     0.601487 0.016263 0.074260 0.099867 -0.544719 0.788254 0.268260     
0.596000 0.014000 0.063000 0.000000 -0.707100 0.707100 0.000000     0.596000 0.019000 0.058000 0.011432 0.715366 -0.698619 0.005800     0.000299 0.004614 -0.005588 0.999809 -0.012185 0.003982 0.011842     0.601028 0.021361 0.067907 0.086996 -0.556905 0.781938 0.266162     0.601407 0.020834 0.067381 0.088326 -0.557726 0.780383 0.268596     -0.001272 -0.005286 0.004266 0.999933 0.001622 -0.003788 -0.010796     0.599730 0.015935 0.072218 0.093728 -0.549293 0.787137 0.264364     0.601904 0.015556 0.071915 0.088312 -0.548494 0.787124 0.267938     
0.596000 0.014000 0.063000 0.000000 -0.707100 0.707100 0.000000     0.596000 0.019000 0.063000 0.009232 -0.700866 0.712849 -0.022983     0.000037 0.004808 -0.000714 0.999618 -0.009723 -0.022778 -0.008473     0.600575 0.021115 0.073178 0.114862 -0.547900 0.789565 0.251356     0.600412 0.020633 0.072677 0.116163 -0.548630 0.788542 0.252414     -0.001917 -0.005091 0.000073 0.999720 -0.001191 0.022608 0.006914     0.599083 0.016114 0.073029 0.094588 -0.547660 0.788451 0.263527     0.599573 0.015431 0.073126 0.093414 -0.547893 0.787841 0.265317     
0.596000 0.014000 0.063000 0.000000 -0.707100 0.707100 0.000000     0.596000 0.019000 0.068000 0.027231 -0.691336 0.722003 -0.002488     -0.000271 0.004618 0.004652 0.999352 0.017495 -0.021014 -0.021684     0.600648 0.020436 0.078263 0.131954 -0.534182 0.789352 0.272290     0.600425 0.019765 0.077922 0.134090 -0.534603 0.788389 0.273244     -0.000141 -0.005944 -0.004219 0.999302 -0.026477 0.019681 0.017499     0.600844 0.015197 0.073759 0.097419 -0.545757 0.789260 0.264023     0.603235 0.014584 0.073098 0.093052 -0.546465 0.788008 0.267884     
0.596000 0.014000 0.063000 0.000000 -0.707100 0.707100 0.000000     0.596000 0.024000 0.058000 0.002020 0.705378 -0.708768 0.008144     0.000377 0.009517 -0.004784 0.999923 -0.007187 -0.004330 -0.002397     0.600923 0.026120 0.068013 0.100147 -0.547556 0.787631 0.264139     0.601385 0.025673 0.068283 0.100047 -0.547582 0.787587 0.264296     -0.000550 -0.010493 0.004189 0.999967 -0.003248 0.005276 0.005326     0.600456 0.015745 0.072136 0.092803 -0.550665 0.786075 0.264995     0.600729 0.016014 0.072515 0.091117 -0.550686 0.786715 0.263670     
0.596000 0.014000 0.063000 0.000000 -0.707100 0.707100 0.000000     0.596000 0.024000 0.063000 0.000916 0.695687 -0.717651 0.031239     0.000289 0.009237 0.000113 0.999352 -0.022737 -0.021441 -0.015531     0.600635 0.026308 0.073109 0.108582 -0.543152 0.796899 0.241096     0.601083 0.025906 0.073366 0.108411 -0.543204 0.796859 0.241230     0.000443 -0.010702 0.000125 0.999653 0.011467 0.019908 0.012913     0.601420 0.015500 0.073094 0.095795 -0.547209 0.789006 0.262365     0.602382 0.015245 0.073521 0.093656 -0.547620 0.788197 0.264739     
0.596000 0.014000 0.063000 0.000000 -0.707100 0.707100 0.000000     0.596000 0.024000 0.068000 0.003712 -0.704823 0.709162 0.016775     -0.000441 0.009552 0.004587 0.999809 0.014486 0.009236 -0.003068     0.601196 0.025680 0.077959 0.101538 -0.541103 0.783362 0.288480     0.600745 0.024796 0.077533 0.102750 -0.541233 0.782787 0.289404     -0.000918 -0.011097 -0.004116 0.999664 -0.021693 -0.014075 0.001612     0.599990 0.015032 0.073903 0.100327 -0.548448 0.787056 0.263937     0.601642 0.015134 0.073756 0.099586 -0.548606 0.786939 0.264275     
0.596000 0.014000 0.063000 0.000000 -0.707100 0.707100 0.000000     0.601000 0.004000 0.058000 0.006216 0.702761 -0.711385 -0.000569     0.001975 -0.010455 -0.004898 0.999923 -0.003993 0.004797 -0.006098     0.606120 0.006018 0.067935 0.095740 -0.541846 0.789701 0.271274     0.603089 0.005787 0.068039 0.095728 -0.541863 0.789714 0.271241     -0.001479 0.010557 0.004042 0.999955 -0.005173 -0.004376 0.006599     0.604527 0.016745 0.072000 0.094599 -0.548715 0.787074 0.265437     0.606989 0.016218 0.071514 0.088512 -0.549983 0.785581 0.269344     
0.596000 0.014000 0.063000 0.000000 -0.707100 0.707100 0.000000     0.601000 0.004000 0.063000 0.006254 0.711239 -0.702745 0.015146     0.004884 -0.010155 -0.000670 0.999809 -0.015131 -0.006288 0.006006     0.605848 0.006362 0.072996 0.095033 -0.555417 0.784909 0.257642     0.606034 0.005898 0.072555 0.096134 -0.556143 0.783682 0.259432     -0.004352 0.009299 -0.001905 0.999947 0.005773 0.008413 0.001373     0.601657 0.015560 0.071034 0.091277 -0.553749 0.783417 0.266963     0.603533 0.015289 0.070707 0.088158 -0.553017 0.784160 0.267380     
0.596000 0.014000 0.063000 0.000000 -0.707100 0.707100 0.000000     0.601000 0.004000 0.068000 0.023783 0.714588 -0.699127 -0.000295     0.004307 -0.009678 0.004587 0.999618 -0.016608 0.017025 0.010932     0.606288 0.006441 0.077751 0.074566 -0.552976 0.784796 0.269689     0.606265 0.006334 0.077645 0.075726 -0.552914 0.783880 0.272184     -0.004426 0.009545 -0.004130 0.999771 0.007912 -0.018682 -0.006850     0.601524 0.015760 0.073849 0.095433 -0.551921 0.784878 0.264995     0.601617 0.015717 0.073593 0.097761 -0.551468 0.785432 0.263481     
0.596000 0.014000 0.063000 0.000000 -0.707100 0.707100 0.000000     0.601000 0.009000 0.058000 -0.000000 0.707100 -0.707100 -0.000000     0.003308 -0.004999 -0.004541 0.999961 0.000000 0.000000 0.000000     0.606000 0.011000 0.068000 0.100035 -0.547560 0.784824 0.272401     0.604488 0.010603 0.068292 0.100515 -0.548153 0.784029 0.273356     -0.003249 0.003826 0.003198 0.999975 -0.006754 0.000725 -0.001862     0.602773 0.014942 0.071162 0.096272 -0.546563 0.787736 0.267305     0.604887 0.014197 0.070566 0.092717 -0.547170 0.786827 0.270021     
0.596000 0.014000 0.063000 0.000000 -0.707100 0.707100 0.000000     0.601000 0.009000 0.063000 -0.000000 0.707100 -0.707100 -0.000000     0.004180 -0.005100 -0.000317 0.999961 0.000000 0.000000 0.000000     0.606000 0.011000 0.073000 0.100035 -0.547560 0.784824 0.272401     0.606212 0.010474 0.073086 0.099194 -0.549296 0.782438 0.276088     -0.004386 0.004200 0.000036 0.999986 -0.004143 0.003074 -0.000811     0.601679 0.015274 0.072988 0.095573 -0.546493 0.786693 0.270748     0.602630 0.015151 0.072961 0.092374 -0.546292 0.788080 0.268258     
0.596000 0.014000 0.063000 0.000000 -0.707100 0.707100 0.000000     0.601000 0.009000 0.068000 0.015902 0.708198 -0.705787 -0.006985     0.005508 -0.005849 0.005034 0.999809 -0.006305 0.016183 0.001705     0.606313 0.011143 0.077807 0.083401 -0.545037 0.787107 0.276444     0.606960 0.010567 0.077938 0.082372 -0.545330 0.786376 0.278286     -0.005112 0.005302 -0.004202 0.999919 0.001453 -0.012624 0.000293     0.600951 0.016418 0.073742 0.094041 -0.548592 0.785430 0.270709     0.602417 0.016291 0.073535 0.094425 -0.548825 0.785234 0.270707     
0.596000 0.014000 0.063000 0.000000 -0.707100 0.707100 0.000000     0.601000 0.014000 0.058000 0.001341 0.705925 -0.708059 0.017335     0.003277 -0.000149 -0.005410 0.999809 -0.013206 -0.011309 -0.001509     0.605780 0.016250 0.068054 0.102075 -0.550694 0.787997 0.255652     0.604100 0.015946 0.067663 0.102515 -0.550954 0.787633 0.256076     -0.003041 -0.000037 0.003951 0.999901 0.002933 0.013718 0.001412     0.603006 0.016169 0.071884 0.092509 -0.547946 0.787791 0.265636     0.605044 0.015598 0.071347 0.089830 -0.548454 0.786636 0.268947     
0.596000 0.014000 0.063000 0.000000 -0.707100 0.707100 0.000000     0.601000 0.014000 0.063000 0.006430 -0.703704 0.710442 -0.003479     0.004438 -0.000365 -0.000233 0.999923 0.002087 -0.007006 -0.004765     0.605878 0.015911 0.073077 0.107970 -0.545499 0.786134 0.269715     0.605430 0.015380 0.072811 0.110713 -0.545737 0.785426 0.270222     -0.004000 0.000159 -0.000969 0.999903 -0.006754 0.011317 0.004482     0.602086 0.016250 0.071968 0.094170 -0.546647 0.786656 0.271037     0.603840 0.015667 0.071660 0.089080 -0.547527 0.786095 0.272641     
0.596000 0.014000 0.063000 0.000000 -0.707100 0.707100 0.000000     0.601000 0.014000 0.068000 -0.000000 0.707100 -0.707100 -0.000000     0.004769 0.000033 0.004699 0.999961 0.000000 0.000000 0.000000     0.606000 0.016000 0.078000 0.100035 -0.547560 0.784824 0.272401     0.605970 0.015742 0.077760 0.101409 -0.548163 0.783744 0.273823     -0.004666 -0.000837 -0.003987 0.999982 -0.005477 -0.001159 0.002261     0.601301 0.015295 0.074002 0.097328 -0.550188 0.784948 0.267690     0.602000 0.015554 0.074202 0.094183 -0.550663 0.786247 0.264037     
0.596000 0.014000 0.063000 0.000000 -0.707100 0.707100 0.000000     0.601000 0.019000 0.058000 0.002440 -0.709612 0.704103 0.025770     0.002343 0.004883 -0.005254 0.999618 0.019947 0.016497 0.003895     0.606314 0.020643 0.067902 0.096914 -0.543940 0.778639 0.297386     0.603730 0.020310 0.067653 0.097061 -0.544197 0.778226 0.297981     -0.002189 -0.004223 0.003499 0.999436 -0.026442 -0.020685 -0.001282     0.603718 0.016934 0.071513 0.098964 -0.551349 0.784755 0.265254     0.604691 0.017082 0.071522 0.096668 -0.550203 0.785993 0.264853     
0.596000 0.014000 0.063000 0.000000 -0.707100 0.707100 0.000000     0.601000 0.019000 0.063000 0.011431 0.714298 -0.699687 0.008196     0.004554 0.005014 -0.000269 0.999809 -0.013878 0.002288 0.010331     0.606000 0.021380 0.072916 0.087810 -0.556350 0.783057 0.263754     0.605651 0.021240 0.072583 0.089589 -0.556819 0.782497 0.263864     -0.004804 -0.005522 0.000021 0.999945 0.004549 -0.001743 -0.009263     0.601204 0.015675 0.072975 0.094145 -0.549126 0.786814 0.265519     0.602677 0.015862 0.073158 0.092529 -0.549000 0.787364 0.264755     
0.596000 0.014000 0.063000 0.000000 -0.707100 0.707100 0.000000     0.601000 0.019000 0.068000 0.021508 -0.691205 0.722133 0.016646     0.004297 0.004942 0.004631 0.999352 0.026978 -0.003438 -0.021868     0.606002 0.020238 0.078122 0.123402 -0.528300 0.788628 0.289339     0.605124 0.020089 0.078105 0.125629 -0.528718 0.787907 0.289614     -0.004335 -0.005940 -0.004003 0.999271 -0.032546 0.004505 0.019431     0.601693 0.015148 0.073965 0.096943 -0.545952 0.787760 0.268240     0.602510 0.014859 0.074265 0.093682 -0.546033 0.789363 0.264534     
0.596000 0.014000 0.063000 0.000000 -0.707100 0.707100 0.000000     0.601000 0.024000 0.058000 0.012678 -0.723051 0.690665 -0.000246     0.002473 0.009896 -0.005311 0.999618 0.008790 -0.009139 0.022900     0.605723 0.026046 0.068124 0.105748 -0.566955 0.768707 0.276494     0.603123 0.025612 0.067716 0.106997 -0.566885 0.768581 0.276543     -0.002697 -0.009563 0.004180 0.999464 -0.018885 0.011820 -0.023990     0.603365 0.016626 0.072109 0.092531 -0.546939 0.788368 0.265993     0.604478 0.016361 0.072121 0.088608 -0.546796 0.789976 0.262871     
0.596000 0.014000 0.063000 0.000000 -0.707100 0.707100 0.000000     0.601000 0.024000 0.063000 0.005830 -0.702516 0.711630 -0.000798     0.004486 0.009848 0.000044 0.999923 0.003558 -0.004687 -0.006444     0.605931 0.025865 0.073060 0.107413 -0.543402 0.786885 0.271972     0.605761 0.025430 0.072936 0.109625 -0.544013 0.785769 0.273130     -0.004678 -0.010970 0.000320 0.999938 -0.007762 0.006847 0.004183     0.601373 0.015092 0.073281 0.096662 -0.545631 0.787409 0.270017     0.603840 0.014361 0.072628 0.091393 -0.546544 0.785736 0.274876     
0.596000 0.014000 0.063000 0.000000 -0.707100 0.707100 0.000000     0.601000 0.024000 0.068000 0.006615 -0.706499 0.707486 0.016135     0.004550 0.009820 0.004544 0.999809 0.016086 0.006731 -0.000698     0.606137 0.025671 0.077991 0.103735 -0.543486 0.781378 0.288601     0.605802 0.025319 0.077889 0.105130 -0.543692 0.780846 0.289183     -0.005707 -0.011310 -0.003843 0.999852 -0.016888 -0.002867 0.001297     0.600368 0.014712 0.074114 0.096407 -0.546998 0.785134 0.273939     0.601320 0.014766 0.074431 0.091961 -0.547378 0.786180 0.271738     
0.596000 0.014000 0.063000 0.000000 -0.707100 0.707100 0.000000     0.606000 0.004000 0.058000 0.027356 -0.730342 0.682512 -0.003226     0.006328 -0.009846 -0.004857 0.999009 0.017063 -0.021624 0.033820     0.610427 0.005973 0.068272 0.117042 -0.577766 0.758747 0.277076     0.606901 0.005760 0.068236 0.117147 -0.577923 0.758501 0.277414     -0.007003 0.009057 0.001963 0.999175 -0.020294 0.020683 -0.028440     0.603960 0.015174 0.069958 0.097407 -0.552355 0.782596 0.270071     0.605106 0.014982 0.069320 0.093286 -0.552670 0.783619 0.267945     
0.596000 0.014000 0.063000 0.000000 -0.707100 0.707100 0.000000     0.606000 0.004000 0.063000 0.030604 -0.716369 0.696485 0.027719     0.009690 -0.010427 -0.000158 0.999009 0.041239 -0.002039 0.014059     0.610912 0.005307 0.073157 0.120292 -0.554503 0.764941 0.304798     0.610617 0.004585 0.072992 0.122029 -0.554415 0.764350 0.305781     -0.009346 0.009835 -0.001187 0.998894 -0.043688 0.008530 -0.015174     0.601788 0.015868 0.071738 0.094034 -0.544938 0.786850 0.273947     0.603288 0.016435 0.071775 0.090180 -0.544058 0.787928 0.273931     
0.596000 0.014000 0.063000 0.000000 -0.707100 0.707100 0.000000     0.606000 0.004000 0.068000 0.019974 -0.705004 0.708712 -0.016714     0.009368 -0.009563 0.004858 0.999618 0.002305 -0.025942 -0.002622     0.610485 0.005928 0.078255 0.122337 -0.552151 0.782768 0.259649     0.610130 0.006170 0.078036 0.123400 -0.552059 0.782660 0.259706     -0.009102 0.007819 -0.003961 0.999626 -0.011272 0.024633 0.003850     0.601866 0.014012 0.074015 0.095787 -0.549941 0.786289 0.264801     0.602730 0.013596 0.074251 0.092450 -0.550528 0.787424 0.261412     
0.596000 0.014000 0.063000 0.000000 -0.707100 0.707100 0.000000     0.606000 0.009000 0.058000 -0.000000 0.707100 -0.707100 -0.000000     0.008176 -0.004956 -0.004578 0.999961 0.000000 0.000000 0.000000     0.611000 0.011000 0.068000 0.100035 -0.547560 0.784824 0.272401     0.609255 0.010544 0.068379 0.100497 -0.547854 0.783822 0.274554     -0.008160 0.004527 0.002830 0.999984 -0.005389 -0.001575 -0.000038     0.602808 0.015635 0.070824 0.098328 -0.548490 0.786143 0.267302     0.603773 0.015288 0.070676 0.096189 -0.548794 0.786394 0.266753     
0.596000 0.014000 0.063000 0.000000 -0.707100 0.707100 0.000000     0.606000 0.009000 0.063000 0.000671 -0.718655 0.695330 -0.005665     0.010189 -0.005394 -0.000161 0.999809 -0.003531 -0.004480 0.016493     0.610840 0.011233 0.073029 0.097109 -0.561995 0.776187 0.268785     0.611092 0.010614 0.072909 0.098251 -0.561920 0.775047 0.271838     -0.010185 0.003145 0.000122 0.999849 -0.004977 0.005146 -0.015809     0.600828 0.014322 0.073078 0.094553 -0.548740 0.786792 0.266238     0.601379 0.014550 0.073636 0.091457 -0.547639 0.788701 0.263966     
0.596000 0.014000 0.063000 0.000000 -0.707100 0.707100 0.000000     0.606000 0.009000 0.068000 0.001360 -0.692106 0.720748 -0.038608     0.009262 -0.004594 0.005060 0.999009 -0.026338 -0.028260 -0.020253     0.610518 0.011338 0.078155 0.113214 -0.541476 0.799515 0.233970     0.610524 0.011483 0.077769 0.114430 -0.541413 0.798962 0.235453     -0.008698 0.003231 -0.003896 0.999293 0.014773 0.026681 0.021990     0.602256 0.014481 0.074074 0.094657 -0.550760 0.786606 0.262553     0.602084 0.013701 0.074432 0.095496 -0.549541 0.786820 0.264197     
0.596000 0.014000 0.063000 0.000000 -0.707100 0.707100 0.000000     0.606000 0.014000 0.058000 0.005322 -0.693653 0.719685 0.029169     0.008184 -0.000018 -0.004659 0.999352 0.024388 0.016862 -0.018407     0.611397 0.015323 0.067906 0.105108 -0.525747 0.789469 0.298768     0.609510 0.015010 0.068135 0.106067 -0.526578 0.788350 0.299950     -0.008951 0.001280 0.002610 0.999259 -0.027157 -0.021815 0.016358     0.601956 0.017313 0.070650 0.103087 -0.547644 0.786104 0.267357     0.603432 0.017120 0.070506 0.102296 -0.547624 0.785962 0.268157     
0.596000 0.014000 0.063000 0.000000 -0.707100 0.707100 0.000000     0.606000 0.014000 0.063000 0.031811 0.698709 -0.714629 -0.008905     0.008891 0.000246 -0.000164 0.999352 -0.016196 0.028790 -0.011257     0.611613 0.016199 0.072626 0.071576 -0.532169 0.797802 0.274162     0.610948 0.016320 0.072489 0.072451 -0.532293 0.797726 0.273948     -0.007991 -0.001292 -0.000554 0.999301 0.013140 -0.032668 0.012534     0.602926 0.014781 0.072473 0.101145 -0.549813 0.784634 0.267966     0.604229 0.014079 0.072279 0.101289 -0.549781 0.784631 0.268023     
0.596000 0.014000 0.063000 0.000000 -0.707100 0.707100 0.000000     0.606000 0.014000 0.068000 -0.000000 0.707100 -0.707100 -0.000000     0.009787 0.000148 0.005068 0.999961 0.000000 0.000000 0.000000     0.611000 0.016000 0.078000 0.100035 -0.547560 0.784824 0.272401     0.610918 0.015782 0.078123 0.100831 -0.547850 0.783795 0.274514     -0.010080 -0.000865 -0.004197 0.999952 -0.009282 0.000795 0.003165     0.600923 0.015352 0.073756 0.093461 -0.550729 0.785661 0.265855     0.601515 0.015452 0.073655 0.091705 -0.550674 0.786564 0.263941     
0.596000 0.014000 0.063000 0.000000 -0.707100 0.707100 0.000000     0.606000 0.019000 0.058000 0.022611 0.687927 -0.725411 -0.002041     0.006986 0.005304 -0.004958 0.999352 -0.014545 0.017431 -0.026504     0.611451 0.021010 0.067759 0.085548 -0.523131 0.804565 0.267713     0.609937 0.019018 0.068136 0.086266 -0.523275 0.804733 0.266732     -0.006292 -0.006063 0.003748 0.999418 0.008558 -0.017863 0.027783     0.604691 0.015068 0.071729 0.096909 -0.549230 0.785743 0.267476     0.606019 0.014503 0.071358 0.096916 -0.549250 0.785744 0.267465     
0.596000 0.014000 0.063000 0.000000 -0.707100 0.707100 0.000000     0.606000 0.019000 0.063000 0.030737 0.708956 -0.703898 0.030742     0.009840 0.004660 0.000243 0.999009 -0.043471 -0.000004 0.003576     0.610982 0.021897 0.072787 0.075164 -0.554196 0.793960 0.238380     0.611048 0.021331 0.072895 0.075969 -0.554461 0.793305 0.239728     -0.010317 -0.006459 -0.001508 0.999294 0.036917 0.000023 -0.006978     0.600701 0.014638 0.071463 0.097215 -0.545483 0.788469 0.267010     0.601984 0.014306 0.071089 0.095761 -0.545683 0.787055 0.271302     
0.596000 0.014000 0.063000 0.000000 -0.707100 0.707100 0.000000     0.606000 0.019000 0.068000 0.000489 0.729191 -0.684147 -0.014257     0.009593 0.005112 0.004977 0.999352 0.009735 0.010426 0.031850     0.611076 0.021127 0.077935 0.088445 -0.568410 0.765297 0.288772     0.610915 0.021040 0.077920 0.089822 -0.568529 0.764531 0.290169     -0.009255 -0.006988 -0.004030 0.999492 -0.017092 -0.011813 -0.024153     0.601691 0.014238 0.073949 0.094700 -0.554560 0.782528 0.266694     0.601717 0.014525 0.074452 0.093376 -0.553022 0.784518 0.264537     
0.596000 0.014000 0.063000 0.000000 -0.707100 0.707100 0.000000     0.606000 0.024000 0.058000 0.017471 -0.695320 0.718396 -0.010664     0.007857 0.010355 -0.004692 0.999618 0.004814 -0.019894 -0.016317     0.610659 0.025745 0.068210 0.122695 -0.539503 0.790189 0.263560     0.608465 0.025837 0.068414 0.124342 -0.539974 0.789647 0.263487     -0.007528 -0.010184 0.003492 0.999643 -0.013506 0.018794 0.013344     0.603458 0.015962 0.071469 0.096997 -0.546559 0.788573 0.264571     0.606008 0.015072 0.071035 0.091975 -0.547363 0.786815 0.269921     
0.596000 0.014000 0.063000 0.000000 -0.707100 0.707100 0.000000     0.606000 0.024000 0.063000 0.019738 0.692458 -0.720880 0.020602     0.010079 0.010143 -0.000459 0.999352 -0.028524 -0.000611 -0.020097     0.611076 0.026365 0.072882 0.090308 -0.534474 0.803060 0.247503     0.611389 0.026283 0.072582 0.091409 -0.534538 0.802157 0.249915     -0.010872 -0.010312 0.000424 0.999720 0.016711 -0.001547 0.016686     0.600097 0.015889 0.073397 0.096328 -0.546597 0.789641 0.261534     0.602035 0.014976 0.072941 0.094223 -0.546636 0.788424 0.265892     
0.596000 0.014000 0.063000 0.000000 -0.707100 0.707100 0.000000     0.606000 0.024000 0.068000 0.030494 -0.702273 0.710581 0.030630     0.010011 0.009701 0.004567 0.999009 0.043220 0.000096 -0.005875     0.611020 0.025070 0.078132 0.125131 -0.538078 0.775530 0.305528     0.611052 0.024593 0.077712 0.126494 -0.538473 0.774474 0.306978     -0.009365 -0.009874 -0.004048 0.999081 -0.042676 -0.000601 0.003970     0.601631 0.016096 0.073960 0.101307 -0.546186 0.785645 0.272325     0.602672 0.016049 0.074152 0.096896 -0.545571 0.786986 0.271323     
