0.596000 0.014000 0.063000 0.000000 -0.707100 0.707100 0.000000     0.596000 0.014000 0.063000 -0.000000 0.707100 -0.707100 -0.000000     0.000341 -0.000454 -0.000105 0.999961 0.000000 0.000000 0.000000     0.601000 0.016000 0.073000 0.100035 -0.547560 0.784824 0.272401     0.601353 0.015553 0.072868 0.100036 -0.547568 0.784829 0.272406     0.001030 -0.001372 -0.001030 0.999987 -0.002843 0.001937 0.003794     0.602053 0.014723 0.071939 0.095923 -0.550287 0.783705 0.271606     0.601711 0.014408 0.072737 0.096135 -0.548591 0.784452 0.272840     
0.596000 0.014000 0.063000 0.000000 -0.707100 0.707100 0.000000     0.586000 0.004000 0.059500 0.007188 0.703607 -0.710539 -0.000676     -0.010533 -0.010412 -0.003508 0.999923 -0.004604 0.005561 -0.004901     0.591131 0.006042 0.069425 0.094480 -0.542638 0.789289 0.271332     0.590702 0.005340 0.069348 0.095431 -0.542688 0.788965 0.271876     0.009685 0.009733 0.003175 0.999938 -0.001332 -0.008140 0.007489     0.600622 0.015877 0.072676 0.098144 -0.550850 0.784768 0.266555     0.602636 0.015886 0.072242 0.093560 -0.551590 0.784122 0.268603     
0.596000 0.014000 0.063000 0.000000 -0.707100 0.707100 0.000000     0.586000 0.004000 0.063000 0.002965 0.703472 -0.710674 -0.006436     -0.010673 -0.009523 -0.000202 0.999923 0.002454 0.006647 -0.005093     0.591152 0.005899 0.072942 0.097545 -0.541485 0.787579 0.277447     0.590708 0.005848 0.072748 0.099045 -0.541714 0.787186 0.277622     0.010295 0.010152 0.000557 0.999899 -0.007890 -0.009865 0.006502     0.601225 0.016274 0.073567 0.099228 -0.550059 0.785206 0.266498     0.602412 0.015377 0.073542 0.097155 -0.550853 0.784965 0.266368     
0.596000 0.014000 0.063000 0.000000 -0.707100 0.707100 0.000000     0.586000 0.004000 0.066500 0.014522 -0.696051 0.717664 0.015517     -0.010251 -0.010308 0.003115 0.999618 0.021240 0.000703 -0.015283     0.591066 0.005420 0.076566 0.115242 -0.533061 0.787208 0.287834     0.591154 0.004499 0.076382 0.116181 -0.533508 0.785985 0.289997     0.010227 0.009725 -0.003234 0.999614 -0.024149 0.000732 0.013723     0.601260 0.015768 0.073241 0.097798 -0.546230 0.786624 0.270685     0.602879 0.015490 0.072596 0.094572 -0.546753 0.786370 0.271550     
0.596000 0.014000 0.063000 0.000000 -0.707100 0.707100 0.000000     0.586000 0.009000 0.059500 0.002768 0.711679 -0.702468 0.005106     -0.010156 -0.005319 -0.003596 0.999923 -0.005567 -0.001653 0.006513     0.590940 0.011176 0.069493 0.096505 -0.553658 0.782579 0.267768     0.590815 0.010361 0.069413 0.097539 -0.554246 0.781350 0.269796     0.008271 0.005026 0.002913 0.999998 -0.000995 -0.001628 -0.001162     0.599183 0.016210 0.072418 0.097539 -0.553279 0.783330 0.265975     0.599518 0.015878 0.073036 0.095306 -0.553476 0.783471 0.265999     
0.596000 0.014000 0.063000 0.000000 -0.707100 0.707100 0.000000     0.586000 0.009000 0.063000 0.007010 0.704558 -0.709588 0.003790     -0.010393 -0.005185 -0.000068 0.999923 -0.007636 0.002277 -0.003557     0.591060 0.011117 0.072946 0.095031 -0.544891 0.789050 0.267289     0.590796 0.010734 0.072761 0.096469 -0.545507 0.788282 0.267819     0.010529 0.006303 -0.000559 0.999932 0.004164 -0.005688 0.009344     0.601436 0.017430 0.072461 0.099284 -0.553351 0.782251 0.268344     0.602893 0.017465 0.072358 0.096558 -0.553916 0.781710 0.269783     
0.596000 0.014000 0.063000 0.000000 -0.707100 0.707100 0.000000     0.586000 0.009000 0.066500 0.003262 0.711520 -0.702627 0.005096     -0.010244 -0.005561 0.003204 0.999923 -0.005910 -0.001297 0.006288     0.590948 0.011181 0.076488 0.096100 -0.553419 0.782831 0.267672     0.591138 0.010715 0.076556 0.096094 -0.553422 0.782838 0.267683     0.010920 0.004902 -0.002659 0.999993 0.001032 -0.003168 -0.001709     0.601812 0.016045 0.073865 0.099607 -0.552826 0.783191 0.266560     0.602284 0.016688 0.074295 0.097649 -0.552280 0.784002 0.266068     
0.596000 0.014000 0.063000 0.000000 -0.707100 0.707100 0.000000     0.586000 0.014000 0.059500 0.008995 0.723741 -0.689597 -0.023540     -0.010401 -0.000435 -0.003640 0.999352 0.010285 0.023005 0.024143     0.591358 0.016046 0.069303 0.080974 -0.558879 0.770625 0.295320     0.591249 0.015632 0.069403 0.080971 -0.558887 0.770632 0.295322     0.011154 0.000670 0.003170 0.999383 -0.010266 -0.025033 -0.022386     0.602106 0.016689 0.072690 0.101088 -0.549507 0.783666 0.271423     0.602971 0.017263 0.072781 0.099238 -0.549178 0.784469 0.270489     
0.596000 0.014000 0.063000 0.000000 -0.707100 0.707100 0.000000     0.586000 0.014000 0.063000 0.004990 0.703484 -0.710662 0.005049     -0.010737 0.000563 -0.000263 0.999923 -0.007098 -0.000042 -0.005075     0.591020 0.016091 0.072971 0.097559 -0.544277 0.789503 0.266289     0.590733 0.016054 0.072627 0.098425 -0.544535 0.789149 0.266529     0.010234 0.000231 -0.000059 0.999965 0.004701 -0.000542 0.006943     0.601214 0.016297 0.072937 0.098694 -0.549425 0.784391 0.270374     0.601356 0.015804 0.073990 0.096764 -0.548652 0.785229 0.270245     
0.596000 0.014000 0.063000 0.000000 -0.707100 0.707100 0.000000     0.586000 0.014000 0.066500 0.005212 -0.710958 0.703189 -0.004337     -0.010687 0.000050 0.003196 0.999923 0.000618 -0.006752 0.005493     0.590842 0.016042 0.076569 0.104172 -0.553628 0.780942 0.269729     0.591092 0.015202 0.076810 0.104020 -0.554922 0.778045 0.275478     0.010661 -0.000963 -0.002143 0.999959 -0.004468 0.005760 -0.005319     0.601641 0.015116 0.074351 0.098630 -0.548364 0.785660 0.268864     0.603174 0.014909 0.074004 0.095742 -0.548456 0.785413 0.270472     
0.596000 0.014000 0.063000 0.000000 -0.707100 0.707100 0.000000     0.586000 0.019000 0.059500 0.009011 -0.722289 0.691050 -0.025472     -0.010448 0.004885 -0.003772 0.999352 -0.011639 -0.024382 0.022089     0.590409 0.021443 0.069678 0.106719 -0.572369 0.772982 0.251959     0.590270 0.021068 0.069118 0.108399 -0.572960 0.772045 0.252809     0.010703 -0.006367 0.003971 0.999566 0.004658 0.022305 -0.018664     0.601649 0.014808 0.073461 0.096800 -0.551577 0.784536 0.266225     0.601510 0.015512 0.073512 0.095707 -0.551279 0.785467 0.264524     
0.596000 0.014000 0.063000 0.000000 -0.707100 0.707100 0.000000     0.586000 0.019000 0.063000 0.007998 0.708907 -0.705239 0.002335     -0.009753 0.004203 0.000179 0.999923 -0.007307 0.004004 0.002593     0.591069 0.021172 0.072929 0.092181 -0.549215 0.785765 0.269108     0.591486 0.020597 0.073216 0.092152 -0.549227 0.785765 0.269129     0.011286 -0.005342 0.001115 0.999978 0.003291 -0.005678 0.000724     0.602239 0.015772 0.074115 0.098253 -0.550996 0.783941 0.268636     0.603208 0.016374 0.073979 0.096030 -0.551285 0.783992 0.268738     
0.596000 0.014000 0.063000 0.000000 -0.707100 0.707100 0.000000     0.586000 0.019000 0.066500 0.008099 -0.709390 0.703948 -0.033728     -0.010085 0.005118 0.002898 0.999352 -0.018122 -0.029575 0.003848     0.590385 0.021402 0.076698 0.112214 -0.560116 0.784217 0.242203     0.590384 0.021162 0.076169 0.113790 -0.560405 0.783564 0.242951     0.010315 -0.005900 -0.001203 0.999448 0.015738 0.029009 -0.003682     0.601303 0.015150 0.075293 0.099110 -0.548127 0.785291 0.270246     0.600190 0.016119 0.075380 0.099858 -0.547849 0.786061 0.268323     
0.596000 0.014000 0.063000 0.000000 -0.707100 0.707100 0.000000     0.586000 0.024000 0.059500 0.002037 -0.706138 0.708008 0.008382     -0.010006 0.010060 -0.003592 0.999923 0.007367 0.004487 -0.001323     0.591095 0.025839 0.069483 0.100904 -0.544542 0.783961 0.280497     0.591438 0.025356 0.069556 0.101822 -0.544737 0.782245 0.284580     0.010994 -0.008861 0.002593 0.999871 -0.010813 -0.011066 0.004362     0.601850 0.017238 0.072144 0.102455 -0.552087 0.783400 0.266398     0.601733 0.016655 0.072689 0.100781 -0.551099 0.784455 0.266013     
0.596000 0.014000 0.063000 0.000000 -0.707100 0.707100 0.000000     0.586000 0.024000 0.063000 0.004698 0.701930 -0.712216 0.001089     -0.010573 0.010458 -0.000188 0.999923 -0.004092 0.002552 -0.007273     0.591080 0.026008 0.072958 0.097769 -0.541545 0.790146 0.269849     0.591151 0.025846 0.072313 0.099427 -0.541699 0.789379 0.271212     0.011115 -0.010179 -0.000686 0.999938 0.002476 0.000006 0.010857     0.602151 0.015890 0.072282 0.096169 -0.549847 0.783550 0.272853     0.602229 0.016499 0.072057 0.094975 -0.550274 0.784031 0.271060     
0.596000 0.014000 0.063000 0.000000 -0.707100 0.707100 0.000000     0.586000 0.024000 0.066500 0.012808 0.714682 -0.698657 0.030422     -0.010298 0.009691 0.003259 0.999352 -0.030567 -0.012455 0.011331     0.590697 0.026721 0.076476 0.089924 -0.562571 0.785222 0.242558     0.590446 0.026275 0.076215 0.091449 -0.563007 0.784520 0.243288     0.010799 -0.008339 -0.001825 0.999596 0.022872 0.013180 -0.010514     0.601810 0.017823 0.074636 0.094956 -0.548834 0.786457 0.266889     0.601260 0.018507 0.074450 0.095082 -0.548064 0.787589 0.265122     
0.596000 0.014000 0.063000 0.000000 -0.707100 0.707100 0.000000     0.591000 0.004000 0.059500 -0.000000 0.707100 -0.707100 -0.000000     -0.007615 -0.010391 -0.003423 0.999961 0.000000 0.000000 0.000000     0.596000 0.006000 0.069500 0.100035 -0.547560 0.784824 0.272401     0.593438 0.005357 0.069579 0.100770 -0.548289 0.783400 0.274788     0.006711 0.011021 0.002869 0.999990 -0.003144 -0.002055 0.002461     0.602660 0.017109 0.072377 0.099254 -0.550360 0.784120 0.269052     0.603980 0.016808 0.072082 0.097392 -0.550534 0.783797 0.270352     
0.596000 0.014000 0.063000 0.000000 -0.707100 0.707100 0.000000     0.591000 0.004000 0.063000 0.007035 -0.711357 0.702628 -0.014731     -0.005552 -0.010323 -0.000215 0.999809 -0.005441 -0.015390 0.006173     0.595664 0.006169 0.073126 0.107437 -0.557058 0.781267 0.260279     0.595098 0.005517 0.072873 0.109032 -0.557419 0.780721 0.260519     0.005093 0.008292 0.001574 0.999867 -0.001275 0.015505 -0.004930     0.601090 0.014439 0.074545 0.095882 -0.549233 0.785907 0.267356     0.602642 0.014243 0.074119 0.093452 -0.549181 0.785767 0.268771     
0.596000 0.014000 0.063000 0.000000 -0.707100 0.707100 0.000000     0.591000 0.004000 0.066500 0.021018 -0.696002 0.717714 -0.002790     -0.005032 -0.010192 0.002534 0.999618 0.012889 -0.016834 -0.015352     0.595715 0.005590 0.076710 0.124452 -0.538619 0.787767 0.271670     0.595827 0.004990 0.076092 0.125485 -0.538722 0.787176 0.272737     0.004126 0.009715 -0.001444 0.999657 -0.013443 0.016733 0.015039     0.600124 0.015723 0.075055 0.099901 -0.547409 0.785130 0.271871     0.599288 0.015015 0.076076 0.099787 -0.547299 0.785262 0.271789     
0.596000 0.014000 0.063000 0.000000 -0.707100 0.707100 0.000000     0.591000 0.009000 0.059500 0.000602 0.703419 -0.710727 0.007006     -0.006986 -0.004575 -0.003484 0.999923 -0.005379 -0.004528 -0.005168     0.595930 0.011056 0.069523 0.102047 -0.545255 0.788636 0.265173     0.593859 0.010917 0.069296 0.102477 -0.545483 0.788216 0.265825     0.007124 0.002924 0.003272 0.999970 0.002589 0.000786 0.007191     0.603040 0.014000 0.072798 0.100929 -0.550437 0.784086 0.268369     0.604232 0.013871 0.072780 0.097753 -0.551112 0.783697 0.269331     
0.596000 0.014000 0.063000 0.000000 -0.707100 0.707100 0.000000     0.591000 0.009000 0.063000 0.027522 -0.691857 0.721482 0.004656     -0.005435 -0.005115 -0.000375 0.999352 0.022753 -0.016168 -0.020947     0.595743 0.010335 0.073234 0.130828 -0.532914 0.788001 0.279144     0.595346 0.010075 0.072888 0.132647 -0.533084 0.787574 0.279202     0.004249 0.004460 0.001161 0.999367 -0.025618 0.014715 0.019811     0.600223 0.015507 0.074165 0.099968 -0.547432 0.786021 0.269214     0.600609 0.014320 0.074995 0.099426 -0.547752 0.785502 0.270312     
0.596000 0.014000 0.063000 0.000000 -0.707100 0.707100 0.000000     0.591000 0.009000 0.066500 0.000456 -0.701900 0.712084 0.015891     -0.005274 -0.005212 0.002895 0.999809 0.011559 0.010914 -0.007201     0.596244 0.010696 0.076431 0.099745 -0.537696 0.786591 0.286687     0.596364 0.010154 0.076051 0.100438 -0.537816 0.786163 0.287426     0.004144 0.004733 -0.002675 0.999788 -0.014621 -0.010489 0.009986     0.600142 0.015822 0.073808 0.097250 -0.549902 0.784200 0.270482     0.600468 0.016457 0.073809 0.096458 -0.549820 0.785333 0.267668     
0.596000 0.014000 0.063000 0.000000 -0.707100 0.707100 0.000000     0.591000 0.014000 0.059500 -0.000000 0.707100 -0.707100 -0.000000     -0.005163 0.000189 -0.003848 0.999961 0.000000 0.000000 0.000000     0.596000 0.016000 0.069500 0.100035 -0.547560 0.784824 0.272401     0.595954 0.015805 0.069229 0.101055 -0.547832 0.784119 0.273541     0.006508 -0.001299 0.003546 0.999986 -0.002157 -0.004430 0.001723     0.602412 0.014761 0.073081 0.101860 -0.550327 0.784014 0.268452     0.603927 0.014508 0.072722 0.099388 -0.550574 0.783813 0.269495     
0.596000 0.014000 0.063000 0.000000 -0.707100 0.707100 0.000000     0.591000 0.014000 0.063000 0.008339 -0.706983 0.707163 -0.002568     -0.005053 -0.000347 -0.000320 0.999923 0.004080 -0.007712 -0.000127     0.595845 0.015917 0.073092 0.108353 -0.549132 0.782981 0.271358     0.596114 0.015098 0.072979 0.108812 -0.549346 0.781720 0.274395     0.006390 -0.001320 0.000815 0.999992 -0.003416 0.001822 0.001018     0.602268 0.014675 0.073876 0.104773 -0.549800 0.783540 0.269791     0.603553 0.014496 0.073789 0.100994 -0.550553 0.783141 0.270890     
0.596000 0.014000 0.063000 0.000000 -0.707100 0.707100 0.000000     0.591000 0.014000 0.066500 0.008888 -0.696883 0.717102 0.004604     -0.004536 -0.000399 0.003663 0.999809 0.009540 -0.003029 -0.014296     0.595992 0.015666 0.076565 0.111515 -0.536127 0.789631 0.276758     0.596503 0.015286 0.076703 0.111514 -0.536133 0.789638 0.276763     0.004844 -0.000968 -0.002416 0.999808 -0.008731 0.000145 0.017515     0.600774 0.015047 0.074115 0.101851 -0.550788 0.782522 0.271842     0.602371 0.015128 0.074282 0.097220 -0.551877 0.782037 0.272762     
0.596000 0.014000 0.063000 0.000000 -0.707100 0.707100 0.000000     0.591000 0.019000 0.059500 0.004992 0.710833 -0.703313 -0.004791     -0.007648 0.005022 -0.003544 0.999923 -0.000142 0.006918 0.005317     0.596116 0.021057 0.069429 0.093075 -0.549842 0.782613 0.276600     0.593356 0.020631 0.069230 0.093054 -0.549826 0.782640 0.276600     0.008047 -0.006239 0.003883 0.999933 -0.004480 -0.010120 -0.003373     0.603975 0.014873 0.073396 0.099458 -0.550381 0.784713 0.267196     0.606233 0.014445 0.072789 0.093354 -0.551330 0.783930 0.269767     
0.596000 0.014000 0.063000 0.000000 -0.707100 0.707100 0.000000     0.591000 0.019000 0.063000 0.007290 0.715223 -0.698762 -0.010769     -0.005689 0.005555 -0.000131 0.999809 0.002460 0.012769 0.011639     0.596206 0.021070 0.072880 0.088174 -0.552887 0.778938 0.282447     0.595750 0.021048 0.072646 0.089452 -0.553060 0.778594 0.282691     0.006810 -0.006894 0.001302 0.999935 -0.005018 -0.007942 -0.006482     0.602886 0.014209 0.074242 0.093411 -0.550488 0.783188 0.273558     0.604274 0.014020 0.073971 0.089908 -0.550950 0.783420 0.273173     
0.596000 0.014000 0.063000 0.000000 -0.707100 0.707100 0.000000     0.591000 0.019000 0.066500 0.018815 0.712971 -0.700367 -0.028009     -0.005448 0.004856 0.003252 0.999352 0.006501 0.033109 0.008912     0.596616 0.020967 0.076174 0.075121 -0.544551 0.781007 0.296359     0.595887 0.020302 0.075965 0.075274 -0.544613 0.780878 0.296581     0.006448 -0.004477 -0.002735 0.999296 -0.011466 -0.035426 -0.004534     0.602385 0.016668 0.073766 0.097835 -0.551987 0.783663 0.267564     0.603859 0.016889 0.073916 0.096314 -0.552196 0.784182 0.266199     
0.596000 0.014000 0.063000 0.000000 -0.707100 0.707100 0.000000     0.591000 0.024000 0.059500 0.013549 -0.708743 0.705241 0.010718     -0.005280 0.009572 -0.003598 0.999809 0.017159 -0.002002 0.002476     0.595951 0.025680 0.069583 0.110312 -0.548248 0.778474 0.284979     0.595644 0.024978 0.069426 0.111503 -0.548618 0.777767 0.285769     0.005931 -0.010289 0.004258 0.999726 -0.022851 0.000245 -0.005046     0.601906 0.015800 0.073752 0.099000 -0.546621 0.787566 0.266689     0.603659 0.015322 0.073132 0.095796 -0.547153 0.786779 0.269119     
0.596000 0.014000 0.063000 0.000000 -0.707100 0.707100 0.000000     0.591000 0.024000 0.063000 0.015518 -0.709898 0.704087 0.006847     -0.005336 0.009625 -0.000251 0.999809 0.015814 -0.006131 0.004109     0.595861 0.025722 0.073119 0.112371 -0.550790 0.777533 0.281826     0.596120 0.024694 0.072679 0.112569 -0.551360 0.776761 0.282793     0.005955 -0.010484 0.000481 0.999764 -0.020708 0.005865 -0.003016     0.601945 0.015625 0.073463 0.097229 -0.548989 0.785506 0.268549     0.602063 0.014735 0.074664 0.096412 -0.549225 0.785378 0.268771     
0.596000 0.014000 0.063000 0.000000 -0.707100 0.707100 0.000000     0.591000 0.024000 0.066500 0.016043 0.715192 -0.698523 0.016997     -0.004944 0.009282 0.003184 0.999618 -0.023363 -0.000675 0.011786     0.595932 0.026582 0.076400 0.084526 -0.559144 0.784398 0.254782     0.596394 0.026252 0.076574 0.084526 -0.559153 0.784403 0.254786     0.006097 -0.011283 -0.001153 0.999776 0.019019 -0.001648 -0.009153     0.602039 0.014830 0.075352 0.098766 -0.550651 0.784355 0.267947     0.603409 0.014560 0.075301 0.097419 -0.550944 0.783269 0.271037     
0.596000 0.014000 0.063000 0.000000 -0.707100 0.707100 0.000000     0.596000 0.004000 0.059500 0.006099 0.702181 -0.711804 0.014869     -0.000582 -0.009615 -0.003697 0.999809 -0.014826 -0.006201 -0.006805     0.600905 0.006229 0.069499 0.098621 -0.545308 0.791849 0.256647     0.600497 0.006251 0.069295 0.099380 -0.545582 0.791551 0.256730     0.000361 0.009179 0.003872 0.999923 0.008827 0.001991 0.008448     0.601269 0.015314 0.073390 0.099682 -0.550574 0.785112 0.265537     0.602616 0.015072 0.073383 0.096144 -0.550827 0.785441 0.265383     
0.596000 0.014000 0.063000 0.000000 -0.707100 0.707100 0.000000     0.596000 0.004000 0.063000 0.004218 -0.707142 0.707004 0.007639     -0.001006 -0.009700 0.000102 0.999923 0.008384 0.002418 0.000097     0.601048 0.005833 0.073008 0.102697 -0.546118 0.782699 0.280305     0.601256 0.005696 0.072302 0.104382 -0.546393 0.781948 0.281278     0.002546 0.007885 0.000346 0.999868 -0.014506 -0.002514 0.006825     0.603516 0.014077 0.073321 0.094816 -0.553582 0.782677 0.268242     0.603736 0.013997 0.073294 0.093579 -0.553480 0.784134 0.264646     
0.596000 0.014000 0.063000 0.000000 -0.707100 0.707100 0.000000     0.596000 0.004000 0.066500 0.007857 -0.695443 0.718273 -0.019049     -0.000239 -0.010352 0.003500 0.999618 -0.007914 -0.019025 -0.016143     0.600681 0.006003 0.076653 0.114996 -0.540677 0.793647 0.254064     0.600500 0.005445 0.076648 0.116536 -0.541353 0.792393 0.255872     -0.000330 0.009171 -0.002564 0.999702 0.004613 0.018503 0.015215     0.600662 0.015229 0.073928 0.098906 -0.547360 0.786140 0.269404     0.599693 0.014808 0.074989 0.098874 -0.546257 0.787322 0.268237     
0.596000 0.014000 0.063000 0.000000 -0.707100 0.707100 0.000000     0.596000 0.009000 0.059500 0.008736 0.699622 -0.713717 -0.032285     0.000001 -0.005466 -0.003808 0.999352 0.016651 0.029005 -0.009967     0.601609 0.010565 0.069251 0.089042 -0.529837 0.788169 0.300189     0.601702 0.010253 0.069029 0.089043 -0.529845 0.788175 0.300192     0.001323 0.002940 0.003611 0.999356 -0.018265 -0.028186 0.012611     0.602329 0.014000 0.073095 0.097736 -0.549523 0.783953 0.271790     0.603795 0.013804 0.073305 0.095956 -0.549649 0.784227 0.271416     
0.596000 0.014000 0.063000 0.000000 -0.707100 0.707100 0.000000     0.596000 0.009000 0.063000 0.008703 0.706777 -0.707369 0.000474     -0.000196 -0.004904 -0.000551 0.999923 -0.006489 0.005819 -0.000419     0.601118 0.011125 0.072914 0.092025 -0.546274 0.787374 0.270442     0.600947 0.010864 0.072531 0.093386 -0.546885 0.786653 0.270875     0.000550 0.002914 0.000423 0.999981 0.003906 -0.004600 0.001569     0.601569 0.013977 0.073400 0.097354 -0.548384 0.785021 0.271144     0.602577 0.014210 0.073230 0.095826 -0.548518 0.785647 0.269638     
0.596000 0.014000 0.063000 0.000000 -0.707100 0.707100 0.000000     0.596000 0.009000 0.066500 -0.000000 0.707100 -0.707100 -0.000000     -0.000527 -0.004443 0.003272 0.999961 0.000000 0.000000 0.000000     0.601000 0.011000 0.076500 0.100035 -0.547560 0.784824 0.272401     0.600632 0.011138 0.076305 0.101512 -0.547645 0.784499 0.272657     0.001067 0.002098 -0.002602 0.999972 -0.006775 0.000414 0.003141     0.602062 0.013265 0.073866 0.095142 -0.550575 0.784969 0.267617     0.603331 0.012671 0.073339 0.093847 -0.550942 0.785224 0.266608     
0.596000 0.014000 0.063000 0.000000 -0.707100 0.707100 0.000000     0.596000 0.014000 0.059500 0.016680 -0.710294 0.703690 0.002132     -0.000369 0.000370 -0.004163 0.999809 0.013302 -0.010287 0.004669     0.600775 0.015778 0.069651 0.114105 -0.552613 0.777495 0.277634     0.600638 0.015863 0.069200 0.115953 -0.552540 0.776801 0.278988     0.002805 -0.001498 0.003014 0.999790 -0.017284 0.010970 0.000441     0.603799 0.014631 0.072490 0.095878 -0.551767 0.783138 0.270251     0.605176 0.014146 0.072111 0.092976 -0.552160 0.782622 0.271986     
0.596000 0.014000 0.063000 0.000000 -0.707100 0.707100 0.000000     0.596000 0.014000 0.063000 0.031517 -0.698148 0.715191 -0.008909     -0.000351 0.000325 -0.000452 0.999352 0.015986 -0.028585 -0.012051     0.600461 0.015561 0.073328 0.134445 -0.543955 0.783731 0.267924     0.600487 0.015606 0.072969 0.136422 -0.543861 0.782980 0.269344     0.000856 -0.001276 0.001676 0.999380 -0.018494 0.026556 0.013901     0.601807 0.014792 0.074687 0.099765 -0.549884 0.784208 0.269578     0.600942 0.015183 0.074389 0.100742 -0.549751 0.784845 0.267661     
0.596000 0.014000 0.063000 0.000000 -0.707100 0.707100 0.000000     0.596000 0.014000 0.066500 0.003666 -0.707917 0.706230 -0.007829     -0.000044 0.000107 0.003347 0.999923 -0.002944 -0.008128 0.001193     0.600832 0.016071 0.076568 0.104473 -0.550984 0.784130 0.265749     0.601013 0.015943 0.076401 0.105668 -0.550939 0.783296 0.267856     0.000260 -0.000884 -0.002937 0.999974 -0.000513 0.006852 0.001982     0.601221 0.015217 0.073562 0.098288 -0.550757 0.783870 0.269322     0.602602 0.014850 0.073105 0.096478 -0.551123 0.783715 0.269715     
0.596000 0.014000 0.063000 0.000000 -0.707100 0.707100 0.000000     0.596000 0.019000 0.059500 0.004665 0.709862 -0.703477 -0.034290     -0.000489 0.004847 -0.003721 0.999352 0.020948 0.027544 0.004514     0.601529 0.020633 0.069286 0.088596 -0.541170 0.778923 0.304211     0.600755 0.020194 0.069135 0.089085 -0.541249 0.778651 0.304656     0.001055 -0.005014 0.003370 0.999213 -0.022465 -0.032191 -0.005658     0.601966 0.016005 0.072910 0.103164 -0.548121 0.785354 0.268551     0.602579 0.016350 0.072884 0.102779 -0.548343 0.785980 0.266442     
0.596000 0.014000 0.063000 0.000000 -0.707100 0.707100 0.000000     0.596000 0.019000 0.063000 0.012611 -0.698620 0.715365 -0.002310     -0.000178 0.005326 -0.000571 0.999809 0.007284 -0.010550 -0.011840     0.600832 0.020737 0.073131 0.115514 -0.540329 0.788148 0.271115     0.600811 0.020816 0.072641 0.116728 -0.540405 0.787739 0.271670     0.000749 -0.006412 0.000635 0.999766 -0.011340 0.011425 0.014450     0.601755 0.014695 0.073610 0.096437 -0.549803 0.784551 0.269957     0.602205 0.013710 0.073810 0.096333 -0.550177 0.783620 0.271966     
0.596000 0.014000 0.063000 0.000000 -0.707100 0.707100 0.000000     0.596000 0.019000 0.066500 0.023774 -0.724437 0.688901 0.004621     -0.000230 0.004887 0.003141 0.999352 0.020078 -0.013543 0.025127     0.600630 0.020836 0.076708 0.114753 -0.568628 0.763763 0.283091     0.600443 0.020575 0.076379 0.116309 -0.569169 0.763031 0.283377     0.000165 -0.004593 -0.004125 0.999327 -0.022565 0.011629 -0.026483     0.601132 0.016446 0.072384 0.100459 -0.547316 0.786030 0.269240     0.601302 0.016589 0.072413 0.098431 -0.547189 0.787886 0.264822     
0.596000 0.014000 0.063000 0.000000 -0.707100 0.707100 0.000000     0.596000 0.024000 0.059500 0.019982 -0.710789 0.702550 -0.028013     -0.000375 0.010225 -0.003592 0.999352 -0.005678 -0.033937 0.005826     0.600287 0.026169 0.069792 0.121912 -0.561611 0.779308 0.249778     0.600112 0.026254 0.069756 0.123394 -0.561326 0.778911 0.250967     0.001765 -0.011039 0.003412 0.999562 0.004478 0.029027 -0.003608     0.602657 0.015006 0.072956 0.102655 -0.550758 0.783413 0.269021     0.602012 0.015686 0.072155 0.103953 -0.550973 0.783710 0.267249     
0.596000 0.014000 0.063000 0.000000 -0.707100 0.707100 0.000000     0.596000 0.024000 0.063000 0.021022 0.716983 -0.696732 -0.006185     -0.000896 0.010330 0.000039 0.999618 -0.010491 0.019237 0.014320     0.601318 0.026355 0.072756 0.075257 -0.554420 0.781496 0.276041     0.600722 0.026531 0.072881 0.076100 -0.554330 0.781400 0.276300     0.002846 -0.010512 -0.000111 0.999664 0.007934 -0.021083 -0.012820     0.603804 0.015554 0.072897 0.099645 -0.549438 0.784565 0.269494     0.604924 0.014582 0.072822 0.100204 -0.549116 0.784805 0.269280     
0.596000 0.014000 0.063000 0.000000 -0.707100 0.707100 0.000000     0.596000 0.024000 0.066500 0.000585 0.704582 -0.709564 0.007962     -0.000884 0.010476 0.003465 0.999923 -0.006044 -0.005217 -0.003522     0.600910 0.026086 0.076527 0.101775 -0.546800 0.787847 0.264439     0.600291 0.026219 0.076395 0.103428 -0.546945 0.787554 0.264410     0.001448 -0.010552 -0.002585 0.999967 0.005176 0.002428 0.005757     0.602383 0.015487 0.073940 0.101167 -0.550149 0.783552 0.270421     0.604124 0.015447 0.073389 0.097100 -0.551296 0.782667 0.272172     
0.596000 0.014000 0.063000 0.000000 -0.707100 0.707100 0.000000     0.601000 0.004000 0.059500 0.003180 -0.712339 0.701807 0.003254     0.004824 -0.010341 -0.003584 0.999923 0.004549 0.000052 0.007447     0.605971 0.005983 0.069518 0.100452 -0.552914 0.779483 0.276735     0.605846 0.005501 0.069431 0.101789 -0.553566 0.778403 0.278017     -0.003618 0.009197 0.001538 0.999962 -0.005240 -0.002669 -0.006388     0.602325 0.015222 0.071061 0.101399 -0.549179 0.784167 0.270522     0.602974 0.015993 0.071208 0.098468 -0.548384 0.785840 0.268393     
0.596000 0.014000 0.063000 0.000000 -0.707100 0.707100 0.000000     0.601000 0.004000 0.063000 0.007397 0.710308 -0.703838 0.000706     0.004146 -0.009574 0.000207 0.999923 -0.005730 0.004731 0.004575     0.606075 0.006160 0.072928 0.091934 -0.550414 0.784323 0.270942     0.605479 0.006210 0.073007 0.093179 -0.550456 0.783928 0.271609     -0.003227 0.008084 -0.001368 0.999961 0.002334 -0.007575 -0.003996     0.602714 0.014157 0.071646 0.100238 -0.549097 0.785163 0.268226     0.603446 0.014728 0.071885 0.098653 -0.548280 0.786233 0.267385     
0.596000 0.014000 0.063000 0.000000 -0.707100 0.707100 0.000000     0.601000 0.004000 0.066500 0.000145 0.703390 -0.710756 0.007000     0.004164 -0.009471 0.003614 0.999923 -0.005052 -0.004847 -0.005208     0.605924 0.006050 0.076528 0.102487 -0.545277 0.788537 0.265250     0.605642 0.006113 0.076558 0.103808 -0.545338 0.788074 0.266025     -0.003896 0.009008 -0.003963 0.999973 0.001473 0.002490 0.006761     0.602050 0.015095 0.072546 0.099530 -0.549783 0.784694 0.268455     0.602108 0.015520 0.072633 0.097768 -0.549812 0.786356 0.264184     
0.596000 0.014000 0.063000 0.000000 -0.707100 0.707100 0.000000     0.601000 0.009000 0.059500 0.007854 -0.711780 0.701936 0.023981     0.005267 -0.005410 -0.003512 0.999618 0.022510 0.011403 0.006961     0.606202 0.010622 0.069465 0.101480 -0.547477 0.775753 0.296916     0.606527 0.010297 0.069498 0.101481 -0.547482 0.775759 0.296921     -0.004782 0.004761 0.001576 0.999678 -0.022565 -0.010342 -0.005300     0.601233 0.015778 0.071064 0.098690 -0.548550 0.784055 0.273115     0.601577 0.016292 0.071423 0.095847 -0.546891 0.786848 0.269432     
0.596000 0.014000 0.063000 0.000000 -0.707100 0.707100 0.000000     0.601000 0.009000 0.063000 0.017279 0.708673 -0.705311 -0.000593     0.004277 -0.004655 0.000028 0.999809 -0.011799 0.012637 0.002377     0.606240 0.011258 0.072820 0.082993 -0.547080 0.787881 0.270257     0.605700 0.011336 0.072642 0.084045 -0.547203 0.787745 0.270119     -0.003598 0.003541 -0.001290 0.999847 0.010659 -0.013723 0.001959     0.602362 0.014608 0.071716 0.099094 -0.551364 0.782669 0.271269     0.603832 0.014418 0.071658 0.099198 -0.551272 0.782737 0.271260     
0.596000 0.014000 0.063000 0.000000 -0.707100 0.707100 0.000000     0.601000 0.009000 0.066500 0.010564 -0.716232 0.697753 -0.004716     0.004580 -0.004635 0.003024 0.999809 0.004135 -0.010805 0.013066     0.605730 0.011044 0.076622 0.107204 -0.560261 0.775343 0.270996     0.605372 0.010989 0.076210 0.108760 -0.560497 0.774910 0.271163     -0.004027 0.004468 -0.003449 0.999921 -0.003595 0.010643 -0.005694     0.601941 0.015529 0.073054 0.098473 -0.553303 0.780586 0.273540     0.603172 0.015199 0.073041 0.095237 -0.553456 0.780667 0.274182     
0.596000 0.014000 0.063000 0.000000 -0.707100 0.707100 0.000000     0.601000 0.014000 0.059500 0.018246 -0.718418 0.695297 -0.009220     0.005239 -0.000390 -0.003354 0.999618 0.006382 -0.019421 0.016348     0.605541 0.016027 0.069711 0.114284 -0.564855 0.771922 0.268318     0.605812 0.015722 0.069878 0.114280 -0.564859 0.771930 0.268325     -0.005138 -0.000213 0.002159 0.999709 -0.007940 0.017703 -0.014305     0.600820 0.015839 0.071670 0.099939 -0.549806 0.783931 0.270476     0.602119 0.015372 0.071359 0.098050 -0.549984 0.783614 0.271757     
0.596000 0.014000 0.063000 0.000000 -0.707100 0.707100 0.000000     0.601000 0.014000 0.063000 0.021370 -0.724097 0.689242 0.012403     0.004602 0.000346 -0.000582 0.999352 0.023880 -0.006341 0.024646     0.605779 0.015760 0.073152 0.111313 -0.565908 0.763711 0.289971     0.605984 0.015683 0.072904 0.112741 -0.566254 0.762344 0.292366     -0.004773 -0.001707 -0.000671 0.999355 -0.026730 0.009695 -0.021948     0.601285 0.014374 0.072283 0.095074 -0.548945 0.784469 0.272413     0.601703 0.014547 0.072320 0.093178 -0.548432 0.785830 0.270207     
0.596000 0.014000 0.063000 0.000000 -0.707100 0.707100 0.000000     0.601000 0.014000 0.066500 0.011262 0.699344 -0.714372 0.021106     0.004532 -0.000300 0.003428 0.999618 -0.022887 -0.006960 -0.010626     0.605907 0.016352 0.076469 0.095825 -0.543218 0.795912 0.249471     0.605639 0.015886 0.076275 0.097742 -0.543811 0.795069 0.250161     -0.004567 0.000899 -0.003179 0.999718 0.017468 0.006229 0.014849     0.601398 0.017049 0.073307 0.096625 -0.551655 0.783860 0.268110     0.603468 0.016745 0.072152 0.094798 -0.551855 0.783135 0.270498     
0.596000 0.014000 0.063000 0.000000 -0.707100 0.707100 0.000000     0.601000 0.019000 0.059500 -0.000000 0.707100 -0.707100 -0.000000     0.005896 0.004415 -0.003780 0.999961 0.000000 0.000000 0.000000     0.606000 0.021000 0.069500 0.100035 -0.547560 0.784824 0.272401     0.606999 0.020501 0.069226 0.099956 -0.547589 0.784806 0.272460     -0.004575 -0.005651 0.002618 0.999997 0.002398 -0.000494 -0.000139     0.601415 0.015300 0.072133 0.101773 -0.547344 0.784195 0.273998     0.602470 0.015300 0.072499 0.100192 -0.547676 0.783664 0.275469     
0.596000 0.014000 0.063000 0.000000 -0.707100 0.707100 0.000000     0.601000 0.019000 0.063000 0.007691 -0.724120 0.689595 0.005486     0.004797 0.004543 -0.000274 0.999618 0.009317 -0.001560 0.024412     0.605870 0.021054 0.073053 0.099677 -0.566025 0.768494 0.281209     0.605613 0.020509 0.072843 0.101169 -0.566719 0.767555 0.281877     -0.005200 -0.005047 -0.000930 0.999665 -0.008870 0.002398 -0.024188     0.600815 0.015946 0.072063 0.099581 -0.547456 0.784661 0.273244     0.601034 0.016831 0.072479 0.097247 -0.546555 0.786623 0.270270     
0.596000 0.014000 0.063000 0.000000 -0.707100 0.707100 0.000000     0.601000 0.019000 0.066500 0.007521 0.704122 -0.710024 0.001471     0.004248 0.005382 0.003623 0.999923 -0.006358 0.004278 -0.004173     0.606102 0.021085 0.076431 0.094328 -0.543734 0.789239 0.269326     0.606128 0.021119 0.075731 0.095301 -0.543895 0.788795 0.269997     -0.002794 -0.003880 -0.003519 0.999946 0.001739 -0.002210 0.010017     0.603221 0.017271 0.072941 0.094316 -0.552042 0.783074 0.270426     0.604808 0.017289 0.072315 0.091033 -0.552831 0.782956 0.270317     
0.596000 0.014000 0.063000 0.000000 -0.707100 0.707100 0.000000     0.601000 0.024000 0.059500 0.012872 -0.714624 0.699361 0.004734     0.004408 0.009783 -0.003653 0.999809 0.012449 -0.005754 0.010793     0.605843 0.025856 0.069605 0.108413 -0.556269 0.774828 0.280059     0.605327 0.025561 0.069436 0.110261 -0.556648 0.774249 0.280220     -0.004468 -0.010130 0.002838 0.999783 -0.016058 0.005545 -0.012058     0.601533 0.015930 0.072325 0.098537 -0.546994 0.786466 0.269333     0.601690 0.016370 0.072560 0.096030 -0.545158 0.789335 0.265577     
0.596000 0.014000 0.063000 0.000000 -0.707100 0.707100 0.000000     0.601000 0.024000 0.063000 0.002877 0.715296 -0.698689 0.012586     0.004490 0.010195 0.000025 0.999809 -0.010934 -0.006865 0.011742     0.605812 0.026334 0.073020 0.096222 -0.559656 0.780566 0.261194     0.605509 0.026128 0.073105 0.097254 -0.560053 0.779720 0.262524     -0.002109 -0.011547 -0.000368 0.999889 0.011801 0.006054 -0.006805     0.603853 0.014484 0.072644 0.099867 -0.551565 0.781788 0.273110     0.605221 0.013920 0.072402 0.099141 -0.551612 0.781348 0.274573     
0.596000 0.014000 0.063000 0.000000 -0.707100 0.707100 0.000000     0.601000 0.024000 0.066500 -0.000000 0.707100 -0.707100 -0.000000     0.004063 0.010502 0.003541 0.999961 0.000000 0.000000 0.000000     0.606000 0.026000 0.076500 0.100035 -0.547560 0.784824 0.272401     0.605556 0.026159 0.076325 0.101270 -0.547768 0.784575 0.272281     -0.003339 -0.011201 -0.003446 0.999999 -0.000730 0.000205 0.000878     0.602662 0.014822 0.073049 0.099235 -0.548266 0.784562 0.272028     0.603368 0.014776 0.073081 0.098836 -0.548485 0.785302 0.269621     
0.596000 0.014000 0.063000 0.000000 -0.707100 0.707100 0.000000     0.606000 0.004000 0.059500 0.005347 0.709359 -0.704625 -0.016272     0.009931 -0.009904 -0.003839 0.999809 0.007725 0.015287 0.003347     0.611291 0.005881 0.069373 0.091340 -0.545167 0.782296 0.287128     0.611286 0.005654 0.069067 0.092381 -0.545532 0.781418 0.288526     -0.009614 0.009107 0.002401 0.999875 -0.010318 -0.010691 -0.005439     0.601486 0.015136 0.071844 0.095629 -0.544856 0.787150 0.272695     0.600989 0.015893 0.072235 0.095571 -0.543557 0.790173 0.266531     
0.596000 0.014000 0.063000 0.000000 -0.707100 0.707100 0.000000     0.606000 0.004000 0.063000 0.000945 0.702799 -0.711347 0.006223     0.009328 -0.009545 -0.000351 0.999923 -0.005069 -0.003732 -0.006044     0.610950 0.006041 0.073017 0.101831 -0.544319 0.789111 0.265764     0.610608 0.006264 0.072782 0.102853 -0.544201 0.788951 0.266127     -0.009371 0.009439 0.000433 0.999932 0.004320 0.006678 0.008579     0.601677 0.015480 0.073401 0.096626 -0.548837 0.783919 0.273664     0.602222 0.015712 0.073316 0.095040 -0.549030 0.784979 0.270816     
0.596000 0.014000 0.063000 0.000000 -0.707100 0.707100 0.000000     0.606000 0.004000 0.066500 -0.000000 0.707100 -0.707100 -0.000000     0.009631 -0.010104 0.003355 0.999961 0.000000 0.000000 0.000000     0.611000 0.006000 0.076500 0.100035 -0.547560 0.784824 0.272401     0.610741 0.005789 0.076195 0.101358 -0.548578 0.783815 0.272806     -0.008993 0.009195 -0.004402 0.999972 -0.002473 0.003062 0.006380     0.602042 0.015308 0.072057 0.094537 -0.551965 0.782288 0.272768     0.603128 0.015724 0.072016 0.090580 -0.552396 0.782673 0.272170     
0.596000 0.014000 0.063000 0.000000 -0.707100 0.707100 0.000000     0.606000 0.009000 0.059500 0.000189 -0.704148 0.709568 -0.025894     0.009746 -0.004768 -0.003560 0.999618 -0.018175 -0.018443 -0.003832     0.610646 0.011329 0.069599 0.105567 -0.551207 0.789760 0.247560     0.610615 0.011387 0.069677 0.106839 -0.550990 0.788957 0.250084     -0.008847 0.004759 0.002121 0.999844 0.009645 0.014302 0.003767     0.602069 0.015929 0.071627 0.098638 -0.549537 0.786683 0.263420     0.603462 0.015411 0.071430 0.096898 -0.549889 0.786357 0.264341     
0.596000 0.014000 0.063000 0.000000 -0.707100 0.707100 0.000000     0.606000 0.009000 0.063000 0.008841 0.723786 -0.689552 0.023533     0.009217 -0.004634 -0.000105 0.999352 -0.022892 -0.010389 0.024206     0.610678 0.011692 0.072993 0.088998 -0.571345 0.776288 0.251002     0.610816 0.011884 0.072176 0.090339 -0.571783 0.775331 0.252518     -0.009231 0.003462 0.000539 0.999648 0.018697 0.008043 -0.017015     0.601691 0.014617 0.073545 0.097676 -0.554252 0.781759 0.268509     0.601702 0.015361 0.073586 0.098182 -0.554141 0.782652 0.265978     
0.596000 0.014000 0.063000 0.000000 -0.707100 0.707100 0.000000     0.606000 0.009000 0.066500 0.033666 0.704046 -0.709292 -0.008415     0.009171 -0.004671 0.003712 0.999352 -0.017854 0.029755 -0.003709     0.611600 0.011311 0.076107 0.067854 -0.537996 0.794217 0.274145     0.611090 0.011417 0.076243 0.068489 -0.537921 0.794030 0.274713     -0.007435 0.004082 -0.003782 0.999319 0.014608 -0.032455 0.009774     0.603484 0.015209 0.072732 0.098764 -0.553298 0.782211 0.268763     0.604854 0.014648 0.072775 0.099220 -0.553083 0.782393 0.268544     
0.596000 0.014000 0.063000 0.000000 -0.707100 0.707100 0.000000     0.606000 0.014000 0.059500 0.001401 0.700996 -0.713151 -0.000562     0.010697 -0.000412 -0.004178 0.999923 -0.000593 0.001388 -0.008595     0.611061 0.015925 0.069484 0.100957 -0.540475 0.789801 0.271826     0.611875 0.015393 0.068910 0.100795 -0.540533 0.789469 0.272769     -0.007250 0.001516 0.001922 0.999959 -0.002555 -0.000095 0.008724     0.603775 0.017581 0.071396 0.097276 -0.547626 0.785738 0.270626     0.605372 0.017852 0.070894 0.096097 -0.547766 0.785786 0.270662     
0.596000 0.014000 0.063000 0.000000 -0.707100 0.707100 0.000000     0.606000 0.014000 0.063000 0.005102 0.707734 -0.706413 0.007017     0.009509 0.000364 -0.000381 0.999923 -0.008570 -0.001354 0.000934     0.610969 0.016181 0.072978 0.096146 -0.549498 0.786482 0.265017     0.610810 0.016342 0.072787 0.097710 -0.549354 0.785955 0.266341     -0.008410 0.001196 -0.000834 0.999975 0.006683 0.002247 -0.000392     0.602605 0.017240 0.072149 0.098153 -0.547938 0.785122 0.271464     0.602553 0.017770 0.072657 0.097066 -0.548044 0.786421 0.267893     
0.596000 0.014000 0.063000 0.000000 -0.707100 0.707100 0.000000     0.606000 0.014000 0.066500 -0.000000 0.707100 -0.707100 -0.000000     0.009638 -0.000305 0.003397 0.999961 0.000000 0.000000 0.000000     0.611000 0.016000 0.076500 0.100035 -0.547560 0.784824 0.272401     0.610695 0.015494 0.076431 0.101242 -0.548282 0.783864 0.273302     -0.008793 0.000731 -0.004053 0.999995 -0.002113 0.002150 -0.000893     0.602253 0.016765 0.072417 0.097433 -0.546483 0.786100 0.271829     0.602203 0.017305 0.072909 0.097164 -0.546676 0.786965 0.269055     
0.596000 0.014000 0.063000 0.000000 -0.707100 0.707100 0.000000     0.606000 0.019000 0.059500 0.003185 -0.700931 0.713053 -0.014865     0.009478 0.005309 -0.003374 0.999809 -0.008259 -0.012763 -0.008571     0.610778 0.021082 0.069591 0.107849 -0.545052 0.790371 0.258032     0.610537 0.021139 0.069739 0.108976 -0.544869 0.789937 0.259310     -0.009455 -0.003795 0.003293 0.999856 0.004128 0.012127 0.011121     0.601520 0.017312 0.072783 0.097628 -0.550189 0.784438 0.269067     0.601672 0.017195 0.072870 0.096195 -0.550401 0.785942 0.264766     
0.596000 0.014000 0.063000 0.000000 -0.707100 0.707100 0.000000     0.606000 0.019000 0.063000 0.007037 -0.710720 0.703426 -0.000186     0.009380 0.004993 -0.000135 0.999923 0.004844 -0.005107 0.005157     0.610877 0.020954 0.073070 0.105287 -0.552493 0.780140 0.273913     0.610412 0.020821 0.072884 0.107042 -0.552843 0.779662 0.273923     -0.009002 -0.003893 -0.000438 0.999971 -0.004257 0.005599 -0.002831     0.601998 0.017118 0.072559 0.099340 -0.549184 0.783436 0.273379     0.602170 0.017654 0.073152 0.097005 -0.548091 0.786476 0.267660     
0.596000 0.014000 0.063000 0.000000 -0.707100 0.707100 0.000000     0.606000 0.019000 0.066500 0.001632 0.688059 -0.725280 0.022860     0.009622 0.005475 0.003090 0.999352 -0.017318 -0.015011 -0.026318     0.610806 0.021090 0.076576 0.109441 -0.532392 0.801973 0.247791     0.610760 0.021287 0.076291 0.110348 -0.532227 0.801779 0.248412     -0.008881 -0.006056 -0.002384 0.999431 0.017066 0.014207 0.025403     0.602106 0.014940 0.074122 0.100776 -0.547073 0.785318 0.271681     0.602111 0.015035 0.074547 0.098924 -0.547319 0.785789 0.270540     
0.596000 0.014000 0.063000 0.000000 -0.707100 0.707100 0.000000     0.606000 0.024000 0.059500 -0.000000 0.707100 -0.707100 -0.000000     0.009554 0.010243 -0.003443 0.999961 0.000000 0.000000 0.000000     0.611000 0.026000 0.069500 0.100035 -0.547560 0.784824 0.272401     0.610692 0.026036 0.069541 0.102040 -0.547315 0.784245 0.273850     -0.009059 -0.009786 0.002651 0.999998 0.000892 0.001717 0.000900     0.601972 0.016205 0.072137 0.098930 -0.547708 0.784258 0.274131     0.601924 0.016193 0.072915 0.099722 -0.547161 0.785822 0.270470     
0.596000 0.014000 0.063000 0.000000 -0.707100 0.707100 0.000000     0.606000 0.024000 0.063000 0.005126 -0.704839 0.709307 -0.006316     0.009962 0.010234 -0.000160 0.999923 -0.000841 -0.008091 -0.003159     0.610850 0.025986 0.073076 0.106781 -0.547348 0.785944 0.266984     0.610931 0.025887 0.072973 0.107747 -0.547339 0.785410 0.268220     -0.009202 -0.010997 -0.000452 0.999966 -0.000213 0.005806 0.005894     0.601741 0.015051 0.072567 0.100523 -0.550435 0.783367 0.270615     0.601805 0.015494 0.072751 0.099695 -0.550379 0.785260 0.265537     
0.596000 0.014000 0.063000 0.000000 -0.707100 0.707100 0.000000     0.606000 0.024000 0.066500 0.027538 0.691510 -0.721828 0.000204     0.010104 0.010216 0.003000 0.999352 -0.019616 0.019327 -0.021437     0.611471 0.026162 0.076216 0.079903 -0.527099 0.803362 0.265279     0.611765 0.026187 0.075855 0.080391 -0.526991 0.802976 0.266548     -0.008847 -0.009884 -0.003953 0.999329 0.018361 -0.023364 0.021416     0.602072 0.016138 0.072582 0.102616 -0.548680 0.784797 0.269247     0.602999 0.014997 0.072866 0.103459 -0.548473 0.784861 0.269198     
