0.596000 0.014000 0.063000 0.000000 -0.707100 0.707100 0.000000     0.596000 0.014000 0.063000 -0.000000 0.707100 -0.707100 -0.000000     -0.000617 0.000442 0.000196 0.999961 0.000000 0.000000 0.000000     0.601000 0.016000 0.073000 0.100035 -0.547560 0.784824 0.272401     0.600691 0.016071 0.072995 0.100499 -0.547460 0.784784 0.272582     0.002011 -0.001099 0.000022 0.999986 -0.001311 -0.001151 0.005048     0.602968 0.014977 0.073028 0.098844 -0.551959 0.782290 0.271244     0.604869 0.014186 0.072708 0.095315 -0.553009 0.780968 0.274199     
0.596000 0.014000 0.063000 0.000000 -0.707100 0.707100 0.000000     0.586000 0.004000 0.058000 0.020923 -0.717963 0.695752 0.000881     -0.010043 -0.010198 -0.004780 0.999618 0.015417 -0.014172 0.015705     0.590653 0.005840 0.068196 0.115287 -0.562017 0.770338 0.278219     0.590723 0.005279 0.068255 0.116229 -0.562312 0.769281 0.280185     0.008870 0.010060 0.004548 0.999604 -0.015918 0.019543 -0.012491     0.599965 0.016099 0.072491 0.094716 -0.548570 0.783735 0.275390     0.599585 0.015158 0.072441 0.096702 -0.548333 0.783346 0.276312     
0.596000 0.014000 0.063000 0.000000 -0.707100 0.707100 0.000000     0.586000 0.004000 0.063000 0.002418 0.707700 -0.706447 0.008338     -0.009871 -0.010250 0.000253 0.999923 -0.007605 -0.004186 0.000886     0.590912 0.006161 0.073010 0.098910 -0.550135 0.785962 0.264218     0.591120 0.005956 0.073242 0.098916 -0.550146 0.785968 0.264216     0.009610 0.009573 0.000984 0.999966 0.004592 0.006815 0.000837     0.600655 0.015651 0.073945 0.095855 -0.548519 0.784936 0.271651     0.602454 0.015245 0.073557 0.093452 -0.548876 0.784276 0.273704     
0.596000 0.014000 0.063000 0.000000 -0.707100 0.707100 0.000000     0.586000 0.004000 0.068000 0.033428 -0.725914 0.686940 0.005073     -0.010285 -0.010327 0.005017 0.999009 0.027223 -0.020050 0.027557     0.590490 0.005709 0.078292 0.123076 -0.571405 0.759566 0.285286     0.590236 0.005227 0.078207 0.124356 -0.571976 0.758593 0.286208     0.010532 0.008809 -0.003505 0.998974 -0.028403 0.020989 -0.028337     0.601554 0.014825 0.074481 0.098861 -0.546804 0.785665 0.271925     0.603284 0.014320 0.074289 0.096368 -0.547311 0.784676 0.274678     
0.596000 0.014000 0.063000 0.000000 -0.707100 0.707100 0.000000     0.586000 0.009000 0.058000 0.020772 0.682804 -0.730050 -0.018843     -0.010753 -0.004945 -0.005206 0.999009 -0.001364 0.028012 -0.033406     0.591675 0.010670 0.067696 0.086307 -0.513325 0.805544 0.283068     0.591016 0.010283 0.067455 0.087286 -0.513327 0.805467 0.283017     0.011372 0.005333 0.004711 0.998938 0.003674 -0.030474 0.034368     0.602320 0.016296 0.072744 0.102922 -0.548774 0.783376 0.273050     0.604535 0.015888 0.072186 0.100287 -0.549516 0.781970 0.276581     
0.596000 0.014000 0.063000 0.000000 -0.707100 0.707100 0.000000     0.586000 0.009000 0.063000 0.001113 0.702935 -0.711212 0.006376     -0.010774 -0.004536 -0.000193 0.999923 -0.005295 -0.003722 -0.005853     0.590949 0.011048 0.073016 0.101647 -0.544489 0.789069 0.265611     0.590571 0.011215 0.072525 0.102625 -0.544588 0.788796 0.265882     0.011443 0.004127 0.000746 0.999933 0.001412 0.001895 0.011360     0.602383 0.015259 0.073749 0.097896 -0.552770 0.782648 0.268894     0.604517 0.014276 0.072949 0.094485 -0.554007 0.780507 0.273783     
0.596000 0.014000 0.063000 0.000000 -0.707100 0.707100 0.000000     0.586000 0.009000 0.068000 0.013843 0.714378 -0.699606 0.001960     -0.010067 -0.005236 0.004886 0.999809 -0.011174 0.008403 0.010445     0.591122 0.011328 0.077867 0.084461 -0.554503 0.782869 0.269236     0.591242 0.010723 0.077879 0.085326 -0.555311 0.781367 0.271687     0.008320 0.004026 -0.002799 0.999833 0.009353 -0.013956 -0.007240     0.599196 0.015095 0.075248 0.102508 -0.551710 0.783056 0.268162     0.601715 0.014460 0.074619 0.099495 -0.551937 0.781549 0.273216     
0.596000 0.014000 0.063000 0.000000 -0.707100 0.707100 0.000000     0.586000 0.014000 0.058000 0.000487 -0.703401 0.710583 0.016690     -0.011108 0.000423 -0.005035 0.999809 0.012145 0.011457 -0.005079     0.591247 0.015706 0.067928 0.099061 -0.539155 0.785323 0.287658     0.590339 0.015991 0.067815 0.100501 -0.539034 0.785193 0.287774     0.010831 -0.000682 0.005560 0.999781 -0.016359 -0.009036 0.009467     0.601862 0.015447 0.073518 0.094593 -0.550691 0.783857 0.270814     0.604063 0.014792 0.073262 0.089859 -0.551804 0.782938 0.272846     
0.596000 0.014000 0.063000 0.000000 -0.707100 0.707100 0.000000     0.586000 0.014000 0.063000 0.010855 0.697491 -0.716494 0.002492     -0.009951 -0.000239 -0.000270 0.999809 -0.009437 0.005914 -0.013436     0.591172 0.016051 0.072902 0.093871 -0.536264 0.795224 0.266847     0.591269 0.015520 0.072656 0.094845 -0.536749 0.794269 0.268407     0.009209 0.000827 -0.000470 0.999798 0.007727 -0.008426 0.016550     0.600145 0.016892 0.072548 0.100280 -0.550839 0.783336 0.269973     0.602061 0.016612 0.072280 0.094858 -0.552042 0.782241 0.272675     
0.596000 0.014000 0.063000 0.000000 -0.707100 0.707100 0.000000     0.586000 0.014000 0.068000 0.000915 -0.701188 0.712797 0.015374     -0.010424 0.000240 0.004790 0.999809 0.011517 0.010224 -0.008209     0.591234 0.015686 0.077938 0.100538 -0.537096 0.787085 0.286177     0.591015 0.015707 0.077799 0.101355 -0.537164 0.786770 0.286662     0.008866 -0.000082 -0.003635 0.999746 -0.012408 -0.015642 0.010490     0.599749 0.015959 0.074415 0.103157 -0.550940 0.783229 0.268991     0.601948 0.015200 0.074014 0.099265 -0.552528 0.782147 0.270380     
0.596000 0.014000 0.063000 0.000000 -0.707100 0.707100 0.000000     0.586000 0.019000 0.058000 0.011610 0.698455 -0.715529 -0.004902     -0.010232 0.004737 -0.005016 0.999809 -0.004743 0.011675 -0.012073     0.591280 0.020970 0.067861 0.091547 -0.535295 0.793775 0.273823     0.591118 0.020438 0.067830 0.092787 -0.535684 0.792836 0.275399     0.010825 -0.004927 0.004667 0.999804 -0.000934 -0.012572 0.015278     0.601792 0.016219 0.072653 0.096825 -0.550845 0.784546 0.267697     0.603841 0.016005 0.072498 0.091850 -0.551572 0.783579 0.270806     
0.596000 0.014000 0.063000 0.000000 -0.707100 0.707100 0.000000     0.586000 0.019000 0.063000 0.005718 -0.702677 0.711469 -0.002190     -0.009176 0.004437 -0.000472 0.999923 0.002494 -0.005592 -0.006217     0.590912 0.020888 0.073065 0.107479 -0.543933 0.786960 0.270665     0.591798 0.020328 0.072653 0.107394 -0.543956 0.786882 0.270915     0.011381 -0.004257 0.000176 0.999932 -0.005512 0.003272 0.009708     0.602320 0.016838 0.073187 0.099271 -0.551243 0.783469 0.269131     0.602386 0.017087 0.073775 0.097144 -0.551704 0.783609 0.268592     
0.596000 0.014000 0.063000 0.000000 -0.707100 0.707100 0.000000     0.586000 0.019000 0.068000 0.005227 0.689546 -0.724169 -0.007649     -0.010356 0.005227 0.004954 0.999618 0.001713 0.009105 -0.024482     0.591272 0.020714 0.077913 0.100461 -0.525506 0.798405 0.276189     0.591081 0.020521 0.077857 0.101517 -0.525808 0.797773 0.277091     0.010156 -0.005593 -0.003102 0.999523 -0.005898 -0.015747 0.025912     0.601015 0.015502 0.074948 0.102730 -0.550885 0.784454 0.265676     0.603336 0.014953 0.074157 0.098475 -0.552046 0.782893 0.269492     
0.596000 0.014000 0.063000 0.000000 -0.707100 0.707100 0.000000     0.586000 0.024000 0.058000 0.015390 -0.712770 0.701215 0.000987     -0.010857 0.010119 -0.005386 0.999809 0.011580 -0.010184 0.008171     0.590763 0.025847 0.068144 0.112127 -0.555505 0.776057 0.276689     0.590061 0.025547 0.067787 0.113125 -0.555928 0.775267 0.277683     0.011127 -0.010661 0.005084 0.999870 -0.012320 0.007132 -0.007605     0.602064 0.015361 0.073111 0.101838 -0.548938 0.784389 0.270202     0.604264 0.014654 0.072772 0.097899 -0.549706 0.782669 0.275080     
0.596000 0.014000 0.063000 0.000000 -0.707100 0.707100 0.000000     0.586000 0.024000 0.063000 0.001058 -0.706953 0.707032 -0.017420     -0.010086 0.009395 -0.000109 0.999809 -0.011570 -0.013065 -0.000056     0.590738 0.026232 0.073078 0.103953 -0.552149 0.786580 0.256119     0.591010 0.025743 0.073233 0.103946 -0.552166 0.786566 0.256166     0.011671 -0.011509 0.001403 0.999861 0.006979 0.014802 0.003283     0.602691 0.014615 0.074367 0.095308 -0.550138 0.784409 0.270087     0.602786 0.014724 0.074269 0.093481 -0.550154 0.785028 0.268930     
0.596000 0.014000 0.063000 0.000000 -0.707100 0.707100 0.000000     0.586000 0.024000 0.068000 0.022874 0.680628 -0.732226 0.006945     -0.010321 0.009972 0.004541 0.999009 -0.021085 0.011264 -0.036484     0.591371 0.026039 0.077798 0.089492 -0.517445 0.810925 0.258112     0.591620 0.025572 0.077416 0.090264 -0.517944 0.809925 0.260015     0.009261 -0.009152 -0.003197 0.999228 0.012901 -0.014117 0.034316     0.600209 0.016986 0.074801 0.098689 -0.547363 0.787949 0.264141     0.602425 0.016491 0.074089 0.096364 -0.547963 0.786649 0.267646     
0.596000 0.014000 0.063000 0.000000 -0.707100 0.707100 0.000000     0.591000 0.004000 0.058000 0.014710 0.718531 -0.695184 0.014011     -0.007176 -0.010768 -0.005053 0.999618 -0.020308 0.000494 0.016508     0.595934 0.006568 0.067902 0.083995 -0.562226 0.781097 0.258291     0.593952 0.005994 0.067877 0.083980 -0.562204 0.781126 0.258296     0.006944 0.008739 0.003905 0.999862 0.011554 -0.003530 -0.011361     0.602863 0.014966 0.071897 0.096171 -0.553216 0.784096 0.264342     0.603028 0.015315 0.072093 0.095139 -0.552139 0.785362 0.263245     
0.596000 0.014000 0.063000 0.000000 -0.707100 0.707100 0.000000     0.591000 0.004000 0.063000 0.017344 -0.691459 0.721879 0.021318     -0.005904 -0.009537 -0.000060 0.999352 0.027337 0.002810 -0.021509     0.596126 0.005233 0.073060 0.118597 -0.526844 0.788958 0.293078     0.596039 0.005535 0.072540 0.120125 -0.527162 0.788154 0.294081     0.004054 0.008372 0.001078 0.999378 -0.029500 -0.001664 0.019227     0.600084 0.014392 0.074059 0.098659 -0.545673 0.786786 0.271025     0.601682 0.013762 0.074195 0.093427 -0.546424 0.786817 0.271315     
0.596000 0.014000 0.063000 0.000000 -0.707100 0.707100 0.000000     0.591000 0.004000 0.068000 0.029672 -0.719171 0.694168 -0.004997     -0.005249 -0.009859 0.004306 0.999352 0.017447 -0.024514 0.017679     0.595435 0.005813 0.078298 0.123951 -0.566034 0.767460 0.274274     0.595440 0.005518 0.077784 0.125336 -0.566654 0.766526 0.275013     0.004560 0.008272 -0.002443 0.999189 -0.021738 0.030098 -0.015559     0.600664 0.014376 0.075482 0.092714 -0.548074 0.785338 0.272476     0.603176 0.013661 0.075051 0.087855 -0.548950 0.783998 0.276192     
0.596000 0.014000 0.063000 0.000000 -0.707100 0.707100 0.000000     0.591000 0.009000 0.058000 0.024313 0.701539 -0.712176 -0.006126     -0.008117 -0.004935 -0.004583 0.999618 -0.012859 0.021523 -0.007522     0.596456 0.011175 0.067721 0.078115 -0.536892 0.794330 0.273248     0.593560 0.010621 0.068090 0.077966 -0.537867 0.792687 0.276167     0.007189 0.005498 0.002939 0.999608 0.008412 -0.024089 0.011517     0.603120 0.016626 0.070947 0.098589 -0.551755 0.783655 0.267790     0.605392 0.016228 0.070203 0.094898 -0.552461 0.782093 0.272235     
0.596000 0.014000 0.063000 0.000000 -0.707100 0.707100 0.000000     0.591000 0.009000 0.063000 0.024482 -0.708649 0.705066 0.008913     -0.005297 -0.004893 -0.000026 0.999618 0.023613 -0.011008 0.002534     0.595769 0.010548 0.073191 0.120880 -0.549997 0.775634 0.285066     0.595730 0.010338 0.073218 0.122131 -0.550069 0.774671 0.287040     0.004731 0.003705 0.000392 0.999598 -0.027251 0.007705 0.001558     0.600649 0.014818 0.073409 0.099424 -0.552082 0.783165 0.268241     0.602744 0.014052 0.073765 0.094942 -0.552894 0.781944 0.271769     
0.596000 0.014000 0.063000 0.000000 -0.707100 0.707100 0.000000     0.591000 0.009000 0.068000 0.008778 0.705215 -0.708770 0.014873     -0.005636 -0.005071 0.004650 0.999809 -0.016723 -0.004310 -0.002514     0.595925 0.011309 0.077971 0.094929 -0.548351 0.790205 0.256623     0.596285 0.011009 0.077810 0.095388 -0.549840 0.787985 0.260109     0.004673 0.004086 -0.003488 0.999866 0.014036 0.006702 0.005110     0.600709 0.015166 0.074478 0.096006 -0.549263 0.784331 0.271840     0.603372 0.014815 0.073967 0.090020 -0.549637 0.783103 0.276669     
0.596000 0.014000 0.063000 0.000000 -0.707100 0.707100 0.000000     0.591000 0.014000 0.058000 0.034616 0.725060 -0.687794 -0.003161     -0.008660 0.000298 -0.005025 0.999009 -0.022241 0.026711 0.026351     0.596400 0.016711 0.067617 0.059618 -0.562669 0.778379 0.271949     0.592882 0.016587 0.067539 0.059645 -0.562770 0.778175 0.272352     0.009126 -0.001933 0.003520 0.999287 0.021126 -0.022932 -0.021282     0.605179 0.014142 0.071478 0.095100 -0.550679 0.782686 0.274027     0.607781 0.013289 0.070569 0.093130 -0.550965 0.781063 0.278756     
0.596000 0.014000 0.063000 0.000000 -0.707100 0.707100 0.000000     0.591000 0.014000 0.063000 0.004902 0.711518 -0.702628 -0.003551     -0.005107 0.000036 -0.000085 0.999923 -0.000956 0.005977 0.006286     0.596093 0.016083 0.072936 0.093104 -0.550940 0.782211 0.275543     0.596402 0.015898 0.072932 0.093994 -0.551051 0.781100 0.278193     0.006496 -0.000850 0.000680 0.999957 -0.003142 -0.006515 -0.005725     0.602483 0.015238 0.073669 0.098043 -0.548526 0.785590 0.268950     0.604563 0.014700 0.072830 0.096332 -0.548858 0.783788 0.274139     
0.596000 0.014000 0.063000 0.000000 -0.707100 0.707100 0.000000     0.591000 0.014000 0.068000 -0.000000 0.707100 -0.707100 -0.000000     -0.005114 0.000024 0.004310 0.999961 0.000000 0.000000 0.000000     0.596000 0.016000 0.078000 0.100035 -0.547560 0.784824 0.272401     0.595822 0.015685 0.077490 0.101391 -0.547835 0.784280 0.272950     0.005024 -0.000544 -0.002565 0.999973 -0.003315 -0.001534 0.006354     0.600967 0.015585 0.075436 0.097690 -0.553282 0.782073 0.269588     0.603670 0.014959 0.074811 0.090433 -0.554933 0.780203 0.274144     
0.596000 0.014000 0.063000 0.000000 -0.707100 0.707100 0.000000     0.591000 0.019000 0.058000 0.005476 -0.705123 0.709023 -0.006209     -0.007766 0.005115 -0.004888 0.999923 -0.000518 -0.008263 -0.002757     0.595845 0.020983 0.068079 0.106983 -0.547678 0.785619 0.267184     0.593005 0.020732 0.068030 0.107931 -0.547968 0.785160 0.267592     0.008369 -0.006411 0.004830 0.999945 -0.002663 0.009608 0.003271     0.604393 0.014658 0.072803 0.097097 -0.547935 0.785523 0.270689     0.605474 0.014170 0.072634 0.095759 -0.548119 0.784874 0.272705     
0.596000 0.014000 0.063000 0.000000 -0.707100 0.707100 0.000000     0.591000 0.019000 0.063000 0.033983 0.704662 -0.708676 0.007422     -0.005937 0.005376 0.000132 0.999352 -0.029276 0.018781 -0.002839     0.596383 0.021547 0.072672 0.069975 -0.542811 0.795754 0.259258     0.596747 0.021519 0.072085 0.071245 -0.543227 0.794970 0.260482     0.007305 -0.007682 0.002800 0.999625 0.020570 -0.016716 0.006932     0.603327 0.013534 0.075744 0.092619 -0.551018 0.785190 0.266940     0.605896 0.012751 0.075150 0.088700 -0.551465 0.783366 0.272682     
0.596000 0.014000 0.063000 0.000000 -0.707100 0.707100 0.000000     0.591000 0.019000 0.068000 0.027836 0.694018 -0.719321 -0.011089     -0.005206 0.004639 0.004903 0.999352 -0.011842 0.027523 -0.017891     0.596614 0.021043 0.077660 0.076761 -0.526871 0.800122 0.276223     0.596428 0.020492 0.077534 0.077935 -0.527398 0.799276 0.277373     0.005994 -0.004755 -0.002313 0.999436 0.008295 -0.026718 0.018573     0.602006 0.016322 0.075665 0.097336 -0.548178 0.785543 0.270053     0.604738 0.015750 0.075024 0.092380 -0.549036 0.783532 0.275869     
0.596000 0.014000 0.063000 0.000000 -0.707100 0.707100 0.000000     0.591000 0.024000 0.058000 0.007540 -0.696448 0.717537 0.005034     -0.007921 0.010309 -0.005194 0.999809 0.008891 -0.001772 -0.014912     0.596019 0.025672 0.068050 0.110341 -0.535366 0.790271 0.276876     0.593041 0.025642 0.067700 0.111414 -0.535821 0.789642 0.277397     0.008075 -0.010447 0.004862 0.999865 -0.006415 -0.000819 0.015122     0.604023 0.015505 0.072897 0.103352 -0.548179 0.783753 0.273000     0.606371 0.014858 0.072579 0.098486 -0.549128 0.782180 0.277405     
0.596000 0.014000 0.063000 0.000000 -0.707100 0.707100 0.000000     0.591000 0.024000 0.063000 0.022331 0.697296 -0.716419 0.001928     -0.005154 0.009568 -0.000042 0.999618 -0.017153 0.014426 -0.013521     0.596342 0.026200 0.072779 0.082968 -0.534546 0.798075 0.265392     0.596233 0.025540 0.072730 0.084285 -0.535364 0.796726 0.267411     0.005235 -0.010252 0.001940 0.999766 0.011810 -0.011061 0.014334     0.601297 0.015864 0.074884 0.094286 -0.547816 0.786174 0.270032     0.602990 0.015409 0.074777 0.091749 -0.548283 0.785096 0.273114     
0.596000 0.014000 0.063000 0.000000 -0.707100 0.707100 0.000000     0.591000 0.024000 0.068000 -0.000000 0.707100 -0.707100 -0.000000     -0.005870 0.010430 0.004965 0.999961 0.000000 0.000000 0.000000     0.596000 0.026000 0.078000 0.100035 -0.547560 0.784824 0.272401     0.595447 0.026013 0.077755 0.101444 -0.547656 0.784599 0.272373     0.004717 -0.012060 -0.003570 0.999980 -0.001690 -0.000305 0.006108     0.600686 0.014034 0.074426 0.097683 -0.552595 0.781894 0.271513     0.602989 0.013293 0.074167 0.093551 -0.553655 0.779991 0.276276     
0.596000 0.014000 0.063000 0.000000 -0.707100 0.707100 0.000000     0.596000 0.004000 0.058000 0.032317 0.697388 -0.715950 -0.001130     -0.000329 -0.010459 -0.005082 0.999352 -0.022052 0.023650 -0.013125     0.601522 0.006296 0.067656 0.072912 -0.532689 0.799906 0.266565     0.601229 0.005514 0.067591 0.073998 -0.533012 0.798781 0.269020     0.000244 0.010117 0.005164 0.999442 0.017413 -0.023093 0.016722     0.601238 0.016247 0.073140 0.096161 -0.550654 0.784226 0.269263     0.603573 0.015533 0.072314 0.095211 -0.550940 0.782533 0.273937     
0.596000 0.014000 0.063000 0.000000 -0.707100 0.707100 0.000000     0.596000 0.004000 0.063000 0.025715 -0.703572 0.710144 -0.001537     -0.000020 -0.010300 -0.000375 0.999618 0.017096 -0.019269 -0.004647     0.600626 0.005609 0.073247 0.125751 -0.547264 0.780515 0.274709     0.600598 0.005091 0.072870 0.127485 -0.548032 0.779238 0.276038     0.000291 0.009261 0.002108 0.999557 -0.022601 0.018267 0.006490     0.601263 0.015390 0.075095 0.097287 -0.549911 0.785123 0.267760     0.602850 0.014855 0.074832 0.094813 -0.550377 0.784220 0.270360     
0.596000 0.014000 0.063000 0.000000 -0.707100 0.707100 0.000000     0.596000 0.004000 0.068000 0.013296 0.692047 -0.721669 0.008349     -0.000127 -0.010107 0.004379 0.999618 -0.015305 0.003498 -0.020945     0.601155 0.006092 0.077902 0.094579 -0.531512 0.800543 0.260116     0.601534 0.005457 0.077584 0.095098 -0.531992 0.799384 0.262537     0.000773 0.008260 -0.003475 0.999679 0.006023 -0.003879 0.024319     0.601746 0.014479 0.074492 0.094531 -0.551248 0.785427 0.265093     0.604657 0.014021 0.073830 0.087289 -0.552736 0.783699 0.269592     
0.596000 0.014000 0.063000 0.000000 -0.707100 0.707100 0.000000     0.596000 0.009000 0.058000 0.003907 0.718881 -0.694834 -0.019514     -0.000465 -0.004679 -0.005121 0.999618 0.011036 0.016561 0.017004     0.601262 0.010955 0.067874 0.088413 -0.555102 0.773895 0.291739     0.600702 0.010955 0.067555 0.089384 -0.555497 0.773471 0.291850     -0.000027 0.003151 0.003783 0.999698 -0.012605 -0.016408 -0.013294     0.600962 0.014220 0.071774 0.097966 -0.550547 0.783267 0.271612     0.602146 0.014133 0.072018 0.095285 -0.549360 0.785561 0.268363     
0.596000 0.014000 0.063000 0.000000 -0.707100 0.707100 0.000000     0.596000 0.009000 0.063000 0.002005 -0.682814 0.730525 0.008705     -0.000015 -0.004666 -0.000569 0.999352 0.007573 0.004738 -0.033735     0.601213 0.010504 0.072978 0.109592 -0.518701 0.801230 0.277399     0.601436 0.010328 0.072615 0.110861 -0.518727 0.800423 0.279204     0.001364 0.004033 0.001136 0.999380 -0.008659 -0.006328 0.033540     0.602332 0.015051 0.074148 0.100799 -0.547957 0.785044 0.270682     0.604431 0.014350 0.073518 0.096456 -0.549125 0.783284 0.275000     
0.596000 0.014000 0.063000 0.000000 -0.707100 0.707100 0.000000     0.596000 0.009000 0.068000 0.034646 -0.708362 0.704976 -0.003450     -0.001003 -0.004583 0.005035 0.999352 0.022058 -0.026937 0.002395     0.600443 0.010574 0.078333 0.132541 -0.554237 0.774331 0.275037     0.600637 0.010732 0.077594 0.133939 -0.554322 0.773724 0.275932     0.000751 0.003746 -0.003525 0.999288 -0.022952 0.029932 0.000601     0.601801 0.014791 0.074441 0.096384 -0.549117 0.783727 0.273739     0.603867 0.014255 0.074112 0.093060 -0.549779 0.782487 0.277124     
0.596000 0.014000 0.063000 0.000000 -0.707100 0.707100 0.000000     0.596000 0.014000 0.058000 0.001621 -0.710798 0.703348 0.006765     -0.000277 -0.000335 -0.004980 0.999923 0.005930 0.003637 0.005268     0.601052 0.015934 0.067987 0.098988 -0.550089 0.780658 0.279564     0.600816 0.015279 0.067998 0.099965 -0.550431 0.779720 0.281191     0.000173 -0.001064 0.004514 0.999949 -0.009483 -0.003185 -0.001117     0.601166 0.015049 0.072494 0.096566 -0.551019 0.783569 0.270284     0.602311 0.014894 0.072706 0.092883 -0.551129 0.784599 0.268393     
0.596000 0.014000 0.063000 0.000000 -0.707100 0.707100 0.000000     0.596000 0.014000 0.063000 0.006233 -0.722688 0.691028 0.012049     -0.000063 -0.000349 -0.000345 0.999618 0.012927 0.004113 0.022387     0.600993 0.015965 0.073010 0.097753 -0.562529 0.769187 0.286945     0.600903 0.015220 0.072648 0.098569 -0.562602 0.768770 0.287675     0.000247 -0.001112 0.000904 0.999579 -0.017339 -0.005207 -0.022656     0.601229 0.014974 0.073895 0.098463 -0.548055 0.786074 0.268344     0.601606 0.015258 0.074140 0.095574 -0.546696 0.788724 0.264393     
0.596000 0.014000 0.063000 0.000000 -0.707100 0.707100 0.000000     0.596000 0.014000 0.068000 0.025172 -0.706073 0.707265 0.024158     -0.000130 -0.000287 0.004807 0.999352 0.034881 -0.000716 -0.000843     0.600988 0.015289 0.078122 0.119866 -0.543270 0.775234 0.299135     0.600878 0.014618 0.077901 0.120713 -0.543385 0.774714 0.299965     0.001999 -0.000728 -0.003965 0.999364 -0.035528 0.001124 0.002678     0.603001 0.015303 0.074028 0.098815 -0.548924 0.784049 0.272334     0.604377 0.014779 0.073777 0.094376 -0.549385 0.784081 0.272920     
0.596000 0.014000 0.063000 0.000000 -0.707100 0.707100 0.000000     0.596000 0.019000 0.058000 0.011432 0.715366 -0.698619 0.005800     -0.000211 0.004464 -0.005236 0.999809 -0.012185 0.003982 0.011842     0.601028 0.021361 0.067907 0.086996 -0.556905 0.781938 0.266162     0.600858 0.020751 0.067661 0.088191 -0.557115 0.781398 0.266949     -0.000082 -0.004903 0.004559 0.999856 0.008958 -0.000773 -0.014426     0.600994 0.016135 0.072513 0.096416 -0.544970 0.787407 0.271443     0.603021 0.015848 0.072445 0.092370 -0.544355 0.787482 0.273892     
0.596000 0.014000 0.063000 0.000000 -0.707100 0.707100 0.000000     0.596000 0.019000 0.063000 0.009232 -0.700866 0.712849 -0.022983     -0.000046 0.005286 -0.000524 0.999618 -0.009723 -0.022778 -0.008473     0.600575 0.021115 0.073178 0.114862 -0.547900 0.789565 0.251356     0.600588 0.021045 0.072699 0.115711 -0.548114 0.789142 0.251867     0.000501 -0.006047 0.001634 0.999679 0.004334 0.022337 0.011115     0.601479 0.015087 0.074617 0.096770 -0.550388 0.784698 0.268213     0.600702 0.014666 0.074368 0.098754 -0.550985 0.784302 0.267458     
0.596000 0.014000 0.063000 0.000000 -0.707100 0.707100 0.000000     0.596000 0.019000 0.068000 0.027231 -0.691336 0.722003 -0.002488     -0.000525 0.005203 0.004969 0.999352 0.017495 -0.021014 -0.021684     0.600648 0.020436 0.078263 0.131954 -0.534182 0.789352 0.272290     0.600542 0.020504 0.078120 0.133553 -0.534096 0.788829 0.273228     0.001232 -0.004693 -0.004405 0.999364 -0.018682 0.022063 0.020856     0.602256 0.016324 0.073580 0.098796 -0.546763 0.785707 0.271909     0.602852 0.015627 0.073567 0.097671 -0.546932 0.785103 0.273751     
0.596000 0.014000 0.063000 0.000000 -0.707100 0.707100 0.000000     0.596000 0.024000 0.058000 0.002020 0.705378 -0.708768 0.008144     -0.001076 0.010397 -0.004968 0.999923 -0.007187 -0.004330 -0.002397     0.600923 0.026120 0.068013 0.100147 -0.547556 0.787631 0.264139     0.601126 0.025977 0.067689 0.100926 -0.547700 0.787093 0.265186     0.002496 -0.010141 0.004525 0.999968 0.005771 0.004248 0.003685     0.603489 0.015900 0.072520 0.098984 -0.548741 0.784489 0.271371     0.605122 0.015212 0.072085 0.096522 -0.549651 0.783138 0.274340     
0.596000 0.014000 0.063000 0.000000 -0.707100 0.707100 0.000000     0.596000 0.024000 0.063000 0.000916 0.695687 -0.717651 0.031239     -0.000629 0.010485 -0.000688 0.999352 -0.022737 -0.021441 -0.015531     0.600635 0.026308 0.073109 0.108582 -0.543152 0.796899 0.241096     0.600728 0.026090 0.072883 0.109609 -0.543425 0.796146 0.242543     0.002686 -0.011568 0.001550 0.999369 0.018516 0.023269 0.019411     0.603703 0.014556 0.074516 0.095348 -0.550658 0.783916 0.270445     0.602567 0.015101 0.074804 0.096525 -0.550447 0.784548 0.268656     
0.596000 0.014000 0.063000 0.000000 -0.707100 0.707100 0.000000     0.596000 0.024000 0.068000 0.003712 -0.704823 0.709162 0.016775     -0.000422 0.009702 0.004953 0.999809 0.014486 0.009236 -0.003068     0.601196 0.025680 0.077959 0.101538 -0.541103 0.783362 0.288480     0.600962 0.025035 0.077891 0.102600 -0.541084 0.782953 0.289285     0.001302 -0.010008 -0.004118 0.999770 -0.018260 -0.010903 0.002836     0.602270 0.016065 0.073883 0.099357 -0.548200 0.785808 0.268497     0.604721 0.015621 0.073236 0.092092 -0.549324 0.784605 0.272320     
0.596000 0.014000 0.063000 0.000000 -0.707100 0.707100 0.000000     0.601000 0.004000 0.058000 0.006216 0.702761 -0.711385 -0.000569     0.001457 -0.010110 -0.005268 0.999923 -0.003993 0.004797 -0.006098     0.606120 0.006018 0.067935 0.095740 -0.541846 0.789701 0.271274     0.602454 0.005764 0.067665 0.096302 -0.542044 0.789462 0.271410     -0.000891 0.009867 0.004560 0.999945 0.000960 -0.003590 0.009817     0.605117 0.015965 0.072536 0.096427 -0.550450 0.783734 0.271011     0.606691 0.015750 0.072676 0.091839 -0.551191 0.784110 0.270047     
0.596000 0.014000 0.063000 0.000000 -0.707100 0.707100 0.000000     0.601000 0.004000 0.063000 0.006254 0.711239 -0.702745 0.015146     0.004079 -0.009608 0.000109 0.999809 -0.015131 -0.006288 0.006006     0.605848 0.006362 0.072996 0.095033 -0.555417 0.784909 0.257642     0.605991 0.006344 0.072403 0.096186 -0.555921 0.784072 0.258712     -0.004441 0.008622 -0.000144 0.999935 0.009023 0.005714 -0.004041     0.601539 0.014764 0.072837 0.096594 -0.549880 0.785320 0.267496     0.602060 0.014784 0.072914 0.095957 -0.548486 0.787428 0.264410     
0.596000 0.014000 0.063000 0.000000 -0.707100 0.707100 0.000000     0.601000 0.004000 0.068000 0.023783 0.714588 -0.699127 -0.000295     0.004879 -0.010235 0.004769 0.999618 -0.016608 0.017025 0.010932     0.606288 0.006441 0.077751 0.074566 -0.552976 0.784796 0.269689     0.606217 0.005900 0.077534 0.075469 -0.553342 0.784090 0.270776     -0.004494 0.009765 -0.003230 0.999707 0.011674 -0.018547 -0.010311     0.601474 0.015869 0.074764 0.098336 -0.548853 0.785737 0.267746     0.602877 0.015434 0.075002 0.099558 -0.548480 0.786136 0.266924     
0.596000 0.014000 0.063000 0.000000 -0.707100 0.707100 0.000000     0.601000 0.009000 0.058000 -0.000000 0.707100 -0.707100 -0.000000     0.001559 -0.004594 -0.004928 0.999961 0.000000 0.000000 0.000000     0.606000 0.011000 0.068000 0.100035 -0.547560 0.784824 0.272401     0.602555 0.011057 0.067929 0.100260 -0.547643 0.784674 0.272620     -0.000862 0.003550 0.004647 0.999992 -0.002466 0.003173 -0.000753     0.605204 0.014591 0.072606 0.096398 -0.546347 0.786219 0.272126     0.607353 0.013666 0.072368 0.091675 -0.547381 0.784838 0.275679     
0.596000 0.014000 0.063000 0.000000 -0.707100 0.707100 0.000000     0.601000 0.009000 0.063000 -0.000000 0.707100 -0.707100 -0.000000     0.005543 -0.005676 0.000059 0.999961 0.000000 0.000000 0.000000     0.606000 0.011000 0.073000 0.100035 -0.547560 0.784824 0.272401     0.606685 0.010526 0.073149 0.099392 -0.547758 0.784237 0.273960     -0.003694 0.005487 -0.001158 0.999987 -0.001416 0.003152 0.003866     0.602353 0.016555 0.071805 0.095731 -0.549870 0.783398 0.273399     0.603782 0.016500 0.071820 0.090770 -0.550855 0.782959 0.274400     
0.596000 0.014000 0.063000 0.000000 -0.707100 0.707100 0.000000     0.601000 0.009000 0.068000 0.015902 0.708198 -0.705787 -0.006985     0.003879 -0.005009 0.004906 0.999809 -0.006305 0.016183 0.001705     0.606313 0.011143 0.077807 0.083401 -0.545037 0.787107 0.276444     0.606214 0.010619 0.077721 0.083439 -0.546012 0.785271 0.279746     -0.002432 0.004053 -0.004089 0.999900 0.005102 -0.012433 0.004306     0.603617 0.015139 0.073868 0.094769 -0.551383 0.782235 0.274015     0.605113 0.015242 0.073895 0.093218 -0.551659 0.782104 0.274403     
0.596000 0.014000 0.063000 0.000000 -0.707100 0.707100 0.000000     0.601000 0.014000 0.058000 0.001341 0.705925 -0.708059 0.017335     0.001776 -0.000034 -0.004699 0.999809 -0.013206 -0.011309 -0.001509     0.605780 0.016250 0.068054 0.102075 -0.550694 0.787997 0.255652     0.602562 0.016029 0.068306 0.102446 -0.550876 0.787597 0.256380     -0.001240 0.000246 0.004208 0.999896 0.008804 0.009952 0.005608     0.604715 0.016374 0.072204 0.097636 -0.551613 0.783592 0.268616     0.605878 0.015809 0.071808 0.096926 -0.552097 0.782644 0.270670     
0.596000 0.014000 0.063000 0.000000 -0.707100 0.707100 0.000000     0.601000 0.014000 0.063000 0.006430 -0.703704 0.710442 -0.003479     0.004837 -0.000252 -0.000305 0.999923 0.002087 -0.007006 -0.004765     0.605878 0.015911 0.073077 0.107970 -0.545499 0.786134 0.269715     0.606107 0.015575 0.072287 0.109437 -0.546139 0.785143 0.270750     -0.003596 0.000298 0.000656 0.999946 -0.002004 0.007480 0.006926     0.602405 0.016318 0.073652 0.099123 -0.549114 0.783661 0.272954     0.604749 0.015515 0.073161 0.094400 -0.550518 0.781908 0.276837     
0.596000 0.014000 0.063000 0.000000 -0.707100 0.707100 0.000000     0.601000 0.014000 0.068000 -0.000000 0.707100 -0.707100 -0.000000     0.004934 -0.000228 0.004796 0.999961 0.000000 0.000000 0.000000     0.606000 0.016000 0.078000 0.100035 -0.547560 0.784824 0.272401     0.606009 0.015468 0.077832 0.101482 -0.548564 0.783180 0.274607     -0.004249 0.001126 -0.004739 0.999994 -0.002351 0.001209 0.002296     0.601765 0.017196 0.073240 0.097172 -0.549264 0.784324 0.271446     0.602967 0.017014 0.073474 0.092750 -0.549831 0.785315 0.269005     
0.596000 0.014000 0.063000 0.000000 -0.707100 0.707100 0.000000     0.601000 0.019000 0.058000 0.002440 -0.709612 0.704103 0.025770     0.001174 0.004939 -0.005055 0.999618 0.019947 0.016497 0.003895     0.606314 0.020643 0.067902 0.096914 -0.543940 0.778639 0.297386     0.602455 0.020382 0.067734 0.097226 -0.544062 0.778477 0.297517     -0.000509 -0.003928 0.004252 0.999631 -0.020701 -0.016592 -0.005860     0.605496 0.017066 0.072250 0.100280 -0.546117 0.786087 0.271565     0.606727 0.016695 0.072170 0.096575 -0.546126 0.786533 0.271633     
0.596000 0.014000 0.063000 0.000000 -0.707100 0.707100 0.000000     0.601000 0.019000 0.063000 0.011431 0.714298 -0.699687 0.008196     0.005402 0.004721 0.000057 0.999809 -0.013878 0.002288 0.010331     0.606000 0.021380 0.072916 0.087810 -0.556350 0.783057 0.263754     0.606440 0.021193 0.073010 0.087809 -0.556357 0.783063 0.263761     -0.003600 -0.005261 0.000242 0.999929 0.008088 -0.003597 -0.008040     0.602365 0.015877 0.073230 0.097240 -0.550253 0.785025 0.267361     0.604319 0.014951 0.073153 0.097152 -0.550233 0.785072 0.267333     
0.596000 0.014000 0.063000 0.000000 -0.707100 0.707100 0.000000     0.601000 0.019000 0.068000 0.021508 -0.691205 0.722133 0.016646     0.004158 0.005129 0.004840 0.999352 0.026978 -0.003438 -0.021868     0.606002 0.020238 0.078122 0.123402 -0.528300 0.788628 0.289339     0.605406 0.020135 0.077798 0.125222 -0.528829 0.788108 0.289043     -0.003623 -0.004111 -0.004010 0.999337 -0.025625 0.004940 0.025372     0.602395 0.016897 0.073979 0.098546 -0.549692 0.782725 0.274680     0.603831 0.016519 0.073873 0.094280 -0.550250 0.782967 0.274407     
0.596000 0.014000 0.063000 0.000000 -0.707100 0.707100 0.000000     0.601000 0.024000 0.058000 0.012678 -0.723051 0.690665 -0.000246     0.001820 0.009936 -0.005165 0.999618 0.008790 -0.009139 0.022900     0.605723 0.026046 0.068124 0.105748 -0.566955 0.768707 0.276494     0.602538 0.025791 0.067902 0.106479 -0.567426 0.767950 0.277386     -0.000761 -0.009526 0.004741 0.999692 -0.010475 0.007520 -0.021222     0.605200 0.016526 0.072749 0.099864 -0.549496 0.784193 0.270376     0.606707 0.015882 0.072605 0.095766 -0.549744 0.784239 0.271254     
0.596000 0.014000 0.063000 0.000000 -0.707100 0.707100 0.000000     0.601000 0.024000 0.063000 0.005830 -0.702516 0.711630 -0.000798     0.005340 0.009530 -0.000035 0.999923 0.003558 -0.004687 -0.006444     0.605931 0.025865 0.073060 0.107413 -0.543402 0.786885 0.271972     0.606468 0.025833 0.073129 0.107409 -0.543405 0.786895 0.271975     -0.003477 -0.010046 0.000410 0.999959 -0.004199 0.004246 0.006734     0.602513 0.015970 0.073412 0.099954 -0.547976 0.784791 0.271688     0.603289 0.015874 0.073770 0.097495 -0.548507 0.784595 0.272111     
0.596000 0.014000 0.063000 0.000000 -0.707100 0.707100 0.000000     0.601000 0.024000 0.068000 0.006615 -0.706499 0.707486 0.016135     0.005316 0.009646 0.005245 0.999809 0.016086 0.006731 -0.000698     0.606137 0.025671 0.077991 0.103735 -0.543486 0.781378 0.288601     0.606483 0.025336 0.078227 0.103734 -0.543492 0.781385 0.288607     -0.004368 -0.010017 -0.002997 0.999932 -0.009778 -0.006277 -0.000161     0.601644 0.015848 0.075023 0.103365 -0.546149 0.783583 0.277514     0.603860 0.015932 0.074115 0.099596 -0.546902 0.782634 0.280111     
0.596000 0.014000 0.063000 0.000000 -0.707100 0.707100 0.000000     0.606000 0.004000 0.058000 0.027356 -0.730342 0.682512 -0.003226     0.006591 -0.009929 -0.004998 0.999009 0.017063 -0.021624 0.033820     0.610427 0.005973 0.068272 0.117042 -0.577766 0.758747 0.277076     0.607128 0.005775 0.068174 0.117275 -0.578006 0.758247 0.277879     -0.005211 0.009820 0.002658 0.999081 -0.019196 0.020134 -0.032611     0.605756 0.015876 0.070663 0.099602 -0.549159 0.784566 0.270073     0.606828 0.015496 0.070344 0.096129 -0.549483 0.785417 0.268232     
0.596000 0.014000 0.063000 0.000000 -0.707100 0.707100 0.000000     0.606000 0.004000 0.063000 0.030604 -0.716369 0.696485 0.027719     0.009645 -0.010213 -0.000206 0.999009 0.041239 -0.002039 0.014059     0.610912 0.005307 0.073157 0.120292 -0.554503 0.764941 0.304798     0.610625 0.004611 0.072948 0.121316 -0.554485 0.764570 0.305387     -0.008242 0.008857 0.000115 0.999323 -0.034236 0.007030 -0.011529     0.602849 0.014739 0.073092 0.099363 -0.547284 0.782096 0.280915     0.603691 0.015115 0.073434 0.095139 -0.545976 0.784131 0.279280     
0.596000 0.014000 0.063000 0.000000 -0.707100 0.707100 0.000000     0.606000 0.004000 0.068000 0.019974 -0.705004 0.708712 -0.016714     0.009801 -0.010163 0.004182 0.999618 0.002305 -0.025942 -0.002622     0.610485 0.005928 0.078255 0.122337 -0.552151 0.782768 0.259649     0.610720 0.005249 0.077948 0.123044 -0.552505 0.781719 0.261752     -0.009137 0.008742 -0.003845 0.999541 -0.008644 0.028335 0.006332     0.601895 0.014906 0.074105 0.093685 -0.550554 0.784623 0.269184     0.604060 0.014159 0.073937 0.088581 -0.551465 0.783403 0.272614     
0.596000 0.014000 0.063000 0.000000 -0.707100 0.707100 0.000000     0.606000 0.009000 0.058000 -0.000000 0.707100 -0.707100 -0.000000     0.006658 -0.004841 -0.004711 0.999961 0.000000 0.000000 0.000000     0.611000 0.011000 0.068000 0.100035 -0.547560 0.784824 0.272401     0.607819 0.010184 0.068226 0.099567 -0.548493 0.782838 0.276417     -0.005670 0.004230 0.002514 0.999996 0.000126 -0.000346 0.002919     0.605311 0.015256 0.070518 0.099580 -0.549930 0.783153 0.272602     0.606380 0.015450 0.070213 0.095888 -0.550499 0.784404 0.269197     
0.596000 0.014000 0.063000 0.000000 -0.707100 0.707100 0.000000     0.606000 0.009000 0.063000 0.000671 -0.718655 0.695330 -0.005665     0.010162 -0.005390 -0.000004 0.999809 -0.003531 -0.004480 0.016493     0.610840 0.011233 0.073029 0.097109 -0.561995 0.776187 0.268785     0.611025 0.010581 0.073025 0.098154 -0.562821 0.774518 0.271513     -0.008830 0.003174 0.000082 0.999878 -0.002946 0.003594 -0.014906     0.602148 0.014320 0.073062 0.096658 -0.549676 0.785610 0.267038     0.602808 0.014479 0.073278 0.094722 -0.548485 0.787858 0.263574     
0.596000 0.014000 0.063000 0.000000 -0.707100 0.707100 0.000000     0.606000 0.009000 0.068000 0.001360 -0.692106 0.720748 -0.038608     0.009934 -0.004867 0.004577 0.999009 -0.026338 -0.028260 -0.020253     0.610518 0.011338 0.078155 0.113214 -0.541476 0.799515 0.233970     0.610648 0.011008 0.077812 0.114358 -0.541846 0.798680 0.235446     -0.008896 0.003572 -0.004151 0.999308 0.018024 0.024846 0.021007     0.602028 0.014746 0.073850 0.098116 -0.550043 0.786183 0.264050     0.602023 0.014188 0.074642 0.096762 -0.548749 0.786943 0.265013     
0.596000 0.014000 0.063000 0.000000 -0.707100 0.707100 0.000000     0.606000 0.014000 0.058000 0.005322 -0.693653 0.719685 0.029169     0.007148 0.000046 -0.004595 0.999352 0.024388 0.016862 -0.018407     0.611397 0.015323 0.067906 0.105108 -0.525747 0.789469 0.298768     0.608527 0.015018 0.068103 0.105303 -0.525933 0.788795 0.300180     -0.007006 -0.000887 0.002620 0.999528 -0.021471 -0.016291 0.014740     0.604019 0.015017 0.070626 0.102227 -0.544260 0.786049 0.274660     0.605332 0.015354 0.069984 0.101457 -0.544357 0.786452 0.273634     
0.596000 0.014000 0.063000 0.000000 -0.707100 0.707100 0.000000     0.606000 0.014000 0.063000 0.031811 0.698709 -0.714629 -0.008905     0.009451 -0.000131 -0.000249 0.999352 -0.016196 0.028790 -0.011257     0.611613 0.016199 0.072626 0.071576 -0.532169 0.797802 0.274162     0.610856 0.015930 0.072431 0.072917 -0.532492 0.797322 0.274616     -0.008251 -0.000627 0.000388 0.999465 0.011439 -0.027087 0.014343     0.602769 0.015500 0.073352 0.095303 -0.549935 0.784667 0.269753     0.604110 0.014842 0.073437 0.095718 -0.549814 0.784839 0.269387     
0.596000 0.014000 0.063000 0.000000 -0.707100 0.707100 0.000000     0.606000 0.014000 0.068000 -0.000000 0.707100 -0.707100 -0.000000     0.009986 -0.000441 0.005126 0.999961 0.000000 0.000000 0.000000     0.611000 0.016000 0.078000 0.100035 -0.547560 0.784824 0.272401     0.611056 0.015337 0.078124 0.101009 -0.548480 0.783214 0.274850     -0.008459 0.000932 -0.005023 0.999991 -0.003623 -0.000955 -0.001960     0.602530 0.016985 0.072972 0.099334 -0.546639 0.786781 0.268837     0.603174 0.017227 0.073147 0.095808 -0.547244 0.788233 0.264636     
0.596000 0.014000 0.063000 0.000000 -0.707100 0.707100 0.000000     0.606000 0.019000 0.058000 0.022611 0.687927 -0.725411 -0.002041     0.007534 0.003366 -0.004409 0.999352 -0.014545 0.017431 -0.026504     0.611451 0.021010 0.067759 0.085548 -0.523131 0.804565 0.267713     0.608986 0.019399 0.068325 0.086338 -0.524027 0.803650 0.268492     -0.005592 -0.005389 0.004256 0.999362 0.012794 -0.019961 0.026694     0.605356 0.015646 0.072275 0.101099 -0.548524 0.784955 0.269678     0.606632 0.014922 0.072021 0.101151 -0.548512 0.784972 0.269670     
0.596000 0.014000 0.063000 0.000000 -0.707100 0.707100 0.000000     0.606000 0.019000 0.063000 0.030737 0.708956 -0.703898 0.030742     0.010128 0.004803 0.000205 0.999009 -0.043471 -0.000004 0.003576     0.610982 0.021897 0.072787 0.075164 -0.554196 0.793960 0.238380     0.611301 0.021136 0.072846 0.076046 -0.554599 0.792947 0.240564     -0.009051 -0.003744 -0.001343 0.999169 0.040655 -0.002151 0.001903     0.601879 0.017366 0.071669 0.098887 -0.552703 0.782393 0.269411     0.603290 0.017277 0.071680 0.097458 -0.552883 0.781887 0.271063     
0.596000 0.014000 0.063000 0.000000 -0.707100 0.707100 0.000000     0.606000 0.019000 0.068000 0.000489 0.729191 -0.684147 -0.014257     0.009201 0.005190 0.004864 0.999352 0.009735 0.010426 0.031850     0.611076 0.021127 0.077935 0.088445 -0.568410 0.765297 0.288772     0.610296 0.021212 0.077666 0.089681 -0.568407 0.765029 0.289139     -0.008862 -0.005645 -0.003541 0.999410 -0.007009 -0.013101 -0.030963     0.602079 0.015312 0.074497 0.103376 -0.548781 0.783310 0.273052     0.602431 0.015789 0.075000 0.102214 -0.547780 0.785180 0.270150     
0.596000 0.014000 0.063000 0.000000 -0.707100 0.707100 0.000000     0.606000 0.024000 0.058000 0.017471 -0.695320 0.718396 -0.010664     0.007492 0.010410 -0.004794 0.999618 0.004814 -0.019894 -0.016317     0.610659 0.025745 0.068210 0.122695 -0.539503 0.790189 0.263560     0.608050 0.025778 0.068276 0.123566 -0.539809 0.789799 0.263734     -0.007223 -0.009969 0.003485 0.999700 -0.006412 0.016239 0.017151     0.603700 0.016070 0.071515 0.101846 -0.549401 0.784381 0.269280     0.605830 0.015322 0.071083 0.098231 -0.550414 0.782511 0.273994     
0.596000 0.014000 0.063000 0.000000 -0.707100 0.707100 0.000000     0.606000 0.024000 0.063000 0.019738 0.692458 -0.720880 0.020602     0.010046 0.010025 -0.000251 0.999352 -0.028524 -0.000611 -0.020097     0.611076 0.026365 0.072882 0.090308 -0.534474 0.803060 0.247503     0.611477 0.026209 0.072864 0.090844 -0.534450 0.801883 0.251185     -0.009156 -0.008323 0.001082 0.999547 0.023007 -0.002179 0.019269     0.601790 0.017777 0.074088 0.099545 -0.548167 0.786506 0.266442     0.602747 0.017460 0.074184 0.098470 -0.548403 0.785800 0.268469     
0.596000 0.014000 0.063000 0.000000 -0.707100 0.707100 0.000000     0.606000 0.024000 0.068000 0.030494 -0.702273 0.710581 0.030630     0.009905 0.009705 0.004765 0.999009 0.043220 0.000096 -0.005875     0.611020 0.025070 0.078132 0.125131 -0.538078 0.775530 0.305528     0.610938 0.024581 0.077887 0.126533 -0.538546 0.774572 0.306589     -0.007979 -0.007981 -0.005023 0.999023 -0.044015 -0.000109 0.003870     0.603027 0.018015 0.072975 0.100227 -0.546095 0.786124 0.271520     0.604071 0.018031 0.072981 0.096451 -0.546224 0.787003 0.270117     
