0.596000 0.014000 0.063000 0.000000 -0.707100 0.707100 0.000000     0.596000 0.014000 0.063000 -0.000000 0.707100 -0.707100 -0.000000     -0.000502 0.000539 0.000305 0.999961 0.000000 0.000000 0.000000     0.601000 0.016000 0.073000 0.100035 -0.547560 0.784824 0.272401     0.600859 0.016176 0.072995 0.100337 -0.547436 0.784837 0.272539     -0.000180 0.000656 -0.000674 0.999991 0.000665 0.000482 -0.004191     0.600846 0.016601 0.072324 0.101161 -0.544068 0.786979 0.272765     0.599723 0.017570 0.072203 0.100952 -0.544112 0.786950 0.272874     
0.596000 0.014000 0.063000 0.000000 -0.707100 0.707100 0.000000     0.586000 0.004000 0.059500 0.007188 0.703607 -0.710539 -0.000676     -0.010371 -0.009574 -0.003540 0.999923 -0.004604 0.005561 -0.004901     0.591131 0.006042 0.069425 0.094480 -0.542638 0.789289 0.271332     0.590976 0.006141 0.069419 0.095548 -0.542329 0.789166 0.271968     0.010452 0.012336 0.002225 0.999977 0.002579 -0.005327 -0.003199     0.601489 0.018294 0.071714 0.100950 -0.541302 0.789804 0.270168     0.600127 0.018869 0.071474 0.100928 -0.541242 0.790177 0.269240     
0.596000 0.014000 0.063000 0.000000 -0.707100 0.707100 0.000000     0.586000 0.004000 0.063000 0.002965 0.703472 -0.710674 -0.006436     -0.010464 -0.009660 -0.000009 0.999923 0.002454 0.006647 -0.005093     0.591152 0.005899 0.072942 0.097545 -0.541485 0.787579 0.277447     0.590851 0.006019 0.072877 0.098150 -0.541391 0.787514 0.277641     0.010469 0.012111 -0.000693 0.999982 -0.002002 -0.005572 0.000666     0.601508 0.018058 0.072298 0.100662 -0.543742 0.787217 0.272914     0.600210 0.018801 0.072222 0.100371 -0.543820 0.787446 0.272240     
0.596000 0.014000 0.063000 0.000000 -0.707100 0.707100 0.000000     0.586000 0.004000 0.066500 0.014522 -0.696051 0.717664 0.015517     -0.010649 -0.009597 0.003100 0.999618 0.021240 0.000703 -0.015283     0.591066 0.005420 0.076566 0.115242 -0.533061 0.787208 0.287834     0.590700 0.005604 0.076299 0.115838 -0.533073 0.787102 0.287897     0.010992 0.010392 -0.001544 0.999655 -0.024207 -0.002907 0.009768     0.601966 0.016396 0.074968 0.101775 -0.544194 0.788362 0.268255     0.600604 0.017023 0.074983 0.102077 -0.544177 0.788375 0.268174     
0.596000 0.014000 0.063000 0.000000 -0.707100 0.707100 0.000000     0.586000 0.009000 0.059500 0.002768 0.711679 -0.702468 0.005106     -0.010592 -0.004749 -0.003806 0.999923 -0.005567 -0.001653 0.006513     0.590940 0.011176 0.069493 0.096505 -0.553658 0.782579 0.267768     0.590921 0.011240 0.069331 0.097305 -0.553658 0.782357 0.268162     0.011437 0.007712 0.002321 0.999892 0.005581 0.001039 -0.013545     0.602454 0.018642 0.071827 0.102399 -0.542181 0.788600 0.271374     0.601051 0.019110 0.071580 0.102664 -0.542206 0.788574 0.271337     
0.596000 0.014000 0.063000 0.000000 -0.707100 0.707100 0.000000     0.586000 0.009000 0.063000 0.007010 0.704558 -0.709588 0.003790     -0.010683 -0.004531 -0.000326 0.999923 -0.007636 0.002277 -0.003557     0.591060 0.011117 0.072946 0.095031 -0.544891 0.789050 0.267289     0.590562 0.011403 0.072818 0.095474 -0.544822 0.789043 0.267329     0.011153 0.006852 -0.000936 0.999945 0.010219 -0.002192 0.000242     0.602168 0.017767 0.072073 0.102259 -0.544667 0.785935 0.274166     0.600799 0.018373 0.072152 0.102367 -0.544660 0.785944 0.274152     
0.596000 0.014000 0.063000 0.000000 -0.707100 0.707100 0.000000     0.586000 0.009000 0.066500 0.003262 0.711520 -0.702627 0.005096     -0.010367 -0.004774 0.003312 0.999923 -0.005910 -0.001297 0.006288     0.590948 0.011181 0.076488 0.096100 -0.553419 0.782831 0.267672     0.590780 0.011283 0.076407 0.097055 -0.553350 0.782588 0.268218     0.010312 0.006674 -0.002769 0.999928 0.005651 0.000718 -0.010535     0.601318 0.017636 0.073736 0.101478 -0.544397 0.787162 0.271462     0.600095 0.018408 0.073362 0.102264 -0.544328 0.787119 0.271465     
0.596000 0.014000 0.063000 0.000000 -0.707100 0.707100 0.000000     0.586000 0.014000 0.059500 0.008995 0.723741 -0.689597 -0.023540     -0.010523 -0.000785 -0.003326 0.999352 0.010285 0.023005 0.024143     0.591358 0.016046 0.069303 0.080974 -0.558879 0.770625 0.295320     0.590956 0.015112 0.069358 0.081447 -0.559295 0.769847 0.296463     0.009721 0.000280 0.002800 0.999329 -0.011479 -0.022889 -0.026176     0.600732 0.016282 0.072294 0.099873 -0.546022 0.786274 0.271364     0.599501 0.017073 0.072018 0.100484 -0.545936 0.786108 0.271829     
0.596000 0.014000 0.063000 0.000000 -0.707100 0.707100 0.000000     0.586000 0.014000 0.063000 0.004990 0.703484 -0.710662 0.005049     -0.010582 0.000370 -0.000458 0.999923 -0.007098 -0.000042 -0.005075     0.591020 0.016091 0.072971 0.097559 -0.544277 0.789503 0.266289     0.590751 0.016302 0.072684 0.098521 -0.544169 0.789408 0.266476     0.010652 0.001101 0.000403 0.999964 0.006883 -0.004106 0.002610     0.601579 0.017080 0.073443 0.103849 -0.546741 0.785820 0.269734     0.600196 0.017660 0.073408 0.104185 -0.546725 0.786365 0.268080     
0.596000 0.014000 0.063000 0.000000 -0.707100 0.707100 0.000000     0.586000 0.014000 0.066500 0.005212 -0.710958 0.703189 -0.004337     -0.010944 0.000451 0.003368 0.999923 0.000618 -0.006752 0.005493     0.590842 0.016042 0.076569 0.104172 -0.553628 0.780942 0.269729     0.591244 0.016006 0.076205 0.104368 -0.553558 0.780264 0.271789     0.010841 0.001048 -0.002158 0.999937 0.000672 0.005680 -0.009698     0.601836 0.016981 0.074358 0.102718 -0.544417 0.786672 0.272371     0.600639 0.017835 0.074176 0.102747 -0.544538 0.786500 0.272651     
0.596000 0.014000 0.063000 0.000000 -0.707100 0.707100 0.000000     0.586000 0.019000 0.059500 0.009011 -0.722289 0.691050 -0.025472     -0.010707 0.005317 -0.003430 0.999352 -0.011639 -0.024382 0.022089     0.590409 0.021443 0.069678 0.106719 -0.572369 0.772982 0.251959     0.590034 0.021617 0.069621 0.107507 -0.572257 0.772886 0.252211     0.009741 -0.006058 0.002441 0.999569 0.010625 0.016256 -0.022035     0.600578 0.014966 0.072016 0.105741 -0.549860 0.784318 0.267015     0.599284 0.015717 0.071909 0.105830 -0.549932 0.784568 0.266135     
0.596000 0.014000 0.063000 0.000000 -0.707100 0.707100 0.000000     0.586000 0.019000 0.063000 0.007998 0.708907 -0.705239 0.002335     -0.010962 0.005500 -0.000218 0.999923 -0.007307 0.004004 0.002593     0.591069 0.021172 0.072929 0.092181 -0.549215 0.785765 0.269108     0.590341 0.021509 0.072861 0.092964 -0.549116 0.785775 0.269049     0.011065 -0.005471 0.001307 0.999975 0.004256 -0.004962 -0.002529     0.602045 0.015591 0.074304 0.099095 -0.548157 0.785532 0.269487     0.600993 0.016566 0.073925 0.099858 -0.548111 0.785171 0.270388     
0.596000 0.014000 0.063000 0.000000 -0.707100 0.707100 0.000000     0.586000 0.019000 0.066500 0.008099 -0.709390 0.703948 -0.033728     -0.010152 0.005067 0.002961 0.999352 -0.018122 -0.029575 0.003848     0.590385 0.021402 0.076698 0.112214 -0.560116 0.784217 0.242203     0.590360 0.021432 0.076259 0.112558 -0.560124 0.784132 0.242340     0.009278 -0.005426 -0.001426 0.999672 0.012713 0.021402 -0.006018     0.600124 0.015663 0.075131 0.103972 -0.548603 0.786653 0.263405     0.598790 0.016274 0.075414 0.103520 -0.548764 0.786675 0.263218     
0.596000 0.014000 0.063000 0.000000 -0.707100 0.707100 0.000000     0.586000 0.024000 0.059500 0.002037 -0.706138 0.708008 0.008382     -0.010537 0.010103 -0.003438 0.999923 0.007367 0.004487 -0.001323     0.591095 0.025839 0.069483 0.100904 -0.544542 0.783961 0.280497     0.590719 0.025847 0.069651 0.101464 -0.544450 0.783376 0.282139     0.011399 -0.008119 0.001518 0.999927 -0.010447 -0.005227 -0.003024     0.602401 0.017899 0.071014 0.100153 -0.544652 0.787953 0.269135     0.601157 0.018652 0.070662 0.100807 -0.544590 0.788230 0.268240     
0.596000 0.014000 0.063000 0.000000 -0.707100 0.707100 0.000000     0.586000 0.024000 0.063000 0.004698 0.701930 -0.712216 0.001089     -0.010847 0.010245 -0.000114 0.999923 -0.004092 0.002552 -0.007273     0.591080 0.026008 0.072958 0.097769 -0.541545 0.790146 0.269849     0.591141 0.026060 0.072373 0.098343 -0.541545 0.789903 0.270390     0.010903 -0.008463 -0.000307 0.999958 0.004605 -0.002188 0.007612     0.601909 0.017530 0.072691 0.099933 -0.547677 0.784535 0.273036     0.600620 0.018257 0.072605 0.100451 -0.547455 0.784392 0.273738     
0.596000 0.014000 0.063000 0.000000 -0.707100 0.707100 0.000000     0.586000 0.024000 0.066500 0.012808 0.714682 -0.698657 0.030422     -0.010438 0.010340 0.003326 0.999352 -0.030567 -0.012455 0.011331     0.590697 0.026721 0.076476 0.089924 -0.562571 0.785222 0.242558     0.590438 0.026966 0.076329 0.090393 -0.562503 0.785185 0.242699     0.010391 -0.010492 -0.001195 0.999269 0.032182 0.008970 -0.018559     0.601354 0.015405 0.075343 0.105421 -0.542517 0.788090 0.271028     0.600109 0.016241 0.075332 0.106245 -0.542341 0.788160 0.270892     
0.596000 0.014000 0.063000 0.000000 -0.707100 0.707100 0.000000     0.591000 0.004000 0.059500 -0.000000 0.707100 -0.707100 -0.000000     -0.007256 -0.009974 -0.003345 0.999961 0.000000 0.000000 0.000000     0.596000 0.006000 0.069500 0.100035 -0.547560 0.784824 0.272401     0.593788 0.005867 0.069669 0.100900 -0.547199 0.784330 0.274260     0.007836 0.013682 0.001818 0.999989 -0.002068 0.000409 -0.004276     0.603862 0.019681 0.071305 0.099745 -0.544293 0.787761 0.270572     0.602552 0.020389 0.071162 0.099963 -0.544514 0.788325 0.268432     
0.596000 0.014000 0.063000 0.000000 -0.707100 0.707100 0.000000     0.591000 0.004000 0.063000 0.007035 -0.711357 0.702628 -0.014731     -0.005447 -0.009875 -0.000178 0.999809 -0.005441 -0.015390 0.006173     0.595664 0.006169 0.073126 0.107437 -0.557058 0.781267 0.260279     0.595492 0.006187 0.073146 0.108109 -0.557324 0.780689 0.261202     0.005451 0.011522 0.000163 0.999810 0.005290 0.013954 -0.012536     0.601448 0.017464 0.073176 0.102725 -0.542958 0.788224 0.270789     0.600069 0.018049 0.073197 0.103507 -0.542897 0.788655 0.269392     
0.596000 0.014000 0.063000 0.000000 -0.707100 0.707100 0.000000     0.591000 0.004000 0.066500 0.021018 -0.696002 0.717714 -0.002790     -0.005246 -0.009714 0.003122 0.999618 0.012889 -0.016834 -0.015352     0.595715 0.005590 0.076710 0.124452 -0.538619 0.787767 0.271670     0.595716 0.005782 0.076274 0.124741 -0.538637 0.787684 0.271778     0.004816 0.010637 -0.001950 0.999768 -0.013314 0.013849 0.009695     0.600777 0.016591 0.074579 0.103708 -0.544027 0.787703 0.269785     0.599439 0.017262 0.074496 0.104246 -0.544045 0.787969 0.268798     
0.596000 0.014000 0.063000 0.000000 -0.707100 0.707100 0.000000     0.591000 0.009000 0.059500 0.000602 0.703419 -0.710727 0.007006     -0.005258 -0.005093 -0.003736 0.999923 -0.005379 -0.004528 -0.005168     0.595930 0.011056 0.069523 0.102047 -0.545255 0.788636 0.265173     0.595632 0.010821 0.069215 0.102305 -0.545274 0.788585 0.265225     0.004346 0.007924 0.002465 0.999948 0.009078 0.004605 0.000125     0.600368 0.018800 0.071978 0.103327 -0.543178 0.786590 0.274842     0.599247 0.019759 0.071732 0.104639 -0.542846 0.786572 0.275087     
0.596000 0.014000 0.063000 0.000000 -0.707100 0.707100 0.000000     0.591000 0.009000 0.063000 0.027522 -0.691857 0.721482 0.004656     -0.005606 -0.004392 -0.000194 0.999352 0.022753 -0.016168 -0.020947     0.595743 0.010335 0.073234 0.130828 -0.532914 0.788001 0.279144     0.595376 0.010706 0.073194 0.131718 -0.532744 0.787886 0.279409     0.005184 0.005209 0.000635 0.999385 -0.026440 0.015068 0.017442     0.601173 0.016250 0.073633 0.099915 -0.545584 0.787572 0.268450     0.599748 0.016709 0.073697 0.100564 -0.545535 0.787632 0.268168     
0.596000 0.014000 0.063000 0.000000 -0.707100 0.707100 0.000000     0.591000 0.009000 0.066500 0.000456 -0.701900 0.712084 0.015891     -0.005944 -0.004551 0.003451 0.999809 0.011559 0.010914 -0.007201     0.596244 0.010696 0.076431 0.099745 -0.537696 0.786591 0.286687     0.595602 0.010960 0.076316 0.100256 -0.537670 0.786590 0.286595     0.005570 0.006123 -0.002823 0.999898 -0.009382 -0.010746 0.000998     0.601597 0.017016 0.073684 0.102856 -0.542442 0.787591 0.273600     0.600315 0.017723 0.073385 0.103574 -0.542294 0.787494 0.273939     
0.596000 0.014000 0.063000 0.000000 -0.707100 0.707100 0.000000     0.591000 0.014000 0.059500 -0.000000 0.707100 -0.707100 -0.000000     -0.007355 0.000424 -0.003422 0.999961 0.000000 0.000000 0.000000     0.596000 0.016000 0.069500 0.100035 -0.547560 0.784824 0.272401     0.593536 0.016040 0.069384 0.100438 -0.547499 0.784816 0.272435     0.008029 0.001077 0.002425 0.999981 -0.001210 -0.004247 -0.004413     0.603961 0.017057 0.071963 0.103905 -0.545363 0.787130 0.268679     0.602731 0.017782 0.071559 0.104915 -0.544956 0.787037 0.269423     
0.596000 0.014000 0.063000 0.000000 -0.707100 0.707100 0.000000     0.591000 0.014000 0.063000 0.008339 -0.706983 0.707163 -0.002568     -0.005056 0.000223 -0.000492 0.999923 0.004080 -0.007712 -0.000127     0.595845 0.015917 0.073092 0.108353 -0.549132 0.782981 0.271358     0.595929 0.016037 0.072686 0.108838 -0.549115 0.782831 0.271665     0.004636 0.001086 0.000096 0.999948 -0.002915 0.007075 -0.006754     0.600649 0.016994 0.073107 0.103040 -0.542211 0.788206 0.272215     0.599290 0.017620 0.073013 0.104879 -0.541966 0.788515 0.271141     
0.596000 0.014000 0.063000 0.000000 -0.707100 0.707100 0.000000     0.591000 0.014000 0.066500 0.008888 -0.696883 0.717102 0.004604     -0.005984 0.000609 0.003375 0.999809 0.009540 -0.003029 -0.014296     0.595992 0.015666 0.076565 0.111515 -0.536127 0.789631 0.276758     0.595252 0.016064 0.076459 0.111850 -0.536051 0.789675 0.276681     0.005923 0.001144 -0.002997 0.999910 -0.007531 0.002451 0.010852     0.601925 0.017069 0.073516 0.102529 -0.544809 0.786100 0.273311     0.600600 0.017743 0.073348 0.103507 -0.544689 0.786140 0.273101     
0.596000 0.014000 0.063000 0.000000 -0.707100 0.707100 0.000000     0.591000 0.019000 0.059500 0.004992 0.710833 -0.703313 -0.004791     -0.006922 0.004860 -0.003197 0.999923 -0.000142 0.006918 0.005317     0.596116 0.021057 0.069429 0.093075 -0.549842 0.782613 0.276600     0.594350 0.020678 0.069713 0.094264 -0.549072 0.781485 0.280920     0.006154 -0.004587 0.002448 0.999892 -0.003426 -0.009402 -0.010751     0.602127 0.016430 0.071959 0.101513 -0.544288 0.788513 0.267718     0.600787 0.017100 0.071971 0.102571 -0.544131 0.789082 0.265990     
0.596000 0.014000 0.063000 0.000000 -0.707100 0.707100 0.000000     0.591000 0.019000 0.063000 0.007290 0.715223 -0.698762 -0.010769     -0.005516 0.005090 -0.000164 0.999809 0.002460 0.012769 0.011639     0.596206 0.021070 0.072880 0.088174 -0.552887 0.778938 0.282447     0.595886 0.020833 0.072768 0.090557 -0.552734 0.778356 0.283631     0.004808 -0.004549 0.000475 0.999829 0.000631 -0.011474 -0.014520     0.600844 0.016360 0.073475 0.101546 -0.544667 0.785643 0.275265     0.599635 0.017221 0.073395 0.102504 -0.544601 0.785418 0.275722     
0.596000 0.014000 0.063000 0.000000 -0.707100 0.707100 0.000000     0.591000 0.019000 0.066500 0.018815 0.712971 -0.700367 -0.028009     -0.005278 0.005145 0.003429 0.999352 0.006501 0.033109 0.008912     0.596616 0.020967 0.076174 0.075121 -0.544551 0.781007 0.296359     0.596515 0.021029 0.076201 0.076344 -0.544486 0.780310 0.298032     0.004880 -0.002745 -0.002901 0.999182 -0.006043 -0.038167 -0.011890     0.600790 0.018216 0.073652 0.105100 -0.546585 0.785767 0.269720     0.599512 0.018965 0.073426 0.106572 -0.546271 0.786054 0.268979     
0.596000 0.014000 0.063000 0.000000 -0.707100 0.707100 0.000000     0.591000 0.024000 0.059500 0.013549 -0.708743 0.705241 0.010718     -0.006789 0.010130 -0.003115 0.999809 0.017159 -0.002002 0.002476     0.595951 0.025680 0.069583 0.110312 -0.548248 0.778474 0.284979     0.594170 0.025487 0.069889 0.111246 -0.547820 0.777962 0.286867     0.005280 -0.008916 0.001404 0.999787 -0.019298 0.002450 -0.006865     0.601305 0.017083 0.070891 0.099757 -0.544218 0.787842 0.270481     0.600270 0.018026 0.070371 0.099554 -0.544222 0.788472 0.268744     
0.596000 0.014000 0.063000 0.000000 -0.707100 0.707100 0.000000     0.591000 0.024000 0.063000 0.015518 -0.709898 0.704087 0.006847     -0.005759 0.010356 -0.000103 0.999809 0.015814 -0.006131 0.004109     0.595861 0.025722 0.073119 0.112371 -0.550790 0.777533 0.281826     0.595337 0.025967 0.073006 0.113382 -0.550688 0.777480 0.281802     0.005636 -0.009587 0.000459 0.999716 -0.017565 0.011017 -0.011734     0.601762 0.016371 0.073404 0.097406 -0.540379 0.789964 0.272837     0.600389 0.016913 0.073308 0.097608 -0.540399 0.789833 0.273140     
0.596000 0.014000 0.063000 0.000000 -0.707100 0.707100 0.000000     0.591000 0.024000 0.066500 0.016043 0.715192 -0.698523 0.016997     -0.005343 0.010372 0.003174 0.999618 -0.023363 -0.000675 0.011786     0.595932 0.026582 0.076400 0.084526 -0.559144 0.784398 0.254782     0.595805 0.026783 0.076208 0.085681 -0.558976 0.784161 0.255530     0.005689 -0.010265 -0.000709 0.999649 0.019661 -0.000937 -0.017747     0.601685 0.015750 0.075790 0.100746 -0.543603 0.788957 0.268090     0.600510 0.016659 0.075594 0.101672 -0.543284 0.789412 0.267085     
0.596000 0.014000 0.063000 0.000000 -0.707100 0.707100 0.000000     0.596000 0.004000 0.059500 0.006099 0.702181 -0.711804 0.014869     -0.001147 -0.009482 -0.003629 0.999809 -0.014826 -0.006201 -0.006805     0.600905 0.006229 0.069499 0.098621 -0.545308 0.791849 0.256647     0.600344 0.006551 0.069395 0.099336 -0.545391 0.791734 0.256590     0.001076 0.012259 0.002812 0.999938 0.010736 0.001994 0.002280     0.602011 0.018296 0.072337 0.102305 -0.545509 0.787998 0.266445     0.600649 0.018924 0.072345 0.102994 -0.545470 0.788081 0.266049     
0.596000 0.014000 0.063000 0.000000 -0.707100 0.707100 0.000000     0.596000 0.004000 0.063000 0.004218 -0.707142 0.707004 0.007639     -0.000733 -0.009546 -0.000215 0.999923 0.008384 0.002418 0.000097     0.601048 0.005833 0.073008 0.102697 -0.546118 0.782699 0.280305     0.600725 0.006130 0.072516 0.103365 -0.546032 0.782596 0.280548     0.000591 0.009958 0.000465 0.999976 -0.005790 0.001787 -0.003458     0.601688 0.015872 0.073433 0.099103 -0.543491 0.786375 0.276388     0.600303 0.016389 0.073666 0.099345 -0.543518 0.786326 0.276423     
0.596000 0.014000 0.063000 0.000000 -0.707100 0.707100 0.000000     0.596000 0.004000 0.066500 0.007857 -0.695443 0.718273 -0.019049     -0.000639 -0.009544 0.003209 0.999618 -0.007914 -0.019025 -0.016143     0.600681 0.006003 0.076653 0.114996 -0.540677 0.793647 0.254064     0.600181 0.006337 0.076443 0.115312 -0.540641 0.793654 0.254016     0.000231 0.010819 -0.002293 0.999688 0.007329 0.019262 0.014121     0.601244 0.016812 0.074202 0.100049 -0.545978 0.786118 0.271840     0.599954 0.017537 0.074042 0.100689 -0.546014 0.785859 0.272316     
0.596000 0.014000 0.063000 0.000000 -0.707100 0.707100 0.000000     0.596000 0.009000 0.059500 0.008736 0.699622 -0.713717 -0.032285     -0.000739 -0.004613 -0.003244 0.999352 0.016651 0.029005 -0.009967     0.601609 0.010565 0.069251 0.089042 -0.529837 0.788169 0.300189     0.601170 0.010707 0.069314 0.090040 -0.529700 0.787733 0.301309     0.001520 0.006043 0.002148 0.999415 -0.015284 -0.030229 0.004642     0.602515 0.016960 0.071667 0.103323 -0.543621 0.787145 0.272365     0.601356 0.017785 0.071213 0.103893 -0.543499 0.787672 0.270904     
0.596000 0.014000 0.063000 0.000000 -0.707100 0.707100 0.000000     0.596000 0.009000 0.063000 0.008703 0.706777 -0.707369 0.000474     -0.000213 -0.004750 -0.000050 0.999923 -0.006489 0.005819 -0.000419     0.601118 0.011125 0.072914 0.092025 -0.546274 0.787374 0.270442     0.601098 0.011147 0.072998 0.092536 -0.546273 0.786898 0.271686     0.000696 0.006554 0.000309 0.999942 0.006866 -0.004665 -0.006887     0.601748 0.017472 0.073298 0.101305 -0.541450 0.788804 0.272650     0.600518 0.018232 0.072914 0.101588 -0.541411 0.789098 0.271806     
0.596000 0.014000 0.063000 0.000000 -0.707100 0.707100 0.000000     0.596000 0.009000 0.066500 -0.000000 0.707100 -0.707100 -0.000000     -0.000318 -0.004608 0.003554 0.999961 0.000000 0.000000 0.000000     0.601000 0.011000 0.076500 0.100035 -0.547560 0.784824 0.272401     0.600811 0.011168 0.076582 0.101165 -0.547299 0.784482 0.273528     0.001149 0.006346 -0.003709 0.999972 -0.000279 0.001713 -0.007344     0.602212 0.017278 0.072773 0.100535 -0.541342 0.789071 0.272378     0.600883 0.017959 0.072717 0.101137 -0.541282 0.789094 0.272244     
0.596000 0.014000 0.063000 0.000000 -0.707100 0.707100 0.000000     0.596000 0.014000 0.059500 0.016680 -0.710294 0.703690 0.002132     -0.000117 0.000075 -0.003621 0.999809 0.013302 -0.010287 0.004669     0.600775 0.015778 0.069651 0.114105 -0.552613 0.777495 0.277634     0.600819 0.015776 0.069624 0.114753 -0.552487 0.777051 0.278894     0.000224 0.000973 0.002817 0.999790 -0.013837 0.011853 -0.009356     0.601273 0.016937 0.072300 0.099816 -0.543511 0.787696 0.272300     0.599901 0.017527 0.072197 0.100311 -0.543506 0.787653 0.272289     
0.596000 0.014000 0.063000 0.000000 -0.707100 0.707100 0.000000     0.596000 0.014000 0.063000 0.031517 -0.698148 0.715191 -0.008909     0.000051 -0.000376 -0.000359 0.999352 0.015986 -0.028585 -0.012051     0.600461 0.015561 0.073328 0.134445 -0.543955 0.783731 0.267924     0.600406 0.015021 0.072888 0.134977 -0.544059 0.783493 0.268177     0.000062 0.001026 -0.000189 0.999419 -0.016456 0.029158 0.006356     0.601094 0.016982 0.072804 0.100861 -0.543022 0.788147 0.271586     0.599806 0.017669 0.072472 0.102150 -0.542909 0.788440 0.270514     
0.596000 0.014000 0.063000 0.000000 -0.707100 0.707100 0.000000     0.596000 0.014000 0.066500 0.003666 -0.707917 0.706230 -0.007829     -0.000087 0.000174 0.003151 0.999923 -0.002944 -0.008128 0.001193     0.600832 0.016071 0.076568 0.104473 -0.550984 0.784130 0.265749     0.600867 0.016174 0.076307 0.105396 -0.550932 0.783834 0.266401     -0.000391 0.001237 -0.003363 0.999949 0.002736 0.006990 -0.006748     0.600609 0.017186 0.073147 0.102288 -0.543521 0.787811 0.271028     0.599223 0.017753 0.073177 0.103179 -0.543447 0.788006 0.270307     
0.596000 0.014000 0.063000 0.000000 -0.707100 0.707100 0.000000     0.596000 0.019000 0.059500 0.004665 0.709862 -0.703477 -0.034290     -0.000491 0.005168 -0.003591 0.999352 0.020948 0.027544 0.004514     0.601529 0.020633 0.069286 0.088596 -0.541170 0.778923 0.304211     0.601169 0.020720 0.069192 0.090201 -0.541155 0.778227 0.305577     -0.000773 -0.001851 0.001973 0.999298 -0.023505 -0.028303 -0.007062     0.600221 0.019173 0.071471 0.100008 -0.545983 0.786841 0.269746     0.598879 0.019833 0.071553 0.101187 -0.545844 0.787224 0.268503     
0.596000 0.014000 0.063000 0.000000 -0.707100 0.707100 0.000000     0.596000 0.019000 0.063000 0.012611 -0.698620 0.715365 -0.002310     -0.000743 0.005311 -0.000241 0.999809 0.007284 -0.010550 -0.011840     0.600832 0.020737 0.073131 0.115514 -0.540329 0.788148 0.271115     0.600396 0.020953 0.072861 0.115871 -0.540340 0.788111 0.271087     -0.000429 -0.002366 -0.000870 0.999915 -0.007570 0.006794 0.008151     0.600510 0.018603 0.072167 0.103849 -0.545740 0.786514 0.269739     0.599207 0.019321 0.072013 0.105323 -0.545286 0.786535 0.270063     
0.596000 0.014000 0.063000 0.000000 -0.707100 0.707100 0.000000     0.596000 0.019000 0.066500 0.023774 -0.724437 0.688901 0.004621     -0.000348 0.004797 0.003307 0.999352 0.020078 -0.013543 0.025127     0.600630 0.020836 0.076708 0.114753 -0.568628 0.763763 0.283091     0.600263 0.020488 0.076524 0.115145 -0.568564 0.763679 0.283320     -0.000052 -0.004143 -0.002449 0.999160 -0.018562 0.017046 -0.032305     0.601043 0.016753 0.074024 0.100227 -0.540782 0.788701 0.274663     0.599812 0.017586 0.073905 0.101745 -0.540425 0.788554 0.275267     
0.596000 0.014000 0.063000 0.000000 -0.707100 0.707100 0.000000     0.596000 0.024000 0.059500 0.019982 -0.710789 0.702550 -0.028013     -0.000365 0.009823 -0.003624 0.999352 -0.005678 -0.033937 0.005826     0.600287 0.026169 0.069792 0.121912 -0.561611 0.779308 0.249778     0.599998 0.025966 0.069610 0.122428 -0.561548 0.779227 0.249960     0.000437 -0.009158 0.002290 0.999307 0.005381 0.034009 -0.014129     0.601472 0.016770 0.071787 0.101875 -0.541061 0.789505 0.271176     0.600280 0.017486 0.071571 0.103845 -0.540822 0.789764 0.270187     
0.596000 0.014000 0.063000 0.000000 -0.707100 0.707100 0.000000     0.596000 0.024000 0.063000 0.021022 0.716983 -0.696732 -0.006185     -0.000623 0.010279 0.000145 0.999618 -0.010491 0.019237 0.014320     0.601318 0.026355 0.072756 0.075257 -0.554420 0.781496 0.276041     0.600951 0.026419 0.073007 0.076828 -0.554272 0.780858 0.277743     0.000387 -0.009539 -0.000184 0.999504 0.008191 -0.024161 -0.018483     0.601307 0.016465 0.072855 0.103744 -0.545753 0.787276 0.267519     0.600664 0.016918 0.072742 0.106790 -0.545159 0.787191 0.267821     
0.596000 0.014000 0.063000 0.000000 -0.707100 0.707100 0.000000     0.596000 0.024000 0.066500 0.000585 0.704582 -0.709564 0.007962     -0.000609 0.010122 0.003728 0.999923 -0.006044 -0.005217 -0.003522     0.600910 0.026086 0.076527 0.101775 -0.546800 0.787847 0.264439     0.600500 0.026136 0.076862 0.103396 -0.546531 0.787090 0.266652     0.001024 -0.009064 -0.002368 0.999995 0.000348 0.001261 -0.002932     0.601971 0.016987 0.074148 0.101747 -0.544118 0.789483 0.265103     0.600676 0.017705 0.073917 0.102587 -0.544045 0.789481 0.264973     
0.596000 0.014000 0.063000 0.000000 -0.707100 0.707100 0.000000     0.601000 0.004000 0.059500 0.003180 -0.712339 0.701807 0.003254     0.002064 -0.010149 -0.003124 0.999923 0.004549 0.000052 0.007447     0.605971 0.005983 0.069518 0.100452 -0.552914 0.779483 0.276735     0.602992 0.005546 0.069781 0.101297 -0.552899 0.779093 0.277590     -0.002812 0.013510 0.002521 0.999926 -0.004095 0.002001 -0.011277     0.603244 0.019462 0.072002 0.099741 -0.543940 0.786994 0.273496     0.601837 0.019972 0.072078 0.100251 -0.543961 0.787333 0.272330     
0.596000 0.014000 0.063000 0.000000 -0.707100 0.707100 0.000000     0.601000 0.004000 0.063000 0.007397 0.710308 -0.703838 0.000706     0.004360 -0.009566 -0.000136 0.999923 -0.005730 0.004731 0.004575     0.606075 0.006160 0.072928 0.091934 -0.550414 0.784323 0.270942     0.605653 0.006406 0.072774 0.092588 -0.550352 0.784300 0.270950     -0.004752 0.012601 -0.001038 0.999956 0.003832 -0.003668 -0.007725     0.601283 0.018607 0.071944 0.099009 -0.544973 0.787165 0.271207     0.600102 0.019423 0.071510 0.099648 -0.544992 0.787437 0.270179     
0.596000 0.014000 0.063000 0.000000 -0.707100 0.707100 0.000000     0.601000 0.004000 0.066500 0.000145 0.703390 -0.710756 0.007000     0.004485 -0.009817 0.003548 0.999923 -0.005052 -0.004847 -0.005208     0.605924 0.006050 0.076528 0.102487 -0.545277 0.788537 0.265250     0.605666 0.006152 0.076641 0.103889 -0.545133 0.788085 0.266381     -0.005363 0.011781 -0.004027 0.999975 0.003833 0.005580 -0.002015     0.600681 0.017733 0.072460 0.100709 -0.541801 0.789172 0.271103     0.599326 0.018358 0.072324 0.101336 -0.541742 0.789403 0.270351     
0.596000 0.014000 0.063000 0.000000 -0.707100 0.707100 0.000000     0.601000 0.009000 0.059500 0.007854 -0.711780 0.701936 0.023981     0.004159 -0.004493 -0.003272 0.999618 0.022510 0.011403 0.006961     0.606202 0.010622 0.069465 0.101480 -0.547477 0.775753 0.296916     0.605386 0.010832 0.069558 0.103074 -0.547051 0.775227 0.298554     -0.004115 0.006370 0.002207 0.999558 -0.025666 -0.011098 -0.010103     0.601903 0.017401 0.071691 0.098993 -0.545297 0.787435 0.269773     0.600691 0.018139 0.071210 0.099924 -0.545187 0.787721 0.268854     
0.596000 0.014000 0.063000 0.000000 -0.707100 0.707100 0.000000     0.601000 0.009000 0.063000 0.017279 0.708673 -0.705311 -0.000593     0.003786 -0.004588 -0.000021 0.999809 -0.011799 0.012637 0.002377     0.606240 0.011258 0.072820 0.082993 -0.547080 0.787881 0.270257     0.605143 0.011644 0.072766 0.083423 -0.547020 0.787873 0.270306     -0.004062 0.005799 -0.000122 0.999761 0.013759 -0.015318 -0.007283     0.601905 0.016709 0.072912 0.104537 -0.544209 0.786688 0.272048     0.600694 0.017514 0.072699 0.106087 -0.544233 0.787020 0.270473     
0.596000 0.014000 0.063000 0.000000 -0.707100 0.707100 0.000000     0.601000 0.009000 0.066500 0.010564 -0.716232 0.697753 -0.004716     0.004468 -0.004639 0.003270 0.999809 0.004135 -0.010805 0.013066     0.605730 0.011044 0.076622 0.107204 -0.560261 0.775343 0.270996     0.605416 0.011244 0.076488 0.108535 -0.560179 0.775113 0.271328     -0.004482 0.007831 -0.004113 0.999823 -0.003586 0.010146 -0.015464     0.601514 0.018797 0.072396 0.101500 -0.545807 0.785928 0.272193     0.600376 0.019633 0.071898 0.102253 -0.545879 0.786052 0.271446     
0.596000 0.014000 0.063000 0.000000 -0.707100 0.707100 0.000000     0.601000 0.014000 0.059500 0.018246 -0.718418 0.695297 -0.009220     0.004036 0.000514 -0.003479 0.999618 0.006382 -0.019421 0.016348     0.605541 0.016027 0.069711 0.114284 -0.564855 0.771922 0.268318     0.605106 0.016337 0.069720 0.115335 -0.564766 0.771934 0.268059     -0.004282 -0.000132 0.002096 0.999556 -0.005119 0.021507 -0.019970     0.601774 0.015807 0.071580 0.100099 -0.544004 0.786690 0.274114     0.600384 0.016365 0.071653 0.100678 -0.543920 0.786800 0.273791     
0.596000 0.014000 0.063000 0.000000 -0.707100 0.707100 0.000000     0.601000 0.014000 0.063000 0.021370 -0.724097 0.689242 0.012403     0.004946 0.000308 -0.000494 0.999352 0.023880 -0.006341 0.024646     0.605779 0.015760 0.073152 0.111313 -0.565908 0.763711 0.289971     0.606020 0.015692 0.072822 0.112698 -0.565625 0.763015 0.291848     -0.004442 0.001191 -0.000733 0.999244 -0.025233 0.011568 -0.027215     0.601672 0.017189 0.072210 0.096006 -0.544150 0.787139 0.273998     0.600281 0.017727 0.072361 0.097618 -0.543957 0.787336 0.273281     
0.596000 0.014000 0.063000 0.000000 -0.707100 0.707100 0.000000     0.601000 0.014000 0.066500 0.011262 0.699344 -0.714372 0.021106     0.004839 -0.000217 0.003320 0.999618 -0.022887 -0.006960 -0.010626     0.605907 0.016352 0.076469 0.095825 -0.543218 0.795912 0.249471     0.605681 0.015931 0.076201 0.096288 -0.543364 0.795729 0.249599     -0.005008 0.001082 -0.003109 0.999737 0.021471 0.005759 0.005589     0.600990 0.017060 0.073396 0.101485 -0.544030 0.787862 0.270158     0.599767 0.017739 0.072862 0.101633 -0.544010 0.787870 0.270158     
0.596000 0.014000 0.063000 0.000000 -0.707100 0.707100 0.000000     0.601000 0.019000 0.059500 -0.000000 0.707100 -0.707100 -0.000000     0.003697 0.005650 -0.003435 0.999961 0.000000 0.000000 0.000000     0.606000 0.021000 0.069500 0.100035 -0.547560 0.784824 0.272401     0.606009 0.021192 0.069251 0.100337 -0.547391 0.784009 0.275002     -0.004007 -0.004393 0.001670 0.999997 0.002075 -0.000066 -0.001072     0.601996 0.016555 0.071179 0.101514 -0.546527 0.784837 0.273886     0.600672 0.017181 0.071153 0.102401 -0.546457 0.785463 0.271932     
0.596000 0.014000 0.063000 0.000000 -0.707100 0.707100 0.000000     0.601000 0.019000 0.063000 0.007691 -0.724120 0.689595 0.005486     0.004945 0.005001 0.000274 0.999618 0.009317 -0.001560 0.024412     0.605870 0.021054 0.073053 0.099677 -0.566025 0.768494 0.281209     0.605923 0.020757 0.073353 0.101661 -0.565349 0.767120 0.285608     -0.006210 -0.005112 0.000033 0.999503 -0.015670 0.004376 -0.026988     0.599859 0.015987 0.072978 0.094983 -0.545335 0.788231 0.268814     0.598763 0.016778 0.072340 0.095242 -0.545335 0.788261 0.268669     
0.596000 0.014000 0.063000 0.000000 -0.707100 0.707100 0.000000     0.601000 0.019000 0.066500 0.007521 0.704122 -0.710024 0.001471     0.004053 0.005290 0.003415 0.999923 -0.006358 0.004278 -0.004173     0.606102 0.021085 0.076431 0.094328 -0.543734 0.789239 0.269326     0.606215 0.020983 0.076153 0.095173 -0.543804 0.788287 0.271705     -0.004803 -0.003838 -0.003209 0.999973 0.005373 -0.002790 0.004230     0.601227 0.017183 0.073272 0.098310 -0.547303 0.785208 0.272441     0.599927 0.017925 0.073197 0.099531 -0.547030 0.785401 0.272025     
0.596000 0.014000 0.063000 0.000000 -0.707100 0.707100 0.000000     0.601000 0.024000 0.059500 0.012872 -0.714624 0.699361 0.004734     0.004421 0.010160 -0.003258 0.999809 0.012449 -0.005754 0.010793     0.605843 0.025856 0.069605 0.108413 -0.556269 0.774828 0.280059     0.605492 0.025933 0.069765 0.109800 -0.555946 0.774423 0.281312     -0.005459 -0.009306 0.002459 0.999719 -0.015095 0.009697 -0.015496     0.600638 0.016699 0.071909 0.096811 -0.543027 0.788509 0.271998     0.599424 0.017517 0.071588 0.097465 -0.542849 0.789040 0.270612     
0.596000 0.014000 0.063000 0.000000 -0.707100 0.707100 0.000000     0.601000 0.024000 0.063000 0.002877 0.715296 -0.698689 0.012586     0.004251 0.010460 -0.000181 0.999809 -0.010934 -0.006865 0.011742     0.605812 0.026334 0.073020 0.096222 -0.559656 0.780566 0.261194     0.605233 0.026606 0.072943 0.096823 -0.559569 0.780565 0.261200     -0.004720 -0.010406 0.001311 0.999832 0.007579 0.006624 -0.015344     0.601291 0.015626 0.074299 0.099284 -0.545126 0.787680 0.269296     0.600298 0.016227 0.073727 0.101431 -0.544612 0.787891 0.268958     
0.596000 0.014000 0.063000 0.000000 -0.707100 0.707100 0.000000     0.601000 0.024000 0.066500 -0.000000 0.707100 -0.707100 -0.000000     0.004067 0.010459 0.003421 0.999961 0.000000 0.000000 0.000000     0.606000 0.026000 0.076500 0.100035 -0.547560 0.784824 0.272401     0.605359 0.026293 0.076465 0.100737 -0.547416 0.784888 0.272284     -0.004421 -0.010526 -0.002351 0.999976 -0.001889 -0.002360 -0.006248     0.601556 0.015449 0.074165 0.102552 -0.543475 0.788505 0.268995     0.600205 0.016087 0.074045 0.102847 -0.543412 0.788548 0.268920     
0.596000 0.014000 0.063000 0.000000 -0.707100 0.707100 0.000000     0.606000 0.004000 0.059500 0.005347 0.709359 -0.704625 -0.016272     0.007465 -0.009757 -0.003410 0.999809 0.007725 0.015287 0.003347     0.611291 0.005881 0.069373 0.091340 -0.545167 0.782296 0.287128     0.608694 0.005910 0.069389 0.092026 -0.545172 0.782078 0.287530     -0.007234 0.011810 0.002641 0.999850 -0.007443 -0.014850 -0.004908     0.603781 0.017788 0.072138 0.100295 -0.546189 0.785635 0.272719     0.602569 0.018459 0.071566 0.101658 -0.545865 0.785617 0.272954     
0.596000 0.014000 0.063000 0.000000 -0.707100 0.707100 0.000000     0.606000 0.004000 0.063000 0.000945 0.702799 -0.711347 0.006223     0.009812 -0.009949 -0.000073 0.999923 -0.005069 -0.003732 -0.006044     0.610950 0.006041 0.073017 0.101831 -0.544319 0.789111 0.265764     0.610957 0.006022 0.073083 0.102666 -0.544266 0.788576 0.267175     -0.009856 0.010757 -0.000643 0.999984 0.005511 -0.000372 0.001138     0.601082 0.016699 0.072400 0.104820 -0.544747 0.786976 0.270022     0.599717 0.017304 0.072533 0.105598 -0.544711 0.787397 0.268598     
0.596000 0.014000 0.063000 0.000000 -0.707100 0.707100 0.000000     0.606000 0.004000 0.066500 -0.000000 0.707100 -0.707100 -0.000000     0.009117 -0.009636 0.003451 0.999961 0.000000 0.000000 0.000000     0.611000 0.006000 0.076500 0.100035 -0.547560 0.784824 0.272401     0.610584 0.006200 0.076343 0.100647 -0.547586 0.784741 0.272399     -0.008960 0.011639 -0.002914 0.999999 0.000773 -0.000037 -0.001396     0.602044 0.017609 0.073590 0.100867 -0.546396 0.785373 0.272848     0.600871 0.018357 0.073326 0.101475 -0.546134 0.786175 0.270867     
0.596000 0.014000 0.063000 0.000000 -0.707100 0.707100 0.000000     0.606000 0.009000 0.059500 0.000189 -0.704148 0.709568 -0.025894     0.008874 -0.004291 -0.003555 0.999618 -0.018175 -0.018443 -0.003832     0.610646 0.011329 0.069599 0.105567 -0.551207 0.789760 0.247560     0.610775 0.010090 0.069360 0.106920 -0.550458 0.790256 0.247104     -0.009157 0.005329 0.002349 0.999728 0.015638 0.017175 0.002107     0.601825 0.016364 0.071852 0.100072 -0.546818 0.786325 0.269533     0.600586 0.017073 0.071397 0.101943 -0.546478 0.786372 0.269424     
0.596000 0.014000 0.063000 0.000000 -0.707100 0.707100 0.000000     0.606000 0.009000 0.063000 0.008841 0.723786 -0.689552 0.023533     0.009086 -0.004778 -0.000150 0.999352 -0.022892 -0.010389 0.024206     0.610678 0.011692 0.072993 0.088998 -0.571345 0.776288 0.251002     0.609884 0.011878 0.072890 0.089862 -0.571386 0.776081 0.251279     -0.008818 0.004570 0.000189 0.999452 0.021935 0.009328 -0.022951     0.602155 0.015602 0.073196 0.100002 -0.548922 0.784300 0.271180     0.600776 0.016190 0.073196 0.101447 -0.548779 0.784338 0.270856     
0.596000 0.014000 0.063000 0.000000 -0.707100 0.707100 0.000000     0.606000 0.009000 0.066500 0.033666 0.704046 -0.709292 -0.008415     0.008782 -0.004575 0.003332 0.999352 -0.017854 0.029755 -0.003709     0.611600 0.011311 0.076107 0.067854 -0.537996 0.794217 0.274145     0.610056 0.011668 0.076053 0.068735 -0.537734 0.794291 0.274263     -0.007736 0.006617 -0.002361 0.999310 0.019611 -0.031536 -0.000636     0.603247 0.017536 0.074164 0.103579 -0.544434 0.786495 0.272522     0.601922 0.018168 0.073860 0.104651 -0.544630 0.786545 0.271613     
0.596000 0.014000 0.063000 0.000000 -0.707100 0.707100 0.000000     0.606000 0.014000 0.059500 0.001401 0.700996 -0.713151 -0.000562     0.008398 -0.000400 -0.003648 0.999923 -0.000593 0.001388 -0.008595     0.611061 0.015925 0.069484 0.100957 -0.540475 0.789801 0.271826     0.609445 0.015363 0.069318 0.100893 -0.540537 0.789790 0.271795     -0.008973 0.000687 0.002013 0.999990 -0.000473 -0.002430 0.003768     0.602025 0.016659 0.071520 0.101596 -0.544154 0.787639 0.270517     0.600759 0.017334 0.071164 0.101996 -0.544099 0.787505 0.270903     
0.596000 0.014000 0.063000 0.000000 -0.707100 0.707100 0.000000     0.606000 0.014000 0.063000 0.005102 0.707734 -0.706413 0.007017     0.009795 0.000007 0.000109 0.999923 -0.008570 -0.001354 0.000934     0.610969 0.016181 0.072978 0.096146 -0.549498 0.786482 0.265017     0.610966 0.016123 0.073219 0.097385 -0.549203 0.785757 0.267356     -0.009965 -0.000407 -0.000691 0.999952 0.008268 0.000789 -0.005166     0.601041 0.015556 0.072313 0.101434 -0.544405 0.787168 0.271443     0.599757 0.016150 0.071819 0.101994 -0.544532 0.787174 0.270997     
0.596000 0.014000 0.063000 0.000000 -0.707100 0.707100 0.000000     0.606000 0.014000 0.066500 -0.000000 0.707100 -0.707100 -0.000000     0.009473 -0.000087 0.003293 0.999961 0.000000 0.000000 0.000000     0.611000 0.016000 0.076500 0.100035 -0.547560 0.784824 0.272401     0.610398 0.015764 0.076248 0.102601 -0.547828 0.784303 0.272447     -0.010520 0.000942 -0.004208 0.999994 0.001430 0.001945 -0.002367     0.600528 0.016890 0.072278 0.099935 -0.545026 0.785921 0.274350     0.599114 0.017385 0.072221 0.101176 -0.545213 0.785845 0.273777     
0.596000 0.014000 0.063000 0.000000 -0.707100 0.707100 0.000000     0.606000 0.019000 0.059500 0.003185 -0.700931 0.713053 -0.014865     0.008805 0.005385 -0.003635 0.999809 -0.008259 -0.012763 -0.008571     0.610778 0.021082 0.069591 0.107849 -0.545052 0.790371 0.258032     0.609801 0.021331 0.069604 0.108611 -0.544961 0.790275 0.258237     -0.009114 -0.005164 0.002668 0.999866 0.009004 0.012755 0.004968     0.601901 0.015786 0.072170 0.101379 -0.544643 0.786609 0.272602     0.600495 0.016296 0.072068 0.102331 -0.544822 0.786767 0.271466     
0.596000 0.014000 0.063000 0.000000 -0.707100 0.707100 0.000000     0.606000 0.019000 0.063000 0.007037 -0.710720 0.703426 -0.000186     0.009337 0.005272 0.000096 0.999923 0.004844 -0.005107 0.005157     0.610877 0.020954 0.073070 0.105287 -0.552493 0.780140 0.273913     0.610362 0.021129 0.073225 0.106698 -0.552223 0.779874 0.274702     -0.009457 -0.005080 -0.001031 0.999934 -0.004282 0.002902 -0.010210     0.601518 0.015860 0.071993 0.103447 -0.544147 0.787208 0.271083     0.600492 0.016634 0.071230 0.104639 -0.543861 0.787054 0.271682     
0.596000 0.014000 0.063000 0.000000 -0.707100 0.707100 0.000000     0.606000 0.019000 0.066500 0.001632 0.688059 -0.725280 0.022860     0.009818 0.005090 0.003212 0.999352 -0.017318 -0.015011 -0.026318     0.610806 0.021090 0.076576 0.109441 -0.532392 0.801973 0.247791     0.610851 0.021118 0.076455 0.110517 -0.532237 0.801436 0.249419     -0.010505 -0.004430 -0.001634 0.999418 0.018630 0.014790 0.024435     0.600499 0.016525 0.074873 0.101379 -0.545975 0.785500 0.273136     0.599124 0.017060 0.074614 0.103257 -0.545629 0.785689 0.272614     
0.596000 0.014000 0.063000 0.000000 -0.707100 0.707100 0.000000     0.606000 0.024000 0.059500 -0.000000 0.707100 -0.707100 -0.000000     0.008216 0.010302 -0.003506 0.999961 0.000000 0.000000 0.000000     0.611000 0.026000 0.069500 0.100035 -0.547560 0.784824 0.272401     0.609222 0.025998 0.069458 0.101011 -0.547406 0.784635 0.272931     -0.008078 -0.009188 0.002278 0.999989 0.002123 0.002712 -0.003090     0.602988 0.016738 0.071759 0.099909 -0.544178 0.786201 0.275240     0.601711 0.017443 0.071413 0.101567 -0.543961 0.786306 0.274796     
0.596000 0.014000 0.063000 0.000000 -0.707100 0.707100 0.000000     0.606000 0.024000 0.063000 0.005126 -0.704839 0.709307 -0.006316     0.009311 0.010353 -0.000229 0.999923 -0.000841 -0.008091 -0.003159     0.610850 0.025986 0.073076 0.106781 -0.547348 0.785944 0.266984     0.610377 0.026148 0.072953 0.108092 -0.547209 0.785691 0.267520     -0.009586 -0.008954 -0.000865 0.999982 -0.002584 0.005323 -0.000138     0.601372 0.017083 0.072148 0.101218 -0.546084 0.787264 0.267848     0.599931 0.017498 0.072134 0.103106 -0.545999 0.787338 0.267118     
0.596000 0.014000 0.063000 0.000000 -0.707100 0.707100 0.000000     0.606000 0.024000 0.066500 0.027538 0.691510 -0.721828 0.000204     0.009003 0.010458 0.003348 0.999352 -0.019616 0.019327 -0.021437     0.611471 0.026162 0.076216 0.079903 -0.527099 0.803362 0.265279     0.610767 0.026418 0.076162 0.081755 -0.526739 0.803384 0.265398     -0.007976 -0.009683 -0.001794 0.999503 0.015693 -0.021847 0.016466     0.602994 0.016342 0.074716 0.101318 -0.544606 0.788374 0.267554     0.601582 0.016845 0.074758 0.103206 -0.544258 0.788570 0.267001     
