0.604000 -0.004000 0.083000 0.000000 -0.707100 0.707100 0.000000     0.604000 -0.014000 0.079500 0.006099 0.702181 -0.711804 0.014869     0.000038 -0.010276 -0.003611 -0.000000 -0.000000 -0.000000 -0.000000     0.603878 -0.013703 0.089495 0.053628 -0.638844 0.755929 0.132492     0.604053 -0.014047 0.089552 0.053640 -0.638852 0.755931 0.132512     -0.000236 0.011555 0.002931 0.999958 -0.005941 0.005655 0.004060     0.603753 -0.002030 0.092422 0.036906 -0.637900 0.760129 0.117923     0.602309 -0.001179 0.092130 0.037853 -0.637591 0.760669 0.115881     
0.604000 -0.004000 0.083000 0.000000 -0.707100 0.707100 0.000000     0.604000 -0.014000 0.083000 0.004218 -0.707142 0.707004 0.007639     -0.000915 -0.009893 -0.000246 -0.000000 -0.000000 -0.000000 -0.000000     0.604048 -0.014168 0.092998 0.032413 -0.639837 0.758183 0.121233     0.603414 -0.014125 0.092884 0.033245 -0.639943 0.758037 0.121441     -0.000137 0.009830 0.000850 0.999551 -0.023391 -0.009200 -0.016294     0.603729 -0.003869 0.093845 0.047172 -0.628182 0.767662 0.117633     0.602171 -0.003304 0.093536 0.049336 -0.628009 0.767816 0.116739     
0.604000 -0.004000 0.083000 0.000000 -0.707100 0.707100 0.000000     0.604000 -0.014000 0.086500 0.007857 -0.695443 0.718273 -0.019049     -0.000397 -0.010043 0.003414 -0.000000 -0.000000 -0.000000 -0.000000     0.603622 -0.013836 0.096492 0.047740 -0.631090 0.764898 0.119822     0.603363 -0.014071 0.096282 0.050483 -0.631149 0.764490 0.121066     0.000883 0.010162 -0.003331 0.999791 -0.007530 -0.016867 0.008767     0.604164 -0.003533 0.093138 0.067984 -0.638420 0.760203 0.099347     0.603650 -0.003368 0.092848 0.070279 -0.638220 0.760088 0.100013     
0.604000 -0.004000 0.083000 0.000000 -0.707100 0.707100 0.000000     0.604000 -0.009000 0.079500 0.008736 0.699622 -0.713717 -0.032285     -0.000484 -0.004873 -0.003447 -0.000000 -0.000000 -0.000000 -0.000000     0.604576 -0.009339 0.089478 0.056993 -0.629279 0.769223 0.095060     0.604381 -0.009333 0.089348 0.060102 -0.629362 0.768685 0.097029     0.000856 0.004858 0.001752 0.999274 0.002988 -0.013880 0.035355     0.605180 -0.004508 0.091240 0.045954 -0.654892 0.737233 0.159601     0.604399 -0.004055 0.091367 0.045153 -0.654784 0.737853 0.157455     
0.604000 -0.004000 0.083000 0.000000 -0.707100 0.707100 0.000000     0.604000 -0.009000 0.083000 0.008703 0.706777 -0.707369 0.000474     -0.000942 -0.004799 0.000141 -0.000000 -0.000000 -0.000000 -0.000000     0.604116 -0.008870 0.092998 0.057089 -0.654654 0.737605 0.155204     0.604566 -0.009373 0.092517 0.057305 -0.654745 0.737466 0.155465     0.000827 0.006664 -0.000911 0.998087 -0.036059 0.049307 0.009565     0.604116 -0.008870 0.092998 0.040862 -0.638110 0.757259 0.132989     0.602738 -0.008206 0.092865 0.043099 -0.638070 0.757316 0.132218     
0.604000 -0.004000 0.083000 0.000000 -0.707100 0.707100 0.000000     0.604000 -0.009000 0.086500 -0.000000 0.707100 -0.707100 -0.000000     -0.000744 -0.004597 0.003196 -0.000000 -0.000000 -0.000000 -0.000000     0.604000 -0.009000 0.096500 0.040671 -0.639729 0.755640 0.134470     0.603640 -0.008820 0.096404 0.041980 -0.639580 0.755612 0.135002     0.000227 0.006345 -0.003165 0.999573 -0.017023 0.001798 -0.023674     0.604271 -0.002316 0.093329 0.040273 -0.621343 0.773038 0.121259     0.602813 -0.001737 0.093230 0.039941 -0.621065 0.773633 0.119055     
0.604000 -0.004000 0.083000 0.000000 -0.707100 0.707100 0.000000     0.604000 -0.004000 0.079500 0.016680 -0.710294 0.703690 0.002132     -0.000048 0.000177 -0.003745 -0.000000 -0.000000 -0.000000 -0.000000     0.603796 -0.004267 0.089494 0.030499 -0.626296 0.768247 0.128840     0.603958 -0.004532 0.089472 0.030511 -0.626330 0.768219 0.128914     0.001159 0.001279 0.002658 0.999043 -0.000216 -0.028245 -0.033406     0.603796 -0.004267 0.089494 0.064992 -0.643068 0.750470 0.137895     0.602455 -0.003536 0.089745 0.064026 -0.642931 0.751059 0.135834     
0.604000 -0.004000 0.083000 0.000000 -0.707100 0.707100 0.000000     0.604000 -0.004000 0.083000 0.031517 -0.698148 0.715191 -0.008909     -0.000259 0.000098 0.000220 -0.000000 -0.000000 -0.000000 -0.000000     0.603425 -0.004313 0.092979 0.071265 -0.646640 0.746714 0.138481     0.603545 -0.004391 0.093351 0.070847 -0.646681 0.746608 0.139142     -0.000125 0.002164 -0.000455 0.999091 -0.008781 0.033455 0.024906     0.603980 -0.001985 0.092544 0.048549 -0.647269 0.746989 0.143781     0.602489 -0.001375 0.092826 0.048389 -0.647130 0.747569 0.141498     
0.604000 -0.004000 0.083000 0.000000 -0.707100 0.707100 0.000000     0.604000 -0.004000 0.086500 0.003666 -0.707917 0.706230 -0.007829     -0.000204 -0.000023 0.003349 -0.000000 -0.000000 -0.000000 -0.000000     0.603837 -0.003941 0.096499 0.054357 -0.648814 0.745402 0.142977     0.603864 -0.004335 0.096610 0.054351 -0.648823 0.745408 0.142975     -0.000010 0.001343 -0.003428 0.998249 -0.039840 0.041556 0.013570     0.604645 -0.001796 0.093013 0.005278 0.647008 -0.752318 -0.123899     0.604669 -0.000783 0.093983 0.007418 0.646498 -0.752842 -0.123349     
0.604000 -0.004000 0.083000 0.000000 -0.707100 0.707100 0.000000     0.604000 0.001000 0.079500 0.004665 0.709862 -0.703477 -0.034290     -0.000304 0.005063 -0.003766 -0.000000 -0.000000 -0.000000 -0.000000     0.604552 0.000584 0.089476 0.009328 0.653456 -0.745426 -0.131259     0.604683 0.000144 0.089503 0.009323 0.653464 -0.745431 -0.131268     -0.000810 -0.004820 0.002110 0.996411 -0.060219 -0.010158 -0.058622     0.604552 0.000584 0.089476 0.041280 -0.637204 0.751065 0.167777     0.603160 0.001046 0.089278 0.042799 -0.637247 0.751355 0.165980     
0.604000 -0.004000 0.083000 0.000000 -0.707100 0.707100 0.000000     0.604000 0.001000 0.083000 0.012611 -0.698620 0.715365 -0.002310     -0.000089 0.004632 -0.000393 -0.000000 -0.000000 -0.000000 -0.000000     0.603787 0.000857 0.092997 0.051602 -0.643119 0.745110 0.168898     0.604130 0.000537 0.093205 0.051599 -0.643126 0.745116 0.168904     -0.000012 -0.002350 0.000027 0.998719 -0.041059 0.027651 -0.010496     0.603787 0.000857 0.092997 0.063562 -0.630921 0.761813 0.132363     0.602785 0.001535 0.092823 0.063356 -0.630840 0.762307 0.130056     
0.604000 -0.004000 0.083000 0.000000 -0.707100 0.707100 0.000000     0.604000 0.001000 0.086500 0.023774 -0.724437 0.688901 0.004621     0.000086 0.004675 0.003414 -0.000000 -0.000000 -0.000000 -0.000000     0.603739 0.000592 0.096488 0.052308 -0.632772 0.760220 0.137510     0.603945 0.000211 0.096426 0.052307 -0.632776 0.760230 0.137512     0.001671 -0.002541 -0.003332 0.999962 -0.007925 0.000638 -0.003627     0.605421 -0.001789 0.093162 0.063840 -0.656104 0.739512 0.136217     0.604389 -0.001187 0.093307 0.062851 -0.655888 0.740174 0.134176     
0.604000 -0.004000 0.083000 0.000000 -0.707100 0.707100 0.000000     0.604000 0.006000 0.079500 0.019982 -0.710789 0.702550 -0.028013     -0.000639 0.010117 -0.003647 -0.000000 -0.000000 -0.000000 -0.000000     0.603321 0.006110 0.089476 0.072461 -0.658379 0.736916 0.134989     0.603082 0.005907 0.089260 0.072469 -0.658507 0.736827 0.134919     -0.000613 -0.008700 0.003074 0.998167 -0.015940 0.049541 0.030905     0.603321 0.006110 0.089476 0.070564 -0.647761 0.750766 0.108433     0.602343 0.006862 0.089531 0.070010 -0.647411 0.751442 0.106266     
0.604000 -0.004000 0.083000 0.000000 -0.707100 0.707100 0.000000     0.604000 0.006000 0.083000 0.021022 0.716983 -0.696732 -0.006185     0.000060 0.010093 0.000071 -0.000000 -0.000000 -0.000000 -0.000000     0.604382 0.006215 0.092990 0.062438 -0.637826 0.760800 0.102195     0.604768 0.006059 0.093134 0.062493 -0.637824 0.760794 0.102315     0.000145 -0.008220 -0.000571 0.999214 0.011139 -0.008788 0.037007     0.604382 0.006215 0.092990 0.026169 -0.647453 0.748811 0.139225     0.604050 0.006810 0.092961 0.023897 -0.646988 0.749310 0.139174     
0.604000 -0.004000 0.083000 0.000000 -0.707100 0.707100 0.000000     0.604000 0.006000 0.086500 0.000585 0.704582 -0.709564 0.007962     -0.000261 0.010158 0.003413 -0.000000 -0.000000 -0.000000 -0.000000     0.603896 0.006121 0.096499 0.033280 -0.652364 0.743957 0.140791     0.603963 0.005483 0.096566 0.034152 -0.652992 0.743118 0.142164     -0.000281 -0.009015 -0.002618 0.998474 -0.039963 0.031255 -0.021833     0.603896 0.006121 0.096499 0.049904 -0.637223 0.758637 0.126122     0.602404 0.006813 0.096683 0.049686 -0.636984 0.759237 0.123861     
0.604000 -0.004000 0.083000 0.000000 -0.707100 0.707100 0.000000     0.609000 -0.014000 0.079500 0.003180 -0.712339 0.701807 0.003254     0.004719 -0.009937 -0.003610 -0.000000 -0.000000 -0.000000 -0.000000     0.609002 -0.014091 0.089500 0.045098 -0.637185 0.758689 0.127798     0.609020 -0.014390 0.089569 0.045119 -0.637195 0.758691 0.127807     -0.004170 0.010756 0.002338 0.999711 -0.023062 -0.006686 -0.001394     0.604699 -0.002873 0.091830 0.041554 -0.645156 0.753989 0.116311     0.604011 -0.002906 0.091543 0.047274 -0.645209 0.753158 0.119266     
0.604000 -0.004000 0.083000 0.000000 -0.707100 0.707100 0.000000     0.609000 -0.014000 0.083000 0.007397 0.710308 -0.703838 0.000706     0.004683 -0.010404 -0.000178 -0.000000 -0.000000 -0.000000 -0.000000     0.609094 -0.013885 0.092999 0.039114 -0.644194 0.754934 0.116357     0.608777 -0.014329 0.092883 0.041588 -0.643957 0.754794 0.117793     -0.005254 0.009987 0.000050 0.999623 -0.027005 -0.002849 -0.004136     0.603786 -0.003359 0.093029 0.026845 -0.640133 0.759759 0.110705     0.602228 -0.002557 0.092763 0.027570 -0.639968 0.760198 0.108537     
0.604000 -0.004000 0.083000 0.000000 -0.707100 0.707100 0.000000     0.609000 -0.014000 0.086500 0.000145 0.703390 -0.710756 0.007000     0.004047 -0.009829 0.003617 -0.000000 -0.000000 -0.000000 -0.000000     0.608904 -0.013898 0.096499 0.025895 -0.643743 0.756221 0.114172     0.609047 -0.014240 0.096148 0.025956 -0.643768 0.756204 0.114216     -0.004867 0.008773 -0.002890 0.998844 -0.041625 -0.017995 -0.015965     0.608904 -0.013898 0.096499 0.050485 -0.635850 0.759599 0.127024     0.607537 -0.013189 0.096403 0.050584 -0.635944 0.759915 0.124686     
0.604000 -0.004000 0.083000 0.000000 -0.707100 0.707100 0.000000     0.609000 -0.009000 0.079500 0.007854 -0.711780 0.701936 0.023981     0.004183 -0.004805 -0.003393 -0.000000 -0.000000 -0.000000 -0.000000     0.609231 -0.009448 0.089487 0.042066 -0.635354 0.760113 0.129478     0.609812 -0.009483 0.089110 0.042044 -0.635320 0.759988 0.130456     -0.003823 0.007437 0.002387 0.999719 -0.019693 -0.006274 -0.011631     0.605277 -0.001621 0.091886 0.048063 -0.634487 0.758733 0.139359     0.604354 -0.001551 0.091825 0.051327 -0.634142 0.758696 0.140038     
0.604000 -0.004000 0.083000 0.000000 -0.707100 0.707100 0.000000     0.609000 -0.009000 0.083000 0.017279 0.708673 -0.705311 -0.000593     0.004921 -0.005452 0.000089 -0.000000 -0.000000 -0.000000 -0.000000     0.609252 -0.008763 0.092994 0.047020 -0.631860 0.761349 0.137371     0.609461 -0.009075 0.093070 0.046988 -0.631873 0.761355 0.137361     -0.004653 0.008112 -0.001293 0.999927 -0.011132 -0.004584 0.000269     0.604508 -0.000429 0.091695 0.028245 -0.640622 0.757547 0.122102     0.603499 -0.000152 0.091571 0.030651 -0.640574 0.757579 0.121657     
0.604000 -0.004000 0.083000 0.000000 -0.707100 0.707100 0.000000     0.609000 -0.009000 0.086500 0.010564 -0.716232 0.697753 -0.004716     0.004603 -0.004953 0.003385 -0.000000 -0.000000 -0.000000 -0.000000     0.608785 -0.009086 0.096497 0.024425 -0.646438 0.751677 0.128387     0.609352 -0.009443 0.096135 0.024425 -0.646443 0.751685 0.128389     -0.004920 0.005463 -0.002694 0.998474 -0.042514 -0.008127 -0.034289     0.608785 -0.009086 0.096497 0.058400 -0.649937 0.746310 0.131049     0.607749 -0.008467 0.096243 0.057920 -0.649710 0.746943 0.128835     
0.604000 -0.004000 0.083000 0.000000 -0.707100 0.707100 0.000000     0.609000 -0.004000 0.079500 0.018246 -0.718418 0.695297 -0.009220     0.004750 -0.000187 -0.003733 -0.000000 -0.000000 -0.000000 -0.000000     0.608614 -0.004134 0.089492 0.058222 -0.651708 0.744505 0.132589     0.608736 -0.004260 0.089698 0.058228 -0.651715 0.744509 0.132602     -0.005186 0.001584 0.002978 0.998831 -0.004148 0.043688 0.020250     0.608614 -0.004134 0.089492 0.065899 -0.653342 0.743342 0.127379     0.607978 -0.003452 0.089362 0.065107 -0.653273 0.743854 0.125206     
0.604000 -0.004000 0.083000 0.000000 -0.707100 0.707100 0.000000     0.609000 -0.004000 0.083000 0.021370 -0.724097 0.689242 0.012403     0.004988 -0.000439 0.000266 -0.000000 -0.000000 -0.000000 -0.000000     0.608885 -0.004480 0.092988 0.060149 -0.652668 0.744206 0.128629     0.609583 -0.004848 0.092948 0.060189 -0.652710 0.744150 0.128794     -0.007309 0.002793 0.000323 0.998925 -0.013042 0.038180 0.022834     0.608885 -0.004480 0.092988 0.066065 -0.656824 0.736136 0.149337     0.607645 -0.003463 0.093132 0.063880 -0.656996 0.736368 0.148453     
0.604000 -0.004000 0.083000 0.000000 -0.707100 0.707100 0.000000     0.609000 -0.004000 0.086500 0.011262 0.699344 -0.714372 0.021106     0.004722 0.000389 0.003027 -0.000000 -0.000000 -0.000000 -0.000000     0.608866 -0.003541 0.096489 0.080993 -0.653133 0.739716 0.140210     0.608743 -0.003993 0.096145 0.081688 -0.653524 0.739263 0.140441     -0.005560 -0.000171 -0.002288 0.997017 -0.001981 0.059132 0.049559     0.608866 -0.003541 0.096489 0.041399 -0.632724 0.765120 0.111885     0.607853 -0.003081 0.095980 0.042549 -0.632710 0.765378 0.109838     
0.604000 -0.004000 0.083000 0.000000 -0.707100 0.707100 0.000000     0.609000 0.001000 0.079500 -0.000000 0.707100 -0.707100 -0.000000     0.004464 0.005216 -0.003491 -0.000000 -0.000000 -0.000000 -0.000000     0.609000 0.001000 0.089500 0.035056 -0.633389 0.764456 0.114796     0.609017 0.000912 0.089228 0.036244 -0.633192 0.764377 0.116110     -0.003360 -0.003553 0.002091 0.999784 -0.007695 -0.019282 -0.000767     0.605255 -0.002399 0.091583 0.059102 -0.641161 0.756270 0.116000     0.604076 -0.001693 0.091705 0.058842 -0.641083 0.756718 0.113698     
0.604000 -0.004000 0.083000 0.000000 -0.707100 0.707100 0.000000     0.609000 0.001000 0.083000 0.007691 -0.724120 0.689595 0.005486     0.005360 0.005030 0.000012 -0.000000 -0.000000 -0.000000 -0.000000     0.608973 0.000813 0.092998 0.048232 -0.639573 0.758041 0.118214     0.609540 0.000703 0.093177 0.047335 -0.639677 0.757880 0.119122     -0.005670 -0.003478 0.000204 0.999712 -0.021461 -0.005659 0.009139     0.603190 -0.002238 0.093200 0.041966 -0.665398 0.735195 0.122283     0.601976 -0.001531 0.093227 0.039969 -0.665586 0.735357 0.121025     
0.604000 -0.004000 0.083000 0.000000 -0.707100 0.707100 0.000000     0.609000 0.001000 0.086500 0.007521 0.704122 -0.710024 0.001471     0.004414 0.005324 0.003447 -0.000000 -0.000000 -0.000000 -0.000000     0.609086 0.001127 0.096499 0.050062 -0.663927 0.736731 0.117912     0.609136 0.000699 0.096274 0.050146 -0.663978 0.736680 0.117983     -0.005628 -0.005021 -0.002505 0.998540 -0.032044 0.040915 0.014709     0.609086 0.001127 0.096499 0.042614 -0.635472 0.759564 0.131919     0.607873 0.001569 0.096634 0.043177 -0.635394 0.759999 0.129663     
0.604000 -0.004000 0.083000 0.000000 -0.707100 0.707100 0.000000     0.609000 0.006000 0.079500 0.012872 -0.714624 0.699361 0.004734     0.004678 0.010106 -0.003525 -0.000000 -0.000000 -0.000000 -0.000000     0.608888 0.005750 0.089496 0.037542 -0.638964 0.756058 0.136652     0.608673 0.005805 0.089512 0.037713 -0.638952 0.756051 0.136768     -0.004062 -0.007426 0.002529 0.999128 -0.035764 0.000970 -0.021514     0.604850 -0.000956 0.092018 0.039300 -0.632514 0.765249 0.112946     0.604040 -0.000419 0.091585 0.038795 -0.632328 0.765768 0.110701     
0.604000 -0.004000 0.083000 0.000000 -0.707100 0.707100 0.000000     0.609000 0.006000 0.083000 0.002877 0.715296 -0.698689 0.012586     0.004207 0.010177 0.000177 -0.000000 -0.000000 -0.000000 -0.000000     0.608860 0.006217 0.092997 0.032106 -0.633992 0.763776 0.116835     0.608618 0.005828 0.092788 0.032842 -0.634215 0.763526 0.117136     -0.002422 -0.008485 -0.000147 0.999498 -0.019391 -0.023879 -0.007526     0.608860 0.006217 0.092997 0.045972 -0.649151 0.749372 0.122110     0.607413 0.007017 0.092851 0.048039 -0.649379 0.749237 0.121011     
0.604000 -0.004000 0.083000 0.000000 -0.707100 0.707100 0.000000     0.609000 0.006000 0.086500 -0.000000 0.707100 -0.707100 -0.000000     0.005301 0.009627 0.003063 -0.000000 -0.000000 -0.000000 -0.000000     0.609000 0.006000 0.096500 0.047042 -0.648819 0.749705 0.121427     0.609293 0.005552 0.096069 0.047049 -0.648829 0.749708 0.121434     -0.005371 -0.009633 -0.001901 0.999354 -0.035216 0.007112 0.000411     0.603771 -0.002930 0.094573 0.021390 -0.639593 0.760188 0.112062     0.602708 -0.002618 0.094320 0.023416 -0.639474 0.760566 0.109835     
0.604000 -0.004000 0.083000 0.000000 -0.707100 0.707100 0.000000     0.614000 -0.014000 0.079500 0.005347 0.709359 -0.704625 -0.016272     0.009278 -0.009973 -0.003542 -0.000000 -0.000000 -0.000000 -0.000000     0.614306 -0.014153 0.089494 0.014519 -0.641735 0.757877 0.116480     0.614125 -0.014300 0.089419 0.014611 -0.641732 0.757878 0.116566     -0.008785 0.007560 0.001966 0.998093 -0.046853 -0.028908 -0.027923     0.614306 -0.014153 0.089494 0.042276 -0.638912 0.753325 0.149954     0.612737 -0.013512 0.089516 0.041960 -0.638916 0.753798 0.147697     
0.604000 -0.004000 0.083000 0.000000 -0.707100 0.707100 0.000000     0.614000 -0.014000 0.083000 0.000945 0.702799 -0.711347 0.006223     0.009378 -0.010350 -0.000238 -0.000000 -0.000000 -0.000000 -0.000000     0.613926 -0.013898 0.092999 0.048501 -0.641375 0.750898 0.149728     0.613481 -0.014368 0.092964 0.051634 -0.642147 0.749783 0.151020     -0.008304 0.011287 -0.000402 0.999562 -0.027057 0.011958 -0.001303     0.605862 -0.002071 0.092576 0.023614 -0.633620 0.764734 0.114588     0.604447 -0.001261 0.092225 0.023962 -0.633758 0.764961 0.112299     
0.604000 -0.004000 0.083000 0.000000 -0.707100 0.707100 0.000000     0.614000 -0.014000 0.086500 -0.000000 0.707100 -0.707100 -0.000000     0.009322 -0.009722 0.003498 -0.000000 -0.000000 -0.000000 -0.000000     0.614000 -0.014000 0.096500 0.018864 -0.637833 0.760521 0.120006     0.614018 -0.014353 0.096583 0.018862 -0.637843 0.760526 0.120007     -0.008565 0.008630 -0.002943 0.998262 -0.037380 -0.031995 -0.032446     0.614000 -0.014000 0.096500 0.049352 -0.638912 0.755862 0.134203     0.612209 -0.013151 0.096325 0.050605 -0.638634 0.756262 0.132864     
0.604000 -0.004000 0.083000 0.000000 -0.707100 0.707100 0.000000     0.614000 -0.009000 0.079500 0.000189 -0.704148 0.709568 -0.025894     0.009163 -0.004725 -0.003982 -0.000000 -0.000000 -0.000000 -0.000000     0.613633 -0.008635 0.089487 0.054592 -0.640851 0.753922 0.133835     0.613024 -0.008491 0.089334 0.054992 -0.640848 0.753905 0.133856     -0.009061 0.006537 0.002831 0.999844 -0.010446 0.013619 0.004286     0.604840 -0.001892 0.092314 0.034683 -0.641392 0.758565 0.109422     0.603941 -0.001374 0.091777 0.034484 -0.641398 0.758914 0.107098     
0.604000 -0.004000 0.083000 0.000000 -0.707100 0.707100 0.000000     0.614000 -0.009000 0.083000 0.008841 0.723786 -0.689552 0.023533     0.008623 -0.004720 0.000083 -0.000000 -0.000000 -0.000000 -0.000000     0.613781 -0.008547 0.092987 0.028375 -0.642863 0.757061 0.112966     0.614535 -0.008706 0.093075 0.028137 -0.642886 0.756877 0.114207     -0.008683 0.003865 0.000172 0.999228 -0.031037 -0.019532 -0.014103     0.613781 -0.008547 0.092987 0.039300 -0.659344 0.742494 0.111374     0.611875 -0.008002 0.093233 0.040755 -0.659197 0.742727 0.110248     
0.604000 -0.004000 0.083000 0.000000 -0.707100 0.707100 0.000000     0.614000 -0.009000 0.086500 0.033666 0.704046 -0.709292 -0.008415     0.008996 -0.004731 0.003226 -0.000000 -0.000000 -0.000000 -0.000000     0.614596 -0.008645 0.096476 0.041025 -0.652582 0.749372 0.104287     0.614449 -0.009121 0.096445 0.041744 -0.652923 0.748979 0.104782     -0.009177 0.003665 -0.002222 0.999294 -0.036767 0.001957 0.007480     0.614596 -0.008645 0.096476 0.015921 -0.632606 0.761636 0.139454     0.615293 -0.008159 0.097534 0.014473 -0.631788 0.762062 0.141055     
0.604000 -0.004000 0.083000 0.000000 -0.707100 0.707100 0.000000     0.614000 -0.004000 0.079500 0.001401 0.700996 -0.713151 -0.000562     0.009660 0.000090 -0.003690 -0.000000 -0.000000 -0.000000 -0.000000     0.614028 -0.003988 0.089500 0.018527 -0.639323 0.755035 0.144311     0.613953 -0.004030 0.089498 0.018796 -0.639325 0.754995 0.144542     -0.008050 0.000543 0.002628 0.998079 -0.049856 -0.005446 -0.036379     0.605906 -0.002448 0.092077 0.026489 -0.606495 0.789433 0.090762     0.604882 -0.002463 0.091606 0.029496 -0.607014 0.788948 0.090693     
0.604000 -0.004000 0.083000 0.000000 -0.707100 0.707100 0.000000     0.614000 -0.004000 0.083000 0.005102 0.707734 -0.706413 0.007017     0.009687 -0.000369 -0.000130 -0.000000 -0.000000 -0.000000 -0.000000     0.613973 -0.003829 0.092998 0.008914 -0.609414 0.786473 0.099883     0.615704 -0.004129 0.093425 0.006501 -0.609774 0.785836 0.102930     -0.006734 0.000347 -0.000492 0.998743 -0.025357 -0.042772 -0.006249     0.613973 -0.003829 0.092998 0.044773 -0.640198 0.756319 0.126901     0.612582 -0.003468 0.092758 0.046542 -0.640360 0.756350 0.125332     
0.604000 -0.004000 0.083000 0.000000 -0.707100 0.707100 0.000000     0.614000 -0.004000 0.086500 -0.000000 0.707100 -0.707100 -0.000000     0.009768 0.000146 0.003739 -0.000000 -0.000000 -0.000000 -0.000000     0.614000 -0.004000 0.096500 0.043863 -0.640677 0.755841 0.127652     0.613993 -0.004037 0.096886 0.043874 -0.640672 0.755544 0.129485     -0.009831 0.000511 -0.003792 0.999782 -0.020079 -0.003455 -0.004617     0.604102 -0.003087 0.092699 0.039743 -0.636737 0.761170 0.116561     0.603478 -0.003164 0.092576 0.044232 -0.636362 0.760751 0.119769     
0.604000 -0.004000 0.083000 0.000000 -0.707100 0.707100 0.000000     0.614000 0.001000 0.079500 0.003185 -0.700931 0.713053 -0.014865     0.009391 0.004865 -0.003631 -0.000000 -0.000000 -0.000000 -0.000000     0.613746 0.001167 0.089495 0.040514 -0.639482 0.758512 0.118587     0.614147 0.000701 0.088904 0.041865 -0.640223 0.757209 0.122461     -0.009328 -0.004262 0.002407 0.999737 -0.021113 -0.008898 0.000937     0.604240 -0.002674 0.091880 0.048121 -0.637223 0.762939 0.097654     0.602648 -0.001685 0.091789 0.048859 -0.636965 0.763394 0.095488     
0.604000 -0.004000 0.083000 0.000000 -0.707100 0.707100 0.000000     0.614000 0.001000 0.083000 0.007037 -0.710720 0.703426 -0.000186     0.009963 0.004671 -0.000051 -0.000000 -0.000000 -0.000000 -0.000000     0.613898 0.000903 0.092999 0.038842 -0.637142 0.763115 0.100888     0.613895 0.000389 0.092975 0.040510 -0.637741 0.762277 0.102857     -0.009338 -0.004138 -0.000160 0.999459 -0.021560 -0.013344 0.020944     0.604289 -0.002815 0.092827 0.048921 -0.661625 0.739922 0.111154     0.603722 -0.002609 0.092726 0.051502 -0.661362 0.739858 0.112060     
0.604000 -0.004000 0.083000 0.000000 -0.707100 0.707100 0.000000     0.614000 0.001000 0.086500 0.001632 0.688059 -0.725280 0.022860     0.010115 0.005049 0.003197 -0.000000 -0.000000 -0.000000 -0.000000     0.613709 0.001354 0.096489 0.062572 -0.660869 0.740475 0.104953     0.613990 0.001309 0.096325 0.062821 -0.660849 0.740385 0.105651     -0.009329 -0.005115 -0.002305 0.998986 -0.016028 0.028254 0.031173     0.604913 -0.003443 0.094169 0.017824 -0.642729 0.756908 0.116843     0.603900 -0.003179 0.094093 0.019931 -0.642604 0.757136 0.115789     
0.604000 -0.004000 0.083000 0.000000 -0.707100 0.707100 0.000000     0.614000 0.006000 0.079500 -0.000000 0.707100 -0.707100 -0.000000     0.009873 0.009674 -0.003747 -0.000000 -0.000000 -0.000000 -0.000000     0.614000 0.006000 0.089500 0.016831 -0.647833 0.751804 0.121656     0.614094 0.005861 0.089606 0.016828 -0.647841 0.751810 0.121659     -0.007460 -0.007508 0.002901 0.998403 -0.042893 -0.015128 -0.033502     0.606266 -0.000642 0.092360 0.037799 -0.616716 0.781069 0.090249     0.605013 -0.000089 0.092452 0.037402 -0.616621 0.781434 0.087976     
0.604000 -0.004000 0.083000 0.000000 -0.707100 0.707100 0.000000     0.614000 0.006000 0.083000 0.005126 -0.704839 0.709307 -0.006316     0.009126 0.010315 -0.000034 -0.000000 -0.000000 -0.000000 -0.000000     0.613838 0.006017 0.092999 0.023965 -0.619042 0.778921 0.097345     0.613128 0.006090 0.092947 0.024068 -0.619043 0.778929 0.097344     -0.007531 -0.006693 -0.000674 0.999399 -0.018845 -0.028672 0.005035     0.605733 -0.000304 0.092291 0.064378 -0.645778 0.754728 0.095880     0.604671 0.000362 0.091871 0.063485 -0.645607 0.755229 0.093756     
0.604000 -0.004000 0.083000 0.000000 -0.707100 0.707100 0.000000     0.614000 0.006000 0.086500 0.027538 0.691510 -0.721828 0.000204     0.009463 0.010048 0.003510 -0.000000 -0.000000 -0.000000 -0.000000     0.614395 0.006384 0.096485 0.063661 -0.635270 0.764764 0.086576     0.614083 0.006288 0.096508 0.065746 -0.635627 0.764098 0.088370     -0.007304 -0.006993 -0.002115 0.999018 0.008585 -0.001692 0.043432     0.607030 -0.000749 0.094376 0.025996 -0.653648 0.743805 0.137128     0.606915 -0.000645 0.094360 0.027962 -0.653491 0.743479 0.139306     
