0.596000 0.014000 0.063000 0.000000 -0.707100 0.707100 0.000000     0.596487 0.011824 0.062875 0.003301 0.709706 -0.704476 0.000808     0.000856 -0.002483 -0.000278 0.999948 -0.002906 0.001763 0.003698     0.601507 0.013919 0.072846 0.096051 -0.550266 0.783757 0.271453     0.601684 0.013933 0.072750 0.095008 -0.550665 0.783936 0.270531     -0.001140 0.002628 0.000306 0.999966 0.008058 0.001438 -0.000519     0.600398 0.016381 0.073170 0.099496 -0.548676 0.781967 0.278500     0.599111 0.017133 0.073277 0.101402 -0.548498 0.782264 0.277364     
0.596000 0.014000 0.063000 0.000000 -0.707100 0.707100 0.000000     0.595457 0.014583 0.061854 0.001343 0.715266 -0.698837 -0.000754     0.001033 0.000204 -0.001286 0.999892 -0.000417 0.001483 0.011616     0.600439 0.016707 0.071838 0.095471 -0.556277 0.778671 0.274030     0.601705 0.016414 0.071711 0.093460 -0.556599 0.778093 0.275743     -0.001349 -0.000635 0.000389 0.999978 0.002975 -0.000752 -0.005887     0.599100 0.015954 0.072247 0.099323 -0.551603 0.781042 0.275360     0.598252 0.016806 0.071865 0.100782 -0.551186 0.782531 0.271445     
0.596000 0.014000 0.063000 0.000000 -0.707100 0.707100 0.000000     0.595154 0.014920 0.063373 0.005009 0.711951 -0.702147 -0.008409     0.000260 0.000416 0.000567 0.999889 0.002404 0.009488 0.006932     0.600315 0.016943 0.073287 0.092009 -0.550136 0.781266 0.280157     0.601236 0.016600 0.073278 0.090397 -0.550390 0.780829 0.281434     0.000007 -0.001752 0.000125 0.999910 0.003676 -0.012917 -0.000567     0.600066 0.015112 0.073556 0.104274 -0.552924 0.779289 0.275845     0.601403 0.014594 0.072770 0.104322 -0.552912 0.779226 0.276066     
0.596000 0.014000 0.063000 0.000000 -0.707100 0.707100 0.000000     0.595177 0.013763 0.064259 0.006826 0.713712 -0.700390 0.001862     0.000757 -0.000857 0.000956 0.999892 -0.006143 0.003510 0.009420     0.600208 0.015980 0.074198 0.091343 -0.554573 0.781636 0.270425     0.601074 0.015628 0.074334 0.088158 -0.555150 0.781641 0.270324     -0.001346 -0.000218 0.000255 0.999900 0.012220 -0.004780 -0.005223     0.598788 0.015466 0.074551 0.103260 -0.550612 0.780714 0.276822     0.597003 0.016156 0.074587 0.107196 -0.550236 0.781747 0.273169     
0.596000 0.014000 0.063000 0.000000 -0.707100 0.707100 0.000000     0.597334 0.013135 0.061973 0.000794 -0.708284 0.705896 0.005010     0.002775 -0.001365 -0.001443 0.999947 0.004104 0.002981 0.001689     0.602387 0.015070 0.071959 0.099480 -0.547655 0.783068 0.277420     0.602995 0.014771 0.071601 0.099686 -0.547598 0.783014 0.277648     -0.003642 0.000272 0.000519 0.999989 -0.003260 -0.001680 0.002878     0.598700 0.015436 0.072482 0.098210 -0.550693 0.782221 0.274230     0.597637 0.016174 0.072102 0.102949 -0.550547 0.781357 0.275285     
0.596000 0.014000 0.063000 0.000000 -0.707100 0.707100 0.000000     0.595957 0.015077 0.063406 0.001963 0.713236 -0.700893 -0.004534     0.000920 0.000715 0.000642 0.999911 0.001818 0.004594 0.008727     0.601014 0.017129 0.073367 0.095042 -0.552949 0.779970 0.277203     0.601937 0.016809 0.073489 0.093594 -0.553268 0.779621 0.278076     -0.000946 -0.002023 -0.000418 0.999961 0.002274 -0.008458 -0.001202     0.599904 0.015048 0.073043 0.103226 -0.554118 0.779170 0.274175     0.601769 0.014945 0.072297 0.101939 -0.554508 0.778459 0.275919     
0.596000 0.014000 0.063000 0.000000 -0.707100 0.707100 0.000000     0.596079 0.012675 0.064047 0.003950 -0.710261 0.703886 0.006231     0.001459 -0.002079 0.000432 0.999924 0.007198 0.001613 0.004507     0.601093 0.014577 0.074059 0.101479 -0.549917 0.780527 0.279375     0.601896 0.013960 0.073719 0.101987 -0.549790 0.779822 0.281439     -0.002002 0.001763 -0.000154 0.999952 -0.009523 -0.001788 0.001425     0.599050 0.016544 0.073884 0.097234 -0.552469 0.782185 0.271090     0.597352 0.017128 0.073547 0.101767 -0.554250 0.780871 0.269612     
0.596000 0.014000 0.063000 0.000000 -0.707100 0.707100 0.000000     0.596639 0.013430 0.063016 0.002998 0.714681 -0.699424 -0.003017     0.001513 -0.001132 -0.000029 0.999894 0.000014 0.004253 0.010788     0.601680 0.015538 0.072974 0.093758 -0.554830 0.779286 0.275802     0.602042 0.015434 0.072973 0.091797 -0.554532 0.779897 0.275368     -0.002128 0.000586 0.000021 0.999957 0.006407 -0.003994 -0.005378     0.599493 0.015942 0.073061 0.101905 -0.551116 0.780095 0.278063     0.598035 0.016616 0.072480 0.106306 -0.550359 0.781107 0.275092     
0.596000 0.014000 0.063000 0.000000 -0.707100 0.707100 0.000000     0.596027 0.014192 0.063329 0.003113 -0.712572 0.701568 0.003808     0.001584 -0.000091 0.000266 0.999919 0.004894 0.000492 0.007780     0.601006 0.016171 0.073343 0.100205 -0.553019 0.779247 0.277278     0.602230 0.015916 0.073034 0.098611 -0.553430 0.778439 0.279327     -0.001623 -0.001192 0.000204 0.999978 -0.004527 -0.001794 -0.004464     0.599364 0.015026 0.073547 0.100335 -0.550480 0.782774 0.272305     0.600417 0.014681 0.072870 0.101124 -0.550790 0.781818 0.274160     
0.596000 0.014000 0.063000 0.000000 -0.707100 0.707100 0.000000     0.595659 0.013235 0.064217 0.000654 -0.713341 0.700801 -0.001539     0.001431 -0.000861 0.000796 0.999920 -0.000626 -0.001550 0.008867     0.600591 0.015336 0.074230 0.098489 -0.554982 0.779952 0.271937     0.602253 0.015202 0.073648 0.095087 -0.555843 0.778888 0.274463     -0.001721 0.000232 -0.000035 0.999974 0.005443 -0.002653 -0.003887     0.598833 0.015420 0.074243 0.104634 -0.552121 0.780348 0.274320     0.597539 0.015837 0.073999 0.107185 -0.551792 0.781602 0.270436     
0.596000 0.014000 0.063000 0.000000 -0.707100 0.707100 0.000000     0.596404 0.012761 0.062464 0.002167 -0.713629 0.700506 -0.001454     0.002168 -0.001779 -0.001178 0.999914 0.000504 -0.002561 0.009279     0.601315 0.014843 0.072491 0.099788 -0.555464 0.779313 0.272311     0.602904 0.014390 0.071988 0.096977 -0.556319 0.778268 0.274596     -0.002181 0.001146 0.003146 0.999971 0.001263 -0.000173 -0.007466     0.599161 0.015890 0.075644 0.102654 -0.549551 0.783076 0.272446     0.597315 0.016752 0.075727 0.105839 -0.547674 0.785044 0.269366     
0.596000 0.014000 0.063000 0.000000 -0.707100 0.707100 0.000000     0.597011 0.014038 0.062829 0.000454 0.715838 -0.698253 -0.000228     0.002272 -0.000298 -0.000011 0.999883 -0.000160 0.000482 0.012434     0.601969 0.016165 0.072823 0.096174 -0.557161 0.778046 0.273763     0.603010 0.015898 0.072782 0.094011 -0.557469 0.777586 0.275227     -0.002247 0.000336 0.000086 0.999952 0.001350 0.001198 -0.009653     0.599786 0.016378 0.072903 0.098632 -0.549166 0.783133 0.274539     0.600552 0.015923 0.072835 0.097082 -0.550349 0.782262 0.275240     
0.596000 0.014000 0.063000 0.000000 -0.707100 0.707100 0.000000     0.597526 0.012498 0.064815 0.007245 0.709016 -0.705133 0.003379     0.003811 -0.001756 0.001155 0.999925 -0.007512 0.002734 0.002746     0.602569 0.014676 0.074756 0.093024 -0.549702 0.785612 0.268267     0.603306 0.014051 0.074309 0.094233 -0.549566 0.785576 0.268268     -0.004372 0.000879 0.000393 0.999930 0.011330 -0.003342 0.000102     0.598130 0.015329 0.075230 0.101843 -0.549587 0.782151 0.275322     0.596435 0.015953 0.074793 0.106140 -0.548946 0.783015 0.272544     
0.596000 0.014000 0.063000 0.000000 -0.707100 0.707100 0.000000     0.596729 0.014473 0.062037 0.004999 -0.711828 0.702321 -0.001653     0.001172 0.000052 -0.000884 0.999924 0.002366 -0.004703 0.006722     0.601608 0.016492 0.072093 0.103187 -0.553860 0.780000 0.272345     0.602067 0.016197 0.072173 0.102982 -0.553918 0.779979 0.272401     -0.000891 -0.000946 0.000172 0.999956 0.001337 0.009234 0.000825     0.600898 0.015528 0.072178 0.096496 -0.551827 0.780097 0.278575     0.600695 0.016207 0.072143 0.095043 -0.552190 0.781110 0.275534     
0.596000 0.014000 0.063000 0.000000 -0.707100 0.707100 0.000000     0.596225 0.013072 0.064072 0.000293 0.711877 -0.702290 0.000414     -0.000514 -0.000618 0.001337 0.999938 -0.000500 -0.000086 0.006779     0.601196 0.015150 0.074071 0.097979 -0.552941 0.781221 0.272634     0.601536 0.015027 0.074108 0.097373 -0.553051 0.780617 0.274390     0.000393 -0.001015 -0.000372 0.999990 0.004330 0.000890 -0.000270     0.601608 0.014045 0.073708 0.099751 -0.552058 0.780270 0.276480     0.603643 0.013223 0.073617 0.095496 -0.552839 0.780005 0.277204     
0.596000 0.014000 0.063000 0.000000 -0.707100 0.707100 0.000000     0.596955 0.013647 0.067195 0.010839 0.702100 -0.711981 0.001500     0.002211 -0.000640 0.004326 0.999877 -0.008725 0.006603 -0.006986     0.602115 0.015750 0.077092 0.091969 -0.541105 0.791621 0.268448     0.603164 0.015505 0.077038 0.090121 -0.541534 0.791120 0.269718     -0.001971 -0.000082 -0.004263 0.999888 0.008816 -0.008581 0.008518     0.599938 0.015578 0.072952 0.101236 -0.549280 0.783767 0.271536     0.601315 0.015346 0.072511 0.099592 -0.549540 0.783308 0.272975     
0.596000 0.014000 0.063000 0.000000 -0.707100 0.707100 0.000000     0.597967 0.013871 0.061669 0.005651 0.715515 -0.698554 0.002938     0.003569 -0.000606 -0.001729 0.999869 -0.006073 0.001918 0.011993     0.602954 0.016112 0.071624 0.091927 -0.557007 0.780031 0.269860     0.604419 0.015743 0.071131 0.089699 -0.557267 0.779149 0.272644     -0.004013 0.001246 0.001682 0.999929 0.008253 -0.000418 -0.008622     0.598969 0.017107 0.073345 0.099171 -0.549597 0.782512 0.275253     0.599339 0.017889 0.073879 0.097674 -0.548887 0.783586 0.274184     
0.596000 0.014000 0.063000 0.000000 -0.707100 0.707100 0.000000     0.597333 0.012379 0.064592 0.004862 -0.709656 0.704513 0.002587     0.003364 -0.002260 0.001512 0.999939 0.005267 -0.001608 0.003636     0.602286 0.014309 0.074629 0.103188 -0.550313 0.781220 0.276012     0.603592 0.013905 0.074498 0.098892 -0.550826 0.780952 0.277353     -0.003636 0.001308 -0.001228 0.999985 -0.003496 -0.004166 0.000393     0.598564 0.015692 0.073428 0.104409 -0.552123 0.781527 0.271025     0.596527 0.016538 0.073441 0.108997 -0.551221 0.783475 0.265409     
0.596000 0.014000 0.063000 0.000000 -0.707100 0.707100 0.000000     0.595771 0.013639 0.064318 0.004745 0.714220 -0.699889 -0.001761     0.001641 -0.000836 0.001046 0.999897 -0.002110 0.004600 0.010133     0.600820 0.015783 0.074263 0.092502 -0.554436 0.780260 0.274261     0.602393 0.015505 0.073975 0.090065 -0.554726 0.779655 0.276235     -0.001200 -0.000866 -0.000068 0.999911 0.004799 -0.010579 -0.006511     0.599435 0.014756 0.074320 0.105194 -0.551764 0.781506 0.271513     0.598925 0.015490 0.074799 0.104975 -0.551782 0.782262 0.269412     
0.596000 0.014000 0.063000 0.000000 -0.707100 0.707100 0.000000     0.598289 0.012017 0.062061 0.001489 -0.712241 0.701904 0.004737     0.004178 -0.002848 -0.001474 0.999922 0.004402 0.002297 0.007309     0.603306 0.014002 0.072056 0.098648 -0.552209 0.779822 0.277835     0.603429 0.013800 0.071798 0.099327 -0.552055 0.779874 0.277788     -0.004575 0.001972 0.000275 0.999968 -0.004158 -0.006724 -0.001536     0.598602 0.016043 0.072381 0.102018 -0.553272 0.781137 0.270718     0.597246 0.016407 0.072335 0.104415 -0.553006 0.781753 0.268595     
0.596000 0.014000 0.063000 0.000000 -0.707100 0.707100 0.000000     0.596311 0.012480 0.063822 0.000475 -0.713074 0.701070 -0.002595     0.001697 -0.002132 0.001267 0.999921 -0.001499 -0.002171 0.008487     0.601232 0.014594 0.073837 0.098602 -0.554941 0.780337 0.270875     0.602045 0.014529 0.073830 0.095120 -0.555068 0.781152 0.269543     -0.002359 0.001777 0.000313 0.999976 0.005804 -0.001351 -0.003516     0.598861 0.016221 0.074187 0.103826 -0.551978 0.780564 0.274301     0.597244 0.016997 0.073856 0.107633 -0.551346 0.782175 0.269509     
0.596000 0.014000 0.063000 0.000000 -0.707100 0.707100 0.000000     0.595289 0.014446 0.067244 0.000156 -0.711041 0.703117 0.005229     0.001410 0.000066 0.003734 0.999932 0.003807 0.003587 0.005603     0.600338 0.016426 0.077223 0.097775 -0.550583 0.781055 0.277907     0.601950 0.015833 0.076645 0.094521 -0.551176 0.779902 0.281111     -0.000491 -0.000881 -0.003783 0.999923 -0.002162 -0.011616 -0.003706     0.599629 0.015552 0.073546 0.106679 -0.551086 0.782500 0.269439     0.597917 0.016384 0.073343 0.110860 -0.550438 0.784185 0.264164     
0.596000 0.014000 0.063000 0.000000 -0.707100 0.707100 0.000000     0.597383 0.013910 0.062207 0.005875 0.715680 -0.698375 -0.004561     0.001311 -0.000302 -0.000901 0.999858 -0.000929 0.007379 0.012236     0.602479 0.016052 0.072129 0.090391 -0.555190 0.779035 0.276909     0.602228 0.015996 0.071926 0.091142 -0.555012 0.779107 0.276852     -0.001530 -0.000124 0.000579 0.999972 0.003844 -0.002354 -0.006022     0.600927 0.015791 0.072748 0.096024 -0.550787 0.781079 0.278045     0.599933 0.016520 0.071919 0.098118 -0.550578 0.782475 0.273807     
0.596000 0.014000 0.063000 0.000000 -0.707100 0.707100 0.000000     0.596664 0.013222 0.063286 0.000937 -0.711965 0.702164 0.007175     0.002139 -0.001274 0.000217 0.999911 0.005736 0.004411 0.006930     0.601725 0.015177 0.073264 0.097821 -0.551196 0.779868 0.279998     0.602404 0.015396 0.073058 0.096887 -0.550851 0.780331 0.279749     -0.003034 0.001019 0.000278 0.999937 -0.004018 -0.007982 -0.006745     0.598558 0.016209 0.073606 0.103713 -0.548530 0.783881 0.271788     0.597943 0.016737 0.073328 0.106637 -0.547879 0.784902 0.269045     
0.596000 0.014000 0.063000 0.000000 -0.707100 0.707100 0.000000     0.596351 0.013343 0.064081 0.004523 -0.711093 0.703070 -0.000300     0.001959 -0.001368 0.000910 0.999935 0.002986 -0.003410 0.005673     0.601260 0.015340 0.074127 0.102798 -0.552628 0.780542 0.273438     0.601421 0.015534 0.074516 0.101417 -0.552910 0.781307 0.271227     -0.001955 0.000319 -0.000036 0.999998 0.000194 -0.000688 -0.002101     0.599299 0.015635 0.074098 0.104016 -0.551156 0.781577 0.272993     0.597908 0.016295 0.073676 0.107324 -0.550861 0.782594 0.269409     
0.596000 0.014000 0.063000 0.000000 -0.707100 0.707100 0.000000     0.599054 0.015393 0.062327 0.005678 -0.711475 0.702675 -0.000748     0.004975 0.000872 -0.001735 0.999925 0.003485 -0.004544 0.006223     0.603938 0.017385 0.072386 0.103811 -0.553313 0.779985 0.273262     0.605295 0.017029 0.071857 0.100856 -0.554397 0.779180 0.274501     -0.004076 -0.000769 0.000419 0.999982 0.000218 0.003011 -0.005177     0.599943 0.016561 0.072776 0.102996 -0.548420 0.783088 0.274555     0.598648 0.017621 0.072656 0.105352 -0.547298 0.785526 0.268914     
0.596000 0.014000 0.063000 0.000000 -0.707100 0.707100 0.000000     0.596354 0.014645 0.063184 0.003129 0.709916 -0.704256 -0.003626     0.001689 0.000027 -0.000364 0.999941 0.000351 0.004777 0.004002     0.601433 0.016678 0.073138 0.095386 -0.549354 0.783000 0.275688     0.600781 0.016698 0.073565 0.097897 -0.548862 0.784432 0.271722     -0.001262 -0.001416 0.000362 0.999988 -0.000935 -0.004815 0.000897     0.600071 0.015290 0.073544 0.098394 -0.551466 0.782296 0.272393     0.598405 0.015975 0.073417 0.102532 -0.550661 0.783280 0.269689     
0.596000 0.014000 0.063000 0.000000 -0.707100 0.707100 0.000000     0.597500 0.013672 0.064152 0.000497 0.709670 -0.704501 -0.005232     0.002512 -0.001000 0.000652 0.999940 0.003348 0.004051 0.003655     0.602566 0.015642 0.074124 0.097691 -0.548979 0.782300 0.277607     0.603299 0.015109 0.073747 0.098578 -0.548822 0.781836 0.278944     -0.002281 0.000711 -0.000338 0.999987 -0.001229 -0.004310 0.002288     0.600190 0.016400 0.073825 0.099751 -0.552078 0.780954 0.274500     0.599129 0.017212 0.073522 0.103136 -0.551350 0.780891 0.274927     
0.596000 0.014000 0.063000 0.000000 -0.707100 0.707100 0.000000     0.598760 0.014077 0.061713 0.007800 -0.708493 0.705661 0.000590     0.004630 -0.000402 -0.001578 0.999928 0.005932 -0.005098 0.002003     0.603649 0.015978 0.071787 0.106736 -0.549909 0.781576 0.274457     0.605342 0.015743 0.071397 0.103232 -0.550361 0.780917 0.276793     -0.003360 0.001160 0.000593 0.999991 -0.004089 0.000404 0.000734     0.600295 0.017227 0.072360 0.103969 -0.550804 0.782331 0.271559     0.598975 0.017612 0.072290 0.106951 -0.550843 0.782850 0.268849     
0.596000 0.014000 0.063000 0.000000 -0.707100 0.707100 0.000000     0.596199 0.013786 0.064896 0.002809 0.707184 -0.706942 -0.009873     0.002304 -0.000465 0.001086 0.999908 0.004995 0.008967 0.000171     0.601377 0.015688 0.074824 0.095680 -0.544723 0.784225 0.281235     0.602731 0.015015 0.074516 0.094447 -0.544963 0.783346 0.283662     -0.001958 0.000917 -0.000591 0.999886 -0.003659 -0.014351 0.002807     0.599121 0.016706 0.074362 0.104141 -0.551248 0.782264 0.270784     0.597684 0.017074 0.074564 0.104861 -0.551209 0.782676 0.269428     
0.596000 0.014000 0.063000 0.000000 -0.707100 0.707100 0.000000     0.596714 0.013066 0.064321 0.001051 -0.712204 0.701944 0.004483     0.002044 -0.001547 0.000632 0.999924 0.003913 0.002426 0.007255     0.601734 0.015061 0.074312 0.098293 -0.552181 0.779999 0.277517     0.602885 0.014418 0.073662 0.096885 -0.553183 0.778799 0.279417     -0.002616 0.001464 -0.000098 0.999990 0.000721 -0.004440 -0.000698     0.599032 0.016504 0.074261 0.102347 -0.552792 0.779740 0.275555     0.598692 0.016937 0.074036 0.102469 -0.553035 0.780354 0.273311     
0.596000 0.014000 0.063000 0.000000 -0.707100 0.707100 0.000000     0.597058 0.012835 0.062178 0.000607 0.708222 -0.705958 0.004903     0.000919 -0.001452 -0.000615 0.999947 -0.003896 -0.003038 0.001601     0.601991 0.014929 0.072192 0.099848 -0.550026 0.784694 0.267836     0.601599 0.014898 0.072121 0.099853 -0.550032 0.784702 0.267836     -0.000589 0.001311 0.000452 0.999929 0.008417 0.007709 0.003382     0.601542 0.016106 0.072602 0.097516 -0.549736 0.781294 0.279000     0.600576 0.016560 0.072218 0.101630 -0.549672 0.780785 0.279118     
0.596000 0.014000 0.063000 0.000000 -0.707100 0.707100 0.000000     0.597082 0.013637 0.063063 0.011822 0.708964 -0.705132 0.000659     0.002337 -0.000728 -0.000321 0.999887 -0.008825 0.007894 0.002709     0.602228 0.015840 0.072946 0.088261 -0.548378 0.786476 0.270048     0.602371 0.016119 0.072931 0.086795 -0.548138 0.788101 0.266287     -0.003118 0.000910 0.001796 0.999767 0.020620 -0.006322 -0.000099     0.598984 0.016338 0.074889 0.104547 -0.548060 0.780222 0.282728     0.597758 0.016972 0.074684 0.108459 -0.547572 0.780469 0.281548     
0.596000 0.014000 0.063000 0.000000 -0.707100 0.707100 0.000000     0.597137 0.013080 0.064547 0.001255 0.712485 -0.701669 -0.002378     0.002391 -0.001081 0.001268 0.999928 0.000794 0.002569 0.007648     0.602157 0.015141 0.074524 0.096367 -0.552765 0.780651 0.275188     0.602370 0.015273 0.074629 0.095883 -0.553247 0.781766 0.271231     -0.002943 0.000350 -0.000108 0.999976 0.004734 -0.004131 -0.002892     0.599143 0.015368 0.074477 0.103002 -0.551175 0.780530 0.276315     0.597215 0.016101 0.074342 0.108394 -0.550326 0.781820 0.272305     
0.596000 0.014000 0.063000 0.000000 -0.707100 0.707100 0.000000     0.595741 0.015426 0.061352 0.007955 -0.712968 0.701131 0.003049     -0.000029 0.002117 -0.001968 0.999890 0.007781 -0.003469 0.008369     0.600638 0.017353 0.071417 0.104731 -0.554256 0.777719 0.277426     0.600628 0.017696 0.070983 0.104889 -0.554278 0.777981 0.276620     -0.000758 -0.003373 0.000446 0.999983 -0.001996 0.005068 -0.001931     0.599989 0.014001 0.071805 0.100217 -0.551548 0.779861 0.278476     0.598531 0.014803 0.071482 0.106433 -0.552575 0.779055 0.276416     
0.596000 0.014000 0.063000 0.000000 -0.707100 0.707100 0.000000     0.598492 0.014114 0.062963 0.005336 0.706583 -0.707591 0.002862     0.004547 -0.000091 -0.001061 0.999942 -0.005797 0.001750 -0.000713     0.603529 0.016222 0.072921 0.095680 -0.547093 0.786954 0.268734     0.604087 0.016372 0.072880 0.093559 -0.547495 0.787471 0.267181     -0.004952 -0.000473 0.000575 0.999902 0.012964 -0.001625 0.005010     0.598525 0.015540 0.073565 0.102695 -0.550179 0.780497 0.278500     0.597120 0.016244 0.073116 0.107090 -0.549218 0.780642 0.278370     
0.596000 0.014000 0.063000 0.000000 -0.707100 0.707100 0.000000     0.598097 0.012259 0.064310 0.004427 -0.710893 0.703268 0.002470     0.003631 -0.002091 0.001121 0.999934 0.004877 -0.001384 0.005392     0.603048 0.014215 0.074343 0.102320 -0.551666 0.780383 0.276003     0.604376 0.013839 0.074124 0.100735 -0.551837 0.779791 0.277948     -0.003463 0.001675 -0.000459 0.999994 -0.002381 -0.002536 -0.000389     0.599536 0.015935 0.073899 0.103092 -0.552302 0.780991 0.272705     0.599858 0.016460 0.073658 0.102730 -0.552361 0.781738 0.270612     
0.596000 0.014000 0.063000 0.000000 -0.707100 0.707100 0.000000     0.595846 0.012250 0.062526 0.000694 0.713438 -0.700701 -0.002234     0.000784 -0.001937 -0.000533 0.999918 0.001089 0.002070 0.009006     0.600851 0.014318 0.072509 0.096549 -0.553932 0.779769 0.275279     0.600433 0.014554 0.072699 0.096717 -0.552784 0.781804 0.271767     -0.001045 0.001804 0.000976 0.999979 0.005015 -0.001052 -0.004039     0.599801 0.015982 0.073516 0.101257 -0.550576 0.780508 0.278211     0.598496 0.016882 0.073419 0.103745 -0.550094 0.781079 0.276677     
0.596000 0.014000 0.063000 0.000000 -0.707100 0.707100 0.000000     0.596057 0.013421 0.063031 0.000632 -0.712151 0.702001 0.003960     0.001291 -0.000135 0.000148 0.999927 0.003247 0.002353 0.007177     0.601076 0.015428 0.073020 0.098007 -0.552209 0.780218 0.276947     0.600551 0.015543 0.073815 0.099804 -0.550619 0.782653 0.272601     -0.000903 -0.000956 -0.000054 0.999976 0.004370 -0.005303 0.000027     0.600066 0.014385 0.073036 0.104548 -0.553257 0.778455 0.277424     0.598836 0.015255 0.072847 0.109435 -0.552078 0.778515 0.277756     
0.596000 0.014000 0.063000 0.000000 -0.707100 0.707100 0.000000     0.596914 0.013217 0.064685 0.013754 -0.713465 0.700535 0.003150     0.001010 -0.000476 0.002489 0.999820 0.011953 -0.007498 0.009143     0.601728 0.015066 0.074805 0.109960 -0.555505 0.775701 0.278552     0.601452 0.015551 0.075335 0.108491 -0.555092 0.777352 0.275365     -0.001075 0.000629 -0.003354 0.999981 -0.003716 0.004877 0.000814     0.600749 0.015778 0.071389 0.103884 -0.555176 0.776805 0.278463     0.599266 0.016742 0.071065 0.108512 -0.556086 0.776507 0.275734     
0.596000 0.014000 0.063000 0.000000 -0.707100 0.707100 0.000000     0.595223 0.014018 0.062167 0.001319 0.712877 -0.701257 -0.004824     -0.001345 0.000257 -0.001018 0.999915 0.002478 0.004343 0.008216     0.600277 0.016051 0.072133 0.095740 -0.552552 0.780048 0.277534     0.599622 0.016507 0.071929 0.097449 -0.552307 0.781130 0.274402     -0.000305 -0.000455 0.000097 0.999923 0.000029 -0.011177 -0.005342     0.599769 0.015542 0.072341 0.105950 -0.551441 0.781862 0.270848     0.598246 0.016024 0.072285 0.108624 -0.550955 0.782900 0.267801     
0.596000 0.014000 0.063000 0.000000 -0.707100 0.707100 0.000000     0.596076 0.014033 0.063203 0.002291 -0.712919 0.701228 -0.001381     -0.000577 -0.000153 0.000305 0.999923 0.000643 -0.002596 0.008267     0.600990 0.016103 0.073231 0.100169 -0.554670 0.779833 0.272301     0.600518 0.015914 0.072993 0.100366 -0.554740 0.779780 0.272274     0.000569 0.000029 -0.000191 0.999966 0.005616 0.005821 -0.001852     0.601683 0.016001 0.073005 0.099245 -0.551060 0.779887 0.279714     0.604674 0.015495 0.072133 0.092885 -0.550708 0.779073 0.284849     
0.596000 0.014000 0.063000 0.000000 -0.707100 0.707100 0.000000     0.596761 0.013617 0.064324 0.003336 -0.706783 0.707397 -0.004094     0.001673 -0.000868 0.001472 0.999947 -0.000536 -0.005254 -0.000434     0.601658 0.015623 0.074374 0.103981 -0.548697 0.784671 0.269056     0.602577 0.015288 0.074503 0.103405 -0.548786 0.784489 0.269664     -0.001389 0.000381 -0.000548 0.999948 0.004444 0.006629 0.006302     0.600376 0.015977 0.073778 0.099517 -0.551367 0.780667 0.276822     0.599698 0.016614 0.073805 0.100091 -0.551391 0.781322 0.274745     
0.596000 0.014000 0.063000 0.000000 -0.707100 0.707100 0.000000     0.596008 0.014436 0.062165 0.002816 0.709746 -0.704436 0.001690     0.000180 0.000380 -0.001336 0.999948 -0.003186 0.000796 0.003754     0.601008 0.016538 0.072144 0.096641 -0.550602 0.783706 0.270708     0.601194 0.016471 0.071657 0.096694 -0.550616 0.783691 0.270742     -0.000700 -0.000686 0.001603 0.999928 0.011340 0.002099 0.003412     0.600337 0.015660 0.073772 0.100309 -0.551572 0.778904 0.281061     0.602466 0.015587 0.073333 0.096703 -0.551939 0.777904 0.284391     
0.596000 0.014000 0.063000 0.000000 -0.707100 0.707100 0.000000     0.598497 0.013609 0.063008 0.007884 0.704704 -0.709433 0.003861     0.001536 -0.000607 -0.000110 0.999917 -0.008305 0.002844 -0.003344     0.603567 0.015741 0.072945 0.094161 -0.544967 0.789167 0.267094     0.602700 0.015425 0.073037 0.094149 -0.544973 0.789177 0.267095     -0.001481 0.000647 -0.000156 0.999947 0.007092 0.002667 0.006996     0.602110 0.016318 0.072791 0.094048 -0.549079 0.783670 0.274789     0.605316 0.015841 0.072065 0.085880 -0.551066 0.781330 0.280131     
0.596000 0.014000 0.063000 0.000000 -0.707100 0.707100 0.000000     0.598081 0.012941 0.064236 0.005426 -0.709040 0.705122 0.004037     0.003025 -0.001038 0.001344 0.999934 0.006690 -0.000982 0.002770     0.603051 0.014835 0.074272 0.103712 -0.549318 0.781365 0.277384     0.602954 0.014930 0.074834 0.102166 -0.549287 0.782321 0.275352     -0.002871 0.000362 -0.000371 0.999996 -0.001584 -0.001753 -0.001607     0.600151 0.015213 0.073912 0.104657 -0.548711 0.782502 0.275016     0.598373 0.015987 0.073417 0.109135 -0.547975 0.784560 0.268846     
0.596000 0.014000 0.063000 0.000000 -0.707100 0.707100 0.000000     0.598999 0.013582 0.061821 0.001575 -0.712048 0.702113 -0.001789     0.004319 -0.000238 -0.001536 0.999933 -0.000151 -0.002378 0.007025     0.603923 0.015655 0.071844 0.099902 -0.553721 0.780759 0.271675     0.603525 0.015712 0.071969 0.100956 -0.553686 0.781115 0.270369     -0.003858 0.000662 0.000565 0.999940 0.009672 0.004988 -0.001204     0.600169 0.016111 0.072397 0.101684 -0.550426 0.779250 0.281852     0.598472 0.016843 0.072226 0.106914 -0.549185 0.780530 0.278814     
0.596000 0.014000 0.063000 0.000000 -0.707100 0.707100 0.000000     0.597061 0.013113 0.063216 0.000601 0.715345 -0.698757 0.000777     0.001671 -0.000963 0.000624 0.999892 -0.000974 -0.000124 0.011730     0.602010 0.015249 0.073213 0.096396 -0.556859 0.778600 0.272723     0.602022 0.015641 0.073110 0.096011 -0.556351 0.779973 0.269996     -0.002076 0.000222 0.000707 0.999920 0.011336 0.002468 -0.005117     0.600003 0.015194 0.073940 0.102175 -0.551064 0.778533 0.282409     0.599085 0.015680 0.073599 0.105928 -0.550299 0.777880 0.284345     
0.596000 0.014000 0.063000 0.000000 -0.707100 0.707100 0.000000     0.598608 0.012611 0.064863 0.001653 0.709544 -0.704619 -0.006101     0.003523 -0.001899 0.001711 0.999935 0.003145 0.005483 0.003482     0.603704 0.014583 0.074820 0.096502 -0.548470 0.782589 0.278213     0.603814 0.014396 0.074568 0.096491 -0.548492 0.782593 0.278200     -0.003799 0.002086 -0.001549 0.999953 -0.003063 -0.008091 0.004284     0.599725 0.016774 0.073340 0.099957 -0.554344 0.780274 0.271779     0.598237 0.017792 0.072899 0.103553 -0.553962 0.782343 0.265220     
0.596000 0.014000 0.063000 0.000000 -0.707100 0.707100 0.000000     0.599677 0.013518 0.061816 0.001090 -0.710948 0.703229 -0.001246     0.004956 -0.000909 -0.001662 0.999945 -0.000110 -0.001652 0.005458     0.604621 0.015574 0.071832 0.099782 -0.552296 0.781687 0.271952     0.605445 0.015468 0.071609 0.097612 -0.553405 0.781173 0.272000     -0.004612 0.002547 0.000377 0.999983 0.005004 0.002030 -0.002071     0.600058 0.018000 0.072209 0.101521 -0.549616 0.781660 0.276774     0.598810 0.018878 0.071773 0.103728 -0.549238 0.783056 0.272767     
0.596000 0.014000 0.063000 0.000000 -0.707100 0.707100 0.000000     0.597383 0.013845 0.063251 0.000482 0.711276 -0.702899 -0.000841     0.001577 0.000326 0.000343 0.999943 0.000254 0.000935 0.005923     0.602378 0.015899 0.073243 0.097824 -0.551919 0.781591 0.273701     0.602275 0.016400 0.073159 0.098735 -0.551635 0.782129 0.272441     -0.001393 -0.000642 0.000428 0.999950 0.008803 0.004517 -0.001208     0.601079 0.015069 0.073659 0.099478 -0.548850 0.780251 0.282942     0.600475 0.015732 0.073020 0.104374 -0.547773 0.779677 0.284875     
0.596000 0.014000 0.063000 0.000000 -0.707100 0.707100 0.000000     0.598591 0.013027 0.063938 0.002878 -0.711130 0.703039 0.001730     0.002409 -0.000957 0.001081 0.999939 0.003258 -0.000812 0.005721     0.603552 0.015019 0.073959 0.100895 -0.551933 0.780705 0.275080     0.603178 0.015196 0.073967 0.101181 -0.551929 0.780887 0.274505     -0.001983 0.000092 -0.000073 0.999990 0.001492 0.003595 -0.002044     0.601649 0.015060 0.073856 0.099473 -0.549192 0.781778 0.278021     0.600239 0.015952 0.073571 0.105219 -0.548339 0.782851 0.274585     
0.596000 0.014000 0.063000 0.000000 -0.707100 0.707100 0.000000     0.598156 0.015516 0.061917 0.001464 0.710488 -0.703687 0.003120     0.002800 0.000911 -0.001266 0.999943 -0.003241 -0.001171 0.004809     0.603113 0.017628 0.071915 0.097867 -0.551968 0.782943 0.269693     0.603744 0.017268 0.071726 0.097846 -0.552003 0.782875 0.269863     -0.002176 -0.000935 0.002162 0.999932 0.010445 0.004918 -0.001624     0.601042 0.016468 0.074069 0.100213 -0.548310 0.781450 0.280408     0.602629 0.016251 0.073752 0.099266 -0.548495 0.781095 0.281406     
0.596000 0.014000 0.063000 0.000000 -0.707100 0.707100 0.000000     0.598714 0.012478 0.063174 0.002216 -0.709258 0.704919 0.004162     0.003457 -0.002065 0.000022 0.999945 0.004510 0.001376 0.003068     0.603729 0.014419 0.073178 0.100587 -0.549133 0.782041 0.276997     0.604402 0.014409 0.073233 0.099100 -0.549042 0.782276 0.277087     -0.003608 0.001693 0.000978 0.999992 -0.002216 0.000020 0.003408     0.600108 0.016190 0.074148 0.098409 -0.552011 0.780779 0.275616     0.599137 0.017300 0.073902 0.100258 -0.551857 0.780762 0.275342     
0.596000 0.014000 0.063000 0.000000 -0.707100 0.707100 0.000000     0.596809 0.013759 0.064021 0.003829 -0.708336 0.705848 -0.002299     0.000697 0.000096 0.000935 0.999949 0.001082 -0.004333 0.001759     0.601715 0.015755 0.074068 0.103547 -0.550006 0.783124 0.271051     0.601466 0.016028 0.073915 0.103965 -0.550008 0.783256 0.270541     0.000118 -0.000614 -0.000355 0.999974 0.002067 0.005833 0.003672     0.601935 0.015136 0.073664 0.099118 -0.551073 0.781128 0.276251     0.601059 0.015346 0.073030 0.103598 -0.552274 0.779489 0.276870     
0.596000 0.014000 0.063000 0.000000 -0.707100 0.707100 0.000000     0.598814 0.015056 0.061760 0.003824 -0.713819 0.700279 -0.006128     0.002926 0.001315 -0.001439 0.999889 -0.001629 -0.007037 0.009574     0.603633 0.017183 0.071822 0.102050 -0.557114 0.779265 0.268208     0.603558 0.017372 0.071647 0.102050 -0.557117 0.779272 0.268220     -0.002353 -0.001409 0.002398 0.999934 0.007509 0.007588 -0.004285     0.601449 0.015581 0.074176 0.101463 -0.550937 0.780361 0.277832     0.600830 0.016224 0.073344 0.104964 -0.550116 0.780105 0.278911     
0.596000 0.014000 0.063000 0.000000 -0.707100 0.707100 0.000000     0.597139 0.013351 0.064473 0.000240 0.710521 -0.703635 -0.006218     0.001960 -0.001193 0.001118 0.999930 0.004227 0.004566 0.004868     0.602210 0.015315 0.074444 0.097436 -0.549697 0.781439 0.278698     0.602656 0.014974 0.074235 0.097991 -0.549596 0.781283 0.279173     -0.002048 0.001395 -0.000531 0.999980 0.000339 -0.005892 0.002405     0.600035 0.016728 0.073973 0.101554 -0.553174 0.779433 0.275952     0.598966 0.017500 0.073846 0.106086 -0.552144 0.779254 0.276850     
0.596000 0.014000 0.063000 0.000000 -0.707100 0.707100 0.000000     0.597622 0.014662 0.064121 0.006553 -0.709423 0.704733 0.002991     0.003521 0.000449 0.000469 0.999929 0.006749 -0.002519 0.003316     0.602558 0.016560 0.074172 0.104800 -0.550157 0.780893 0.276642     0.604000 0.016449 0.073835 0.103091 -0.550069 0.781189 0.276660     -0.002642 -0.000746 0.000042 0.999980 -0.005911 -0.002223 -0.000952     0.599875 0.015923 0.074213 0.103545 -0.550637 0.782803 0.270698     0.598506 0.016756 0.073656 0.109387 -0.549785 0.784278 0.265855     
0.596000 0.014000 0.063000 0.000000 -0.707100 0.707100 0.000000     0.597304 0.015342 0.061748 0.003974 -0.711494 0.702667 -0.000494     0.001855 0.001122 -0.001273 0.999933 0.002460 -0.003159 0.006241     0.602216 0.017355 0.071789 0.102158 -0.553058 0.780399 0.273219     0.602566 0.017522 0.071986 0.100355 -0.552857 0.780946 0.272765     -0.001915 -0.000368 0.000864 0.999946 0.002872 0.009920 -0.000604     0.600501 0.016923 0.072565 0.096165 -0.549553 0.780920 0.280870     0.599646 0.017901 0.072420 0.098841 -0.548600 0.781496 0.280235     
0.596000 0.014000 0.063000 0.000000 -0.707100 0.707100 0.000000     0.597378 0.013965 0.063499 0.000238 0.705113 -0.709078 -0.002188     0.001442 -0.000081 0.000917 0.999955 0.001379 0.001715 -0.002804     0.602423 0.015910 0.073488 0.100206 -0.544750 0.786151 0.274141     0.602115 0.015960 0.073646 0.100686 -0.544782 0.786651 0.272498     -0.002446 0.000365 0.000081 0.999981 0.003743 0.000227 0.004992     0.599962 0.016250 0.073580 0.100697 -0.548227 0.782413 0.277701     0.598918 0.017127 0.073266 0.105461 -0.547370 0.782543 0.277293     
0.596000 0.014000 0.063000 0.000000 -0.707100 0.707100 0.000000     0.595442 0.014051 0.064578 0.008488 -0.705886 0.708235 0.006061     -0.001215 0.000237 0.001628 0.999905 0.010288 -0.001716 -0.001660     0.600413 0.015828 0.074634 0.107462 -0.545665 0.782715 0.279354     0.599754 0.016001 0.074675 0.107465 -0.545670 0.782724 0.279355     0.001206 0.000347 -0.002304 0.999946 -0.009169 -0.002890 0.003852     0.601546 0.016398 0.072323 0.103639 -0.550443 0.782823 0.271000     0.600991 0.016101 0.072613 0.105530 -0.550143 0.782409 0.272106     
0.596000 0.014000 0.063000 0.000000 -0.707100 0.707100 0.000000     0.606000 0.004000 0.058000 0.027356 -0.730342 0.682512 -0.003226     0.011710 -0.009977 -0.005469 0.999009 0.017063 -0.021624 0.033820     0.610427 0.005973 0.068272 0.117042 -0.577766 0.758747 0.277076     0.611828 0.005919 0.067949 0.116239 -0.577932 0.758551 0.277641     -0.009382 0.006270 0.004127 0.999654 -0.015881 0.011485 -0.017550     0.601351 0.012406 0.072228 0.103974 -0.562926 0.774368 0.269513     0.602624 0.011724 0.071830 0.105177 -0.562521 0.773928 0.271188     
0.596000 0.014000 0.063000 0.000000 -0.707100 0.707100 0.000000     0.597475 0.013703 0.065401 0.001970 -0.713077 0.701068 0.001252     0.001882 0.000358 0.002289 0.999922 0.002278 -0.000508 0.008491     0.602430 0.015742 0.075415 0.099364 -0.554114 0.779473 0.274750     0.602453 0.016153 0.075108 0.099761 -0.554128 0.779778 0.273746     -0.002397 -0.002039 -0.002587 0.999989 -0.001894 -0.001161 -0.004085     0.600026 0.013700 0.072832 0.100341 -0.551430 0.782133 0.272222     0.598878 0.014553 0.072450 0.105122 -0.550836 0.783564 0.267501     
0.596000 0.014000 0.063000 0.000000 -0.707100 0.707100 0.000000     0.596483 0.012118 0.064207 0.004464 -0.711447 0.702674 -0.007285     0.000992 -0.001743 0.001348 0.999905 -0.001995 -0.008308 0.006203     0.601290 0.014219 0.074280 0.103768 -0.554860 0.781096 0.266892     0.601785 0.014670 0.074332 0.101091 -0.554080 0.782188 0.266377     -0.001683 0.001322 0.000001 0.999936 0.008775 0.007096 0.000418     0.599748 0.015369 0.074247 0.102976 -0.552347 0.779209 0.277710     0.598837 0.016154 0.074151 0.105543 -0.551693 0.779460 0.277377     
0.596000 0.014000 0.063000 0.000000 -0.707100 0.707100 0.000000     0.598157 0.013123 0.061991 0.001897 -0.712637 0.701516 -0.000216     0.001917 -0.000640 -0.000408 0.999928 0.001188 -0.001494 0.007864     0.603095 0.015177 0.072011 0.099713 -0.554002 0.780019 0.273293     0.602580 0.015433 0.072383 0.099891 -0.553981 0.780078 0.273138     -0.003490 0.000276 0.002911 0.999984 0.000440 0.002987 -0.004703     0.599685 0.015397 0.074893 0.098911 -0.549465 0.782790 0.274818     0.598404 0.016465 0.074418 0.103932 -0.549136 0.783874 0.270535     
0.596000 0.014000 0.063000 0.000000 -0.707100 0.707100 0.000000     0.595860 0.013616 0.063489 0.003142 0.711080 -0.703062 0.006300     0.000529 0.000208 0.000658 0.999920 -0.006676 -0.002233 0.005670     0.600791 0.015806 0.073483 0.096583 -0.553264 0.783283 0.266495     0.600977 0.016188 0.073667 0.095760 -0.553111 0.783573 0.266292     -0.000784 -0.001560 0.000043 0.999919 0.011834 0.004186 0.002079     0.600083 0.014030 0.073534 0.099290 -0.552589 0.779320 0.278259     0.599367 0.014473 0.072853 0.103957 -0.552174 0.778573 0.279501     
0.596000 0.014000 0.063000 0.000000 -0.707100 0.707100 0.000000     0.597586 0.012161 0.064959 0.000497 0.708510 -0.705623 0.009509     0.002565 -0.002429 0.001597 0.999913 -0.007075 -0.006372 0.002042     0.602450 0.014323 0.074992 0.100601 -0.551580 0.784959 0.263551     0.603437 0.013911 0.074626 0.099747 -0.551896 0.784515 0.264570     -0.002056 0.001824 0.000024 0.999916 0.010579 0.005940 0.004634     0.600493 0.015980 0.075002 0.100544 -0.552541 0.780146 0.275575     0.599548 0.016855 0.074946 0.101514 -0.552444 0.780779 0.273651     
0.596000 0.014000 0.063000 0.000000 -0.707100 0.707100 0.000000     0.597930 0.015050 0.061333 0.003398 -0.705089 0.709076 0.005439     0.001415 0.001416 -0.001713 0.999936 0.006249 0.001443 -0.002819     0.602970 0.016896 0.071342 0.103089 -0.544316 0.784791 0.277807     0.602424 0.017177 0.071281 0.103575 -0.544247 0.784956 0.277329     -0.002165 -0.001124 0.000561 0.999953 -0.005363 -0.000048 0.008035     0.600773 0.015960 0.071883 0.097971 -0.551163 0.781865 0.274387     0.599290 0.016481 0.071486 0.103296 -0.553290 0.780993 0.270649     
0.596000 0.014000 0.063000 0.000000 -0.707100 0.707100 0.000000     0.597937 0.013441 0.062889 0.002095 0.710720 -0.703442 -0.004796     0.002482 -0.001112 -0.000290 0.999934 0.001910 0.004873 0.005146     0.603013 0.015455 0.072847 0.095852 -0.550065 0.781952 0.277076     0.603330 0.015065 0.072638 0.096052 -0.550053 0.781846 0.277368     -0.003040 0.000500 0.000892 0.999983 -0.003487 -0.004624 0.000898     0.599877 0.016034 0.073771 0.097298 -0.552373 0.781968 0.271887     0.598217 0.017169 0.073694 0.099965 -0.552052 0.783198 0.268042     
0.596000 0.014000 0.063000 0.000000 -0.707100 0.707100 0.000000     0.597035 0.013560 0.063730 0.001868 -0.708214 0.705948 -0.006941     0.001569 -0.000198 0.000407 0.999934 -0.003588 -0.006229 0.001602     0.601903 0.015647 0.073777 0.102520 -0.550858 0.784279 0.266328     0.602110 0.015671 0.073521 0.102503 -0.550872 0.784294 0.266300     -0.002310 -0.000074 -0.000148 0.999975 0.000273 0.006483 0.002676     0.599712 0.015594 0.073566 0.096870 -0.551189 0.783378 0.270380     0.598933 0.016111 0.073066 0.099867 -0.551119 0.782407 0.272275     
0.596000 0.014000 0.063000 0.000000 -0.707100 0.707100 0.000000     0.599195 0.013860 0.061364 0.004784 0.709210 -0.704943 -0.005889     0.004185 -0.000776 -0.001857 0.999928 0.000781 0.007546 0.003017     0.604333 0.015876 0.071290 0.093715 -0.547775 0.783688 0.277439     0.604059 0.015658 0.071230 0.094811 -0.547667 0.783987 0.276471     -0.005765 0.001062 0.000519 0.999912 -0.002068 -0.013094 -0.000022     0.598306 0.016979 0.071932 0.102842 -0.551536 0.782978 0.268620     0.597401 0.017578 0.071496 0.105021 -0.551448 0.783893 0.265307     
0.596000 0.014000 0.063000 0.000000 -0.707100 0.707100 0.000000     0.596294 0.014320 0.062790 0.001569 0.707388 -0.706672 0.014010     0.000184 0.000319 -0.000425 0.999861 -0.011016 -0.008797 0.000506     0.601115 0.016546 0.072830 0.100759 -0.551401 0.786590 0.258962     0.600857 0.016715 0.072533 0.102416 -0.551105 0.786964 0.257842     -0.000836 -0.000982 0.000664 0.999829 0.011773 0.012957 0.005983     0.600513 0.015388 0.073417 0.095492 -0.551471 0.781413 0.275925     0.599908 0.015622 0.073077 0.098487 -0.551348 0.780873 0.276684     
0.596000 0.014000 0.063000 0.000000 -0.707100 0.707100 0.000000     0.596714 0.014420 0.064409 0.000205 -0.713530 0.700575 0.007083     0.000950 0.000996 0.001219 0.999894 0.005153 0.004863 0.009160     0.601775 0.016410 0.074381 0.096538 -0.552872 0.778838 0.280007     0.601915 0.016914 0.074194 0.096543 -0.552875 0.778847 0.280010     -0.002572 -0.001840 -0.000454 0.999922 -0.009221 -0.008275 -0.001381     0.599043 0.014740 0.073971 0.098263 -0.554961 0.781324 0.268096     0.597881 0.015200 0.073532 0.102290 -0.554513 0.782433 0.264292     
0.596000 0.014000 0.063000 0.000000 -0.707100 0.707100 0.000000     0.598083 0.014551 0.061075 0.002729 -0.705803 0.708385 -0.002607     0.003874 0.000003 -0.001568 0.999952 0.000086 -0.003772 -0.001826     0.603015 0.016531 0.071113 0.103539 -0.547141 0.785416 0.270218     0.603785 0.016118 0.071173 0.100912 -0.547480 0.785639 0.269915     -0.004818 0.000119 0.000845 0.999995 -0.000580 -0.000677 0.003052     0.598171 0.016691 0.071962 0.102928 -0.549778 0.783829 0.269708     0.596857 0.017556 0.071922 0.104693 -0.549781 0.785568 0.263939     
0.596000 0.014000 0.063000 0.000000 -0.707100 0.707100 0.000000     0.595564 0.014220 0.063246 0.009809 0.701751 -0.712255 0.011109     -0.000481 0.000302 -0.000166 0.999823 -0.014791 -0.000919 -0.007427     0.600577 0.016441 0.073193 0.094666 -0.543386 0.792720 0.259509     0.600416 0.016657 0.072785 0.095540 -0.543367 0.793022 0.258342     -0.000308 -0.000147 0.000337 0.999730 0.017122 0.004586 0.015033     0.600296 0.016104 0.073556 0.096408 -0.552345 0.780328 0.276927     0.599648 0.016353 0.073163 0.100646 -0.552238 0.779301 0.278556     
0.596000 0.014000 0.063000 0.000000 -0.707100 0.707100 0.000000     0.596430 0.013848 0.066964 0.005885 -0.713260 0.700803 0.009073     0.000447 0.000035 0.004649 0.999864 0.010577 0.002255 0.008808     0.601440 0.015724 0.076983 0.101647 -0.552748 0.777269 0.282792     0.601266 0.016297 0.077482 0.099965 -0.552398 0.778393 0.281013     -0.001671 -0.000446 -0.004104 0.999905 -0.010041 -0.009478 -0.000475     0.599580 0.015476 0.072932 0.103589 -0.556026 0.779334 0.269672     0.598333 0.015819 0.072817 0.106596 -0.555819 0.779744 0.267772     
