0.596000 0.014000 0.063000 0.000000 -0.707100 0.707100 0.000000     0.596000 0.014000 0.063000 -0.000000 0.707100 -0.707100 -0.000000     -0.000607 0.000523 0.000222 0.999961 0.000000 0.000000 0.000000     0.601000 0.016000 0.073000 0.100035 -0.547560 0.784824 0.272401     0.600730 0.016179 0.072977 0.100395 -0.547403 0.784864 0.272505     -0.001273 -0.000975 -0.000617 0.999995 0.002310 -0.000997 0.001734     0.599701 0.014996 0.072402 0.101609 -0.548958 0.783142 0.273840     0.598573 0.015971 0.072406 0.101340 -0.549012 0.783159 0.273821     
0.596000 0.014000 0.063000 0.000000 -0.707100 0.707100 0.000000     0.586000 0.004000 0.059500 0.007188 0.703607 -0.710539 -0.000676     -0.010362 -0.009709 -0.003410 0.999923 -0.004604 0.005561 -0.004901     0.591131 0.006042 0.069425 0.094480 -0.542638 0.789289 0.271332     0.591058 0.006104 0.069470 0.095556 -0.542400 0.789010 0.272276     0.009813 0.008003 0.002980 0.999970 -0.000956 -0.006820 0.003678     0.600792 0.014102 0.072470 0.098344 -0.547465 0.786884 0.267216     0.599407 0.014670 0.072408 0.099657 -0.547374 0.787328 0.265640     
0.596000 0.014000 0.063000 0.000000 -0.707100 0.707100 0.000000     0.586000 0.004000 0.063000 0.002965 0.703472 -0.710674 -0.006436     -0.010510 -0.009675 -0.000022 0.999923 0.002454 0.006647 -0.005093     0.591152 0.005899 0.072942 0.097545 -0.541485 0.787579 0.277447     0.590894 0.006016 0.072845 0.098492 -0.541451 0.787390 0.277753     0.010340 0.008507 0.000295 0.999932 -0.002155 -0.008540 0.007627     0.601292 0.014527 0.073315 0.100981 -0.550035 0.783161 0.271851     0.600022 0.015282 0.073135 0.101307 -0.549834 0.783104 0.272339     
0.596000 0.014000 0.063000 0.000000 -0.707100 0.707100 0.000000     0.586000 0.004000 0.066500 0.014522 -0.696051 0.717664 0.015517     -0.010392 -0.009555 0.003046 0.999618 0.021240 0.000703 -0.015283     0.591066 0.005420 0.076566 0.115242 -0.533061 0.787208 0.287834     0.590863 0.005647 0.076248 0.116815 -0.532826 0.787045 0.288116     0.011020 0.007085 -0.000128 0.999631 -0.021856 -0.006472 0.014768     0.601906 0.013092 0.076427 0.104393 -0.548872 0.784590 0.268775     0.600652 0.013901 0.076464 0.105372 -0.548569 0.784389 0.269634     
0.596000 0.014000 0.063000 0.000000 -0.707100 0.707100 0.000000     0.586000 0.009000 0.059500 0.002768 0.711679 -0.702468 0.005106     -0.010920 -0.004372 -0.003860 0.999923 -0.005567 -0.001653 0.006513     0.590940 0.011176 0.069493 0.096505 -0.553658 0.782579 0.267768     0.590849 0.011303 0.069329 0.097962 -0.553271 0.782273 0.268967     0.010805 0.004085 0.003867 0.999970 0.005173 -0.002420 -0.005251     0.601718 0.015106 0.073406 0.102667 -0.549681 0.783844 0.269961     0.600508 0.015961 0.073284 0.102959 -0.549737 0.783614 0.270439     
0.596000 0.014000 0.063000 0.000000 -0.707100 0.707100 0.000000     0.586000 0.009000 0.063000 0.007010 0.704558 -0.709588 0.003790     -0.010452 -0.004585 -0.000279 0.999923 -0.007636 0.002277 -0.003557     0.591060 0.011117 0.072946 0.095031 -0.544891 0.789050 0.267289     0.590764 0.011307 0.072768 0.096544 -0.544592 0.788948 0.267693     0.010801 0.003636 0.000977 0.999925 0.008655 -0.006275 0.005970     0.601711 0.014640 0.074021 0.103096 -0.550416 0.782828 0.271246     0.600481 0.015458 0.073879 0.103297 -0.550473 0.782621 0.271688     
0.596000 0.014000 0.063000 0.000000 -0.707100 0.707100 0.000000     0.586000 0.009000 0.066500 0.003262 0.711520 -0.702627 0.005096     -0.010338 -0.004801 0.003537 0.999923 -0.005910 -0.001297 0.006288     0.590948 0.011181 0.076488 0.096100 -0.553419 0.782831 0.267672     0.590903 0.011261 0.076628 0.097263 -0.553146 0.782311 0.269366     0.010926 0.004952 -0.001829 0.999967 0.001904 -0.005668 -0.005561     0.601784 0.016040 0.074723 0.103076 -0.550381 0.784828 0.265482     0.600447 0.016682 0.074540 0.104080 -0.550242 0.784956 0.265038     
0.596000 0.014000 0.063000 0.000000 -0.707100 0.707100 0.000000     0.586000 0.014000 0.059500 0.008995 0.723741 -0.689597 -0.023540     -0.009485 -0.000679 -0.004233 0.999352 0.010285 0.023005 0.024143     0.591358 0.016046 0.069303 0.080974 -0.558879 0.770625 0.295320     0.591944 0.015395 0.069189 0.080840 -0.559003 0.770306 0.295987     0.009467 0.001000 0.003161 0.999390 -0.013844 -0.024598 -0.020578     0.600424 0.017109 0.072661 0.098220 -0.551066 0.783752 0.269058     0.597118 0.018784 0.073044 0.102738 -0.549628 0.789432 0.253280     
0.596000 0.014000 0.063000 0.000000 -0.707100 0.707100 0.000000     0.586000 0.014000 0.063000 0.004990 0.703484 -0.710662 0.005049     -0.010143 -0.000272 -0.000323 0.999923 -0.007098 -0.000042 -0.005075     0.591020 0.016091 0.072971 0.097559 -0.544277 0.789503 0.266289     0.591073 0.015409 0.073072 0.097555 -0.544291 0.789486 0.266349     0.010894 -0.001105 0.001557 0.999978 0.005349 -0.002260 0.003192     0.601856 0.014911 0.074573 0.101403 -0.546866 0.786103 0.269588     0.600573 0.015677 0.074473 0.102767 -0.546679 0.786286 0.268953     
0.596000 0.014000 0.063000 0.000000 -0.707100 0.707100 0.000000     0.586000 0.014000 0.066500 0.005212 -0.710958 0.703189 -0.004337     -0.011150 0.000351 0.003183 0.999923 0.000618 -0.006752 0.005493     0.590842 0.016042 0.076569 0.104172 -0.553628 0.780942 0.269729     0.590923 0.015840 0.076433 0.104678 -0.553589 0.779635 0.273407     0.012081 -0.002004 -0.001053 0.999971 -0.002943 0.002092 -0.006639     0.602993 0.014032 0.075483 0.102697 -0.548170 0.785607 0.267889     0.601849 0.014965 0.075235 0.103558 -0.547954 0.785641 0.267938     
0.596000 0.014000 0.063000 0.000000 -0.707100 0.707100 0.000000     0.586000 0.019000 0.059500 0.009011 -0.722289 0.691050 -0.025472     -0.010634 0.005165 -0.003359 0.999352 -0.011639 -0.024382 0.022089     0.590409 0.021443 0.069678 0.106719 -0.572369 0.772982 0.251959     0.590413 0.021449 0.069395 0.108174 -0.572176 0.772550 0.253137     0.009983 -0.006903 0.004086 0.999620 0.005938 0.017707 -0.020253     0.600843 0.014232 0.073627 0.101493 -0.551402 0.784675 0.264426     0.599648 0.014875 0.073275 0.103683 -0.551003 0.784771 0.264159     
0.596000 0.014000 0.063000 0.000000 -0.707100 0.707100 0.000000     0.586000 0.019000 0.063000 0.007998 0.708907 -0.705239 0.002335     -0.010617 0.005058 -0.000184 0.999923 -0.007307 0.004004 0.002593     0.591069 0.021172 0.072929 0.092181 -0.549215 0.785765 0.269108     0.590394 0.021053 0.072815 0.094052 -0.549664 0.785183 0.269280     0.010585 -0.007137 0.000978 0.999955 0.006146 -0.006895 0.001956     0.601509 0.013932 0.074002 0.100444 -0.552016 0.782366 0.270319     0.600348 0.014838 0.073887 0.100994 -0.551816 0.782206 0.271022     
0.596000 0.014000 0.063000 0.000000 -0.707100 0.707100 0.000000     0.586000 0.019000 0.066500 0.008099 -0.709390 0.703948 -0.033728     -0.010214 0.005279 0.003068 0.999352 -0.018122 -0.029575 0.003848     0.590385 0.021402 0.076698 0.112214 -0.560116 0.784217 0.242203     0.590312 0.021556 0.076379 0.113625 -0.559807 0.784086 0.242723     0.008885 -0.005753 0.000434 0.999598 0.016239 0.023039 -0.003189     0.599751 0.015291 0.076991 0.103969 -0.549987 0.784340 0.267387     0.598407 0.015936 0.077136 0.105021 -0.549877 0.784644 0.266345     
0.596000 0.014000 0.063000 0.000000 -0.707100 0.707100 0.000000     0.586000 0.024000 0.059500 0.002037 -0.706138 0.708008 0.008382     -0.009879 0.009949 -0.003934 0.999923 0.007367 0.004487 -0.001323     0.591095 0.025839 0.069483 0.100904 -0.544542 0.783961 0.280497     0.591493 0.025685 0.069245 0.101944 -0.544468 0.782703 0.283792     0.010089 -0.010026 0.002893 0.999862 -0.009837 -0.012887 0.003609     0.600911 0.016047 0.072465 0.104624 -0.551903 0.783346 0.266093     0.599536 0.016633 0.072360 0.105868 -0.551749 0.783539 0.265390     
0.596000 0.014000 0.063000 0.000000 -0.707100 0.707100 0.000000     0.586000 0.024000 0.063000 0.004698 0.701930 -0.712216 0.001089     -0.009892 0.009726 -0.000510 0.999923 -0.004092 0.002552 -0.007273     0.591080 0.026008 0.072958 0.097769 -0.541545 0.790146 0.269849     0.591174 0.025455 0.072460 0.097756 -0.541495 0.790194 0.269854     0.010335 -0.010636 0.000946 0.999903 0.005550 -0.008128 0.009851     0.601213 0.015359 0.074007 0.104529 -0.550927 0.782443 0.270770     0.599996 0.016221 0.073880 0.105192 -0.550843 0.782323 0.271067     
0.596000 0.014000 0.063000 0.000000 -0.707100 0.707100 0.000000     0.586000 0.024000 0.066500 0.012808 0.714682 -0.698657 0.030422     -0.010549 0.010294 0.003351 0.999352 -0.030567 -0.012455 0.011331     0.590697 0.026721 0.076476 0.089924 -0.562571 0.785222 0.242558     0.590431 0.026871 0.076315 0.090402 -0.562529 0.785177 0.242664     0.008966 -0.008022 0.000238 0.999533 0.027847 0.006039 -0.011064     0.599838 0.018035 0.076789 0.103489 -0.549651 0.784868 0.266714     0.598419 0.018515 0.076874 0.104215 -0.549556 0.785163 0.265794     
0.596000 0.014000 0.063000 0.000000 -0.707100 0.707100 0.000000     0.591000 0.004000 0.059500 -0.000000 0.707100 -0.707100 -0.000000     -0.005275 -0.009777 -0.003280 0.999961 0.000000 0.000000 0.000000     0.596000 0.006000 0.069500 0.100035 -0.547560 0.784824 0.272401     0.595934 0.005935 0.069747 0.101345 -0.547193 0.783979 0.275110     0.004965 0.008216 0.003353 0.999990 -0.000884 0.003999 0.001522     0.601039 0.014249 0.072809 0.095997 -0.547748 0.784624 0.274047     0.599824 0.015105 0.072628 0.097691 -0.547377 0.784493 0.274600     
0.596000 0.014000 0.063000 0.000000 -0.707100 0.707100 0.000000     0.591000 0.004000 0.063000 0.007035 -0.711357 0.702628 -0.014731     -0.005463 -0.010249 -0.000166 0.999809 -0.005441 -0.015390 0.006173     0.595664 0.006169 0.073126 0.107437 -0.557058 0.781267 0.260279     0.595210 0.005673 0.072873 0.107492 -0.556955 0.781404 0.260106     0.003909 0.007619 0.001237 0.999835 0.007225 0.015492 -0.006169     0.599911 0.013583 0.074243 0.100946 -0.547338 0.784358 0.273849     0.598792 0.014543 0.074181 0.100728 -0.547334 0.784306 0.274122     
0.596000 0.014000 0.063000 0.000000 -0.707100 0.707100 0.000000     0.591000 0.004000 0.066500 0.021018 -0.696002 0.717714 -0.002790     -0.005665 -0.009383 0.003361 0.999618 0.012889 -0.016834 -0.015352     0.595715 0.005590 0.076710 0.124452 -0.538619 0.787767 0.271670     0.595425 0.005882 0.076499 0.126661 -0.538107 0.787617 0.272135     0.005325 0.007129 -0.001571 0.999661 -0.012239 0.018219 0.013983     0.601358 0.013103 0.074918 0.099667 -0.546026 0.785560 0.273490     0.600101 0.013852 0.074738 0.100606 -0.545762 0.785372 0.274251     
0.596000 0.014000 0.063000 0.000000 -0.707100 0.707100 0.000000     0.591000 0.009000 0.059500 0.000602 0.703419 -0.710727 0.007006     -0.005489 -0.004729 -0.003654 0.999923 -0.005379 -0.004528 -0.005168     0.595930 0.011056 0.069523 0.102047 -0.545255 0.788636 0.265173     0.595677 0.011225 0.069323 0.102518 -0.545251 0.788559 0.265267     0.004697 0.003919 0.002723 0.999967 0.004891 0.003534 0.005481     0.600676 0.014932 0.072231 0.100470 -0.548123 0.784685 0.271507     0.599497 0.015839 0.072136 0.100953 -0.548123 0.784467 0.271996     
0.596000 0.014000 0.063000 0.000000 -0.707100 0.707100 0.000000     0.591000 0.009000 0.063000 0.027522 -0.691857 0.721482 0.004656     -0.006913 -0.003755 -0.000130 0.999352 0.022753 -0.016168 -0.020947     0.595743 0.010335 0.073234 0.130828 -0.532914 0.788001 0.279144     0.595181 0.010655 0.073109 0.132785 -0.532745 0.787604 0.279698     0.006209 0.002451 0.001101 0.999362 -0.018748 0.020007 0.022874     0.602281 0.013389 0.074076 0.098604 -0.547467 0.783159 0.277848     0.600965 0.014064 0.073829 0.100119 -0.547114 0.783268 0.277730     
0.596000 0.014000 0.063000 0.000000 -0.707100 0.707100 0.000000     0.591000 0.009000 0.066500 0.000456 -0.701900 0.712084 0.015891     -0.005240 -0.005064 0.003240 0.999809 0.011559 0.010914 -0.007201     0.596244 0.010696 0.076431 0.099745 -0.537696 0.786591 0.286687     0.595974 0.010272 0.076131 0.101107 -0.538102 0.785992 0.287125     0.003861 0.004154 -0.001317 0.999850 -0.010757 -0.011664 0.006986     0.599847 0.015135 0.075194 0.101118 -0.547527 0.784637 0.272608     0.598511 0.015809 0.075109 0.102076 -0.547375 0.784666 0.272508     
0.596000 0.014000 0.063000 0.000000 -0.707100 0.707100 0.000000     0.591000 0.014000 0.059500 -0.000000 0.707100 -0.707100 -0.000000     -0.004667 -0.000732 -0.003459 0.999961 0.000000 0.000000 0.000000     0.596000 0.016000 0.069500 0.100035 -0.547560 0.784824 0.272401     0.596423 0.015161 0.069464 0.100689 -0.547982 0.783782 0.274341     0.006372 -0.000754 0.003152 0.999994 0.001167 -0.003090 0.001021     0.602306 0.015233 0.072687 0.102820 -0.549083 0.783633 0.271726     0.598423 0.017601 0.072523 0.107536 -0.547993 0.793228 0.242751     
0.596000 0.014000 0.063000 0.000000 -0.707100 0.707100 0.000000     0.591000 0.014000 0.063000 0.008339 -0.706983 0.707163 -0.002568     -0.005858 0.000243 -0.000179 0.999923 0.004080 -0.007712 -0.000127     0.595845 0.015917 0.073092 0.108353 -0.549132 0.782981 0.271358     0.594714 0.015867 0.072751 0.110481 -0.549550 0.782339 0.271541     0.005121 -0.000761 0.000089 0.999974 -0.002690 0.005266 0.004030     0.601056 0.015249 0.073119 0.101657 -0.551135 0.782049 0.272573     0.599776 0.015985 0.072921 0.102376 -0.551078 0.781800 0.273170     
0.596000 0.014000 0.063000 0.000000 -0.707100 0.707100 0.000000     0.591000 0.014000 0.066500 0.008888 -0.696883 0.717102 0.004604     -0.005210 -0.000200 0.003255 0.999809 0.009540 -0.003029 -0.014296     0.595992 0.015666 0.076565 0.111515 -0.536127 0.789631 0.276758     0.595849 0.015213 0.076278 0.111647 -0.536133 0.789579 0.276877     0.005724 -0.000887 -0.001746 0.999880 -0.005030 0.001465 0.014570     0.601693 0.015025 0.074786 0.103616 -0.547723 0.783280 0.275163     0.600545 0.015912 0.074824 0.103718 -0.547718 0.783193 0.275419     
0.596000 0.014000 0.063000 0.000000 -0.707100 0.707100 0.000000     0.591000 0.019000 0.059500 0.004992 0.710833 -0.703313 -0.004791     -0.004829 0.005111 -0.003765 0.999923 -0.000142 0.006918 0.005317     0.596116 0.021057 0.069429 0.093075 -0.549842 0.782613 0.276600     0.596372 0.020941 0.069216 0.094756 -0.549689 0.781634 0.279126     0.003210 -0.005324 0.003005 0.999966 -0.002746 -0.007256 -0.002791     0.599194 0.015759 0.072496 0.098013 -0.549901 0.784206 0.270192     0.597915 0.016408 0.072070 0.099696 -0.549499 0.784221 0.270386     
0.596000 0.014000 0.063000 0.000000 -0.707100 0.707100 0.000000     0.591000 0.019000 0.063000 0.007290 0.715223 -0.698762 -0.010769     -0.005530 0.005170 0.000047 0.999809 0.002460 0.012769 0.011639     0.596206 0.021070 0.072880 0.088174 -0.552887 0.778938 0.282447     0.595918 0.021130 0.072955 0.089867 -0.552613 0.778492 0.283712     0.005307 -0.005590 0.000590 0.999756 -0.002847 -0.018762 -0.011338     0.601186 0.015422 0.073647 0.104395 -0.549470 0.784167 0.268788     0.599862 0.016103 0.073473 0.105475 -0.549546 0.784451 0.267416     
0.596000 0.014000 0.063000 0.000000 -0.707100 0.707100 0.000000     0.591000 0.019000 0.066500 0.018815 0.712971 -0.700367 -0.028009     -0.005781 0.005466 0.003373 0.999352 0.006501 0.033109 0.008912     0.596616 0.020967 0.076174 0.075121 -0.544551 0.781007 0.296359     0.596173 0.021211 0.075998 0.077380 -0.544175 0.780974 0.296591     0.005795 -0.005609 -0.002974 0.999228 -0.011337 -0.036567 -0.008780     0.601727 0.015488 0.073540 0.100050 -0.548962 0.785798 0.266705     0.600458 0.016203 0.073445 0.101407 -0.548792 0.786331 0.265006     
0.596000 0.014000 0.063000 0.000000 -0.707100 0.707100 0.000000     0.591000 0.024000 0.059500 0.013549 -0.708743 0.705241 0.010718     -0.005532 0.010301 -0.003553 0.999809 0.017159 -0.002002 0.002476     0.595951 0.025680 0.069583 0.110312 -0.548248 0.778474 0.284979     0.595772 0.025637 0.069596 0.112040 -0.547751 0.778004 0.286576     0.003582 -0.010514 0.002581 0.999843 -0.017370 -0.003455 -0.000413     0.599464 0.015511 0.072134 0.103579 -0.550742 0.783147 0.269472     0.598201 0.016304 0.071981 0.104107 -0.550695 0.783718 0.267735     
0.596000 0.014000 0.063000 0.000000 -0.707100 0.707100 0.000000     0.591000 0.024000 0.063000 0.015518 -0.709898 0.704087 0.006847     -0.005740 0.010535 0.000018 0.999809 0.015814 -0.006131 0.004109     0.595861 0.025722 0.073119 0.112371 -0.550790 0.777533 0.281826     0.595461 0.025940 0.073096 0.113797 -0.550437 0.777451 0.282205     0.004075 -0.011325 0.001154 0.999887 -0.014576 0.002336 -0.002977     0.599994 0.014662 0.074197 0.103353 -0.549392 0.783455 0.271413     0.598606 0.015221 0.074265 0.103784 -0.549374 0.783460 0.271307     
0.596000 0.014000 0.063000 0.000000 -0.707100 0.707100 0.000000     0.591000 0.024000 0.066500 0.016043 0.715192 -0.698523 0.016997     -0.005240 0.009649 0.003202 0.999618 -0.023363 -0.000675 0.011786     0.595932 0.026582 0.076400 0.084526 -0.559144 0.784398 0.254782     0.595931 0.026167 0.076518 0.084529 -0.559148 0.784407 0.254780     0.005054 -0.010757 0.000452 0.999751 0.017885 -0.004731 -0.012479     0.600950 0.015346 0.076982 0.101396 -0.548909 0.786224 0.265047     0.599783 0.015958 0.076991 0.103361 -0.548562 0.786545 0.264089     
0.596000 0.014000 0.063000 0.000000 -0.707100 0.707100 0.000000     0.596000 0.004000 0.059500 0.006099 0.702181 -0.711804 0.014869     -0.000418 -0.009994 -0.003600 0.999809 -0.014826 -0.006201 -0.006805     0.600905 0.006229 0.069499 0.098621 -0.545308 0.791849 0.256647     0.600672 0.005883 0.069326 0.099923 -0.545817 0.791166 0.257206     -0.000487 0.009020 0.002869 0.999826 0.014580 0.008452 0.007980     0.600553 0.015037 0.072345 0.097814 -0.547925 0.784452 0.273544     0.599291 0.015809 0.072571 0.098985 -0.547537 0.784282 0.274420     
0.596000 0.014000 0.063000 0.000000 -0.707100 0.707100 0.000000     0.596000 0.004000 0.063000 0.004218 -0.707142 0.707004 0.007639     -0.000697 -0.009684 -0.000079 0.999923 0.008384 0.002418 0.000097     0.601048 0.005833 0.073008 0.102697 -0.546118 0.782699 0.280305     0.601186 0.006043 0.072437 0.103290 -0.546160 0.782400 0.280873     -0.000324 0.007214 0.000614 0.999983 -0.004926 -0.002707 0.001276     0.600665 0.013159 0.073631 0.101766 -0.548372 0.783092 0.275097     0.599372 0.013844 0.073812 0.101827 -0.548706 0.782797 0.275286     
0.596000 0.014000 0.063000 0.000000 -0.707100 0.707100 0.000000     0.596000 0.004000 0.066500 0.007857 -0.695443 0.718273 -0.019049     -0.000840 -0.009548 0.003128 0.999618 -0.007914 -0.019025 -0.016143     0.600681 0.006003 0.076653 0.114996 -0.540677 0.793647 0.254064     0.600320 0.006157 0.076464 0.115798 -0.540636 0.793540 0.254161     0.000234 0.008765 -0.001134 0.999721 0.008195 0.016167 0.015159     0.601181 0.014749 0.075396 0.102713 -0.547507 0.785007 0.270981     0.599971 0.015615 0.075229 0.103865 -0.547223 0.784973 0.271249     
0.596000 0.014000 0.063000 0.000000 -0.707100 0.707100 0.000000     0.596000 0.009000 0.059500 0.008736 0.699622 -0.713717 -0.032285     -0.000685 -0.004150 -0.003245 0.999352 0.016651 0.029005 -0.009967     0.601609 0.010565 0.069251 0.089042 -0.529837 0.788169 0.300189     0.601509 0.010897 0.069357 0.090556 -0.529451 0.787829 0.301341     0.001170 0.002843 0.002349 0.999182 -0.019178 -0.034356 0.009367     0.602065 0.013886 0.071892 0.103074 -0.548807 0.785259 0.267459     0.600953 0.014677 0.071271 0.103419 -0.548774 0.785522 0.266659     
0.596000 0.014000 0.063000 0.000000 -0.707100 0.707100 0.000000     0.596000 0.009000 0.063000 0.008703 0.706777 -0.707369 0.000474     -0.000341 -0.004491 -0.000172 0.999923 -0.006489 0.005819 -0.000419     0.601118 0.011125 0.072914 0.092025 -0.546274 0.787374 0.270442     0.600996 0.011115 0.072857 0.093047 -0.545932 0.787211 0.271292     -0.000285 0.003916 -0.000602 0.999972 0.005519 -0.005104 0.000487     0.600729 0.014936 0.072386 0.098924 -0.547515 0.785123 0.272037     0.599550 0.015829 0.072188 0.099736 -0.547301 0.784909 0.272821     
0.596000 0.014000 0.063000 0.000000 -0.707100 0.707100 0.000000     0.596000 0.009000 0.066500 -0.000000 0.707100 -0.707100 -0.000000     -0.000463 -0.004446 0.003328 0.999961 0.000000 0.000000 0.000000     0.601000 0.011000 0.076500 0.100035 -0.547560 0.784824 0.272401     0.600709 0.010996 0.076300 0.101855 -0.547577 0.784406 0.272933     -0.000168 0.003979 -0.003114 0.999997 -0.001548 -0.001883 -0.000210     0.600795 0.015008 0.073399 0.100721 -0.548062 0.785170 0.270134     0.599644 0.015918 0.073131 0.101357 -0.548007 0.785064 0.270351     
0.596000 0.014000 0.063000 0.000000 -0.707100 0.707100 0.000000     0.596000 0.014000 0.059500 0.016680 -0.710294 0.703690 0.002132     -0.000805 0.000408 -0.003446 0.999809 0.013302 -0.010287 0.004669     0.600775 0.015778 0.069651 0.114105 -0.552613 0.777495 0.277634     0.600918 0.015426 0.069521 0.115468 -0.552675 0.776368 0.280125     -0.000188 -0.000523 0.003160 0.999917 -0.010118 0.007468 -0.002812     0.600749 0.015432 0.072701 0.103478 -0.549462 0.782645 0.273550     0.599499 0.016217 0.072645 0.104359 -0.549190 0.782382 0.274551     
0.596000 0.014000 0.063000 0.000000 -0.707100 0.707100 0.000000     0.596000 0.014000 0.063000 0.031517 -0.698148 0.715191 -0.008909     -0.000869 0.000617 -0.000213 0.999352 0.015986 -0.028585 -0.012051     0.600461 0.015561 0.073328 0.134445 -0.543955 0.783731 0.267924     0.600401 0.015867 0.072734 0.136784 -0.543412 0.783426 0.268770     -0.000244 -0.002202 -0.000663 0.999598 -0.011210 0.024762 0.008061     0.600694 0.013664 0.072393 0.106727 -0.544927 0.785363 0.273584     0.599471 0.014406 0.071973 0.107573 -0.544684 0.785234 0.274145     
0.596000 0.014000 0.063000 0.000000 -0.707100 0.707100 0.000000     0.596000 0.014000 0.066500 0.003666 -0.707917 0.706230 -0.007829     -0.000005 0.000109 0.003272 0.999923 -0.002944 -0.008128 0.001193     0.600832 0.016071 0.076568 0.104473 -0.550984 0.784130 0.265749     0.600911 0.015552 0.076369 0.105742 -0.551249 0.783243 0.267346     -0.001743 -0.001229 -0.002919 0.999978 0.003451 0.005635 0.000923     0.599198 0.014782 0.073608 0.101709 -0.549837 0.783276 0.271650     0.597886 0.015499 0.073514 0.103494 -0.549369 0.783501 0.271310     
0.596000 0.014000 0.063000 0.000000 -0.707100 0.707100 0.000000     0.596000 0.019000 0.059500 0.004665 0.709862 -0.703477 -0.034290     -0.002021 0.006011 -0.003530 0.999352 0.020948 0.027544 0.004514     0.601529 0.020633 0.069286 0.088596 -0.541170 0.778923 0.304211     0.601129 0.020831 0.069179 0.091403 -0.540361 0.777944 0.307341     0.001294 -0.005277 0.001719 0.999492 -0.016833 -0.027059 -0.000431     0.602289 0.015684 0.071229 0.100649 -0.550283 0.781484 0.276263     0.601956 0.015907 0.071261 0.103074 -0.549837 0.780842 0.278102     
0.596000 0.014000 0.063000 0.000000 -0.707100 0.707100 0.000000     0.596000 0.019000 0.063000 0.012611 -0.698620 0.715365 -0.002310     -0.000555 0.005352 -0.000430 0.999809 0.007284 -0.010550 -0.011840     0.600832 0.020737 0.073131 0.115514 -0.540329 0.788148 0.271115     0.600541 0.020934 0.072871 0.116928 -0.540121 0.787992 0.271415     -0.000732 -0.005662 -0.000323 0.999924 -0.006401 0.008569 0.006076     0.600250 0.015263 0.072700 0.103645 -0.543493 0.787531 0.271382     0.598967 0.016005 0.072473 0.105698 -0.543012 0.787830 0.270722     
0.596000 0.014000 0.063000 0.000000 -0.707100 0.707100 0.000000     0.596000 0.019000 0.066500 0.023774 -0.724437 0.688901 0.004621     -0.000171 0.005190 0.003150 0.999352 0.020078 -0.013543 0.025127     0.600630 0.020836 0.076708 0.114753 -0.568628 0.763763 0.283091     0.600550 0.020546 0.076445 0.116358 -0.568888 0.762992 0.284026     -0.001533 -0.006743 -0.002371 0.999474 -0.018662 0.011597 -0.023871     0.599423 0.014242 0.074154 0.101980 -0.548955 0.783549 0.272544     0.598113 0.014908 0.073876 0.103180 -0.548705 0.783662 0.272304     
0.596000 0.014000 0.063000 0.000000 -0.707100 0.707100 0.000000     0.596000 0.024000 0.059500 0.019982 -0.710789 0.702550 -0.028013     -0.000373 0.009628 -0.003732 0.999352 -0.005678 -0.033937 0.005826     0.600287 0.026169 0.069792 0.121912 -0.561611 0.779308 0.249778     0.599887 0.025596 0.069552 0.122024 -0.561612 0.779266 0.249893     -0.000466 -0.011434 0.002799 0.999486 0.010953 0.029352 -0.006834     0.600446 0.014449 0.072365 0.106834 -0.547330 0.783588 0.273837     0.599258 0.015279 0.072178 0.107990 -0.547159 0.784184 0.272048     
0.596000 0.014000 0.063000 0.000000 -0.707100 0.707100 0.000000     0.596000 0.024000 0.063000 0.021022 0.716983 -0.696732 -0.006185     -0.000663 0.010147 0.000211 0.999618 -0.010491 0.019237 0.014320     0.601318 0.026355 0.072756 0.075257 -0.554420 0.781496 0.276041     0.601022 0.026391 0.073016 0.076295 -0.554306 0.781112 0.277106     0.000178 -0.010798 0.000790 0.999579 0.010408 -0.025259 -0.009770     0.601038 0.015251 0.073849 0.103431 -0.552741 0.781810 0.269319     0.599794 0.015911 0.073812 0.104351 -0.552444 0.782557 0.267435     
0.596000 0.014000 0.063000 0.000000 -0.707100 0.707100 0.000000     0.596000 0.024000 0.066500 0.000585 0.704582 -0.709564 0.007962     -0.000626 0.010581 0.003647 0.999923 -0.006044 -0.005217 -0.003522     0.600910 0.026086 0.076527 0.101775 -0.546800 0.787847 0.264439     0.600588 0.026247 0.076534 0.102933 -0.546388 0.787798 0.265026     0.000755 -0.010891 -0.000826 0.999988 0.004904 -0.000331 -0.000034     0.601658 0.015097 0.075724 0.104725 -0.546355 0.786526 0.268115     0.601126 0.015477 0.075508 0.107262 -0.545861 0.786528 0.268149     
0.596000 0.014000 0.063000 0.000000 -0.707100 0.707100 0.000000     0.601000 0.004000 0.059500 0.003180 -0.712339 0.701807 0.003254     0.004798 -0.009859 -0.003499 0.999923 0.004549 0.000052 0.007447     0.605971 0.005983 0.069518 0.100452 -0.552914 0.779483 0.276735     0.606063 0.005890 0.069568 0.101551 -0.552831 0.778802 0.278448     -0.005486 0.008760 0.002946 0.999970 0.000565 -0.005417 -0.005500     0.600398 0.014678 0.072519 0.106506 -0.550053 0.781800 0.273619     0.599331 0.015671 0.072198 0.107530 -0.549829 0.782470 0.271785     
0.596000 0.014000 0.063000 0.000000 -0.707100 0.707100 0.000000     0.601000 0.004000 0.063000 0.007397 0.710308 -0.703838 0.000706     0.004328 -0.009486 -0.000074 0.999923 -0.005730 0.004731 0.004575     0.606075 0.006160 0.072928 0.091934 -0.550414 0.784323 0.270942     0.605690 0.006460 0.072830 0.092496 -0.550276 0.784295 0.271151     -0.005275 0.008515 -0.000889 0.999956 0.005867 -0.007253 0.000983     0.600652 0.014568 0.072136 0.100581 -0.552587 0.781491 0.271630     0.599310 0.015238 0.072141 0.101297 -0.552413 0.781532 0.271636     
0.596000 0.014000 0.063000 0.000000 -0.707100 0.707100 0.000000     0.601000 0.004000 0.066500 0.000145 0.703390 -0.710756 0.007000     0.004400 -0.009569 0.003457 0.999923 -0.005052 -0.004847 -0.005208     0.605924 0.006050 0.076528 0.102487 -0.545277 0.788537 0.265250     0.605639 0.006199 0.076539 0.103661 -0.545094 0.788310 0.265884     -0.005381 0.007550 -0.003071 0.999985 0.001781 0.002365 0.004591     0.600571 0.013610 0.073441 0.100374 -0.548080 0.785792 0.268411     0.599234 0.014281 0.073366 0.101685 -0.547828 0.786343 0.266849     
0.596000 0.014000 0.063000 0.000000 -0.707100 0.707100 0.000000     0.601000 0.009000 0.059500 0.007854 -0.711780 0.701936 0.023981     0.004375 -0.004884 -0.003574 0.999618 0.022510 0.011403 0.006961     0.606202 0.010622 0.069465 0.101480 -0.547477 0.775753 0.296916     0.605804 0.010652 0.069375 0.103028 -0.547312 0.775469 0.297460     -0.005232 0.004377 0.002845 0.999709 -0.018349 -0.014938 -0.004646     0.600688 0.015319 0.072396 0.104372 -0.550011 0.782003 0.273945     0.599479 0.016198 0.072321 0.105204 -0.549791 0.782139 0.273716     
0.596000 0.014000 0.063000 0.000000 -0.707100 0.707100 0.000000     0.601000 0.009000 0.063000 0.017279 0.708673 -0.705311 -0.000593     0.003838 -0.004528 -0.000042 0.999809 -0.011799 0.012637 0.002377     0.606240 0.011258 0.072820 0.082993 -0.547080 0.787881 0.270257     0.605587 0.011502 0.072628 0.084230 -0.546982 0.787928 0.269971     -0.004975 0.003901 0.000136 0.999772 0.012484 -0.017192 0.002104     0.600915 0.014933 0.073184 0.102780 -0.552223 0.781750 0.270801     0.599703 0.015776 0.072951 0.103449 -0.551943 0.781928 0.270639     
0.596000 0.014000 0.063000 0.000000 -0.707100 0.707100 0.000000     0.601000 0.009000 0.066500 0.010564 -0.716232 0.697753 -0.004716     0.004419 -0.004513 0.003280 0.999809 0.004135 -0.010805 0.013066     0.605730 0.011044 0.076622 0.107204 -0.560261 0.775343 0.270996     0.605408 0.011180 0.076440 0.109257 -0.560094 0.774941 0.271704     -0.005459 0.003909 -0.003062 0.999915 -0.004682 0.006564 -0.010285     0.600445 0.014948 0.073477 0.102270 -0.550962 0.783011 0.269917     0.599090 0.015580 0.073385 0.103707 -0.550715 0.783499 0.268491     
0.596000 0.014000 0.063000 0.000000 -0.707100 0.707100 0.000000     0.601000 0.014000 0.059500 0.018246 -0.718418 0.695297 -0.009220     0.004090 0.000553 -0.003803 0.999618 0.006382 -0.019421 0.016348     0.605541 0.016027 0.069711 0.114284 -0.564855 0.771922 0.268318     0.605206 0.016266 0.069540 0.115349 -0.564666 0.771852 0.268499     -0.005593 -0.000940 0.002006 0.999733 -0.005241 0.016971 -0.014754     0.600351 0.015053 0.071535 0.102152 -0.549362 0.783395 0.272101     0.599091 0.015853 0.071423 0.103233 -0.549085 0.783457 0.272111     
0.596000 0.014000 0.063000 0.000000 -0.707100 0.707100 0.000000     0.601000 0.014000 0.063000 0.021370 -0.724097 0.689242 0.012403     0.004866 0.000286 -0.000539 0.999352 0.023880 -0.006341 0.024646     0.605779 0.015760 0.073152 0.111313 -0.565908 0.763711 0.289971     0.605896 0.015846 0.072794 0.113112 -0.565507 0.763215 0.291394     -0.007358 -0.001661 -0.000258 0.999451 -0.024396 0.004127 -0.022053     0.598588 0.014376 0.072761 0.100689 -0.550274 0.783304 0.271061     0.597217 0.014973 0.072736 0.101484 -0.550080 0.783400 0.270922     
0.596000 0.014000 0.063000 0.000000 -0.707100 0.707100 0.000000     0.601000 0.014000 0.066500 0.011262 0.699344 -0.714372 0.021106     0.003896 0.000460 0.003295 0.999618 -0.022887 -0.006960 -0.010626     0.605907 0.016352 0.076469 0.095825 -0.543218 0.795912 0.249471     0.605121 0.016562 0.076346 0.097289 -0.543158 0.795918 0.249055     -0.005118 0.000117 -0.001497 0.999648 0.023284 0.006449 0.010946     0.600871 0.016112 0.075010 0.100576 -0.547899 0.784495 0.272467     0.600716 0.016178 0.075089 0.102899 -0.547378 0.783372 0.275894     
0.596000 0.014000 0.063000 0.000000 -0.707100 0.707100 0.000000     0.601000 0.019000 0.059500 -0.000000 0.707100 -0.707100 -0.000000     0.003858 0.005468 -0.003700 0.999961 0.000000 0.000000 0.000000     0.606000 0.021000 0.069500 0.100035 -0.547560 0.784824 0.272401     0.605398 0.021240 0.069175 0.102238 -0.547152 0.784884 0.272267     -0.004513 -0.006179 0.002690 0.999999 -0.000518 -0.001258 0.000721     0.601459 0.014839 0.072200 0.100541 -0.548520 0.784444 0.271378     0.600828 0.015206 0.072055 0.103297 -0.547945 0.784294 0.271973     
0.596000 0.014000 0.063000 0.000000 -0.707100 0.707100 0.000000     0.601000 0.019000 0.063000 0.007691 -0.724120 0.689595 0.005486     0.005384 0.004352 -0.000244 0.999618 0.009317 -0.001560 0.024412     0.605870 0.021054 0.073053 0.099677 -0.566025 0.768494 0.281209     0.606797 0.020677 0.072676 0.099663 -0.566033 0.768499 0.281217     -0.006976 -0.005508 0.000828 0.999711 -0.013415 0.000345 -0.019963     0.598984 0.015619 0.073821 0.097403 -0.551760 0.783378 0.269023     0.596026 0.017063 0.073947 0.101480 -0.550486 0.787541 0.257772     
0.596000 0.014000 0.063000 0.000000 -0.707100 0.707100 0.000000     0.601000 0.019000 0.066500 0.007521 0.704122 -0.710024 0.001471     0.005389 0.004174 0.003278 0.999923 -0.006358 0.004278 -0.004173     0.606102 0.021085 0.076431 0.094328 -0.543734 0.789239 0.269326     0.606642 0.020433 0.076375 0.093390 -0.544423 0.788432 0.270662     -0.005062 -0.004437 -0.002804 0.999986 0.002534 -0.003406 0.003041     0.600960 0.016628 0.073672 0.097574 -0.546805 0.786571 0.269757     0.599689 0.017418 0.073636 0.098785 -0.546844 0.786376 0.269843     
0.596000 0.014000 0.063000 0.000000 -0.707100 0.707100 0.000000     0.601000 0.024000 0.059500 0.012872 -0.714624 0.699361 0.004734     0.004397 0.010228 -0.003404 0.999809 0.012449 -0.005754 0.010793     0.605843 0.025856 0.069605 0.108413 -0.556269 0.774828 0.280059     0.605415 0.025892 0.069789 0.109469 -0.556081 0.774452 0.281095     -0.005065 -0.010092 0.002532 0.999828 -0.014261 0.002080 -0.011642     0.600865 0.015938 0.072061 0.102110 -0.548117 0.785390 0.268856     0.599645 0.016641 0.071554 0.104008 -0.547531 0.785604 0.268734     
0.596000 0.014000 0.063000 0.000000 -0.707100 0.707100 0.000000     0.601000 0.024000 0.063000 0.002877 0.715296 -0.698689 0.012586     0.004504 0.010065 -0.000145 0.999809 -0.010934 -0.006865 0.011742     0.605812 0.026334 0.073020 0.096222 -0.559656 0.780566 0.261194     0.605396 0.026077 0.072797 0.098388 -0.559740 0.780196 0.261351     -0.004837 -0.010017 0.001234 0.999866 0.011069 0.006785 -0.009953     0.601154 0.015998 0.074236 0.099707 -0.548975 0.783794 0.272638     0.599984 0.016888 0.074084 0.100472 -0.548975 0.783352 0.273661     
0.596000 0.014000 0.063000 0.000000 -0.707100 0.707100 0.000000     0.601000 0.024000 0.066500 -0.000000 0.707100 -0.707100 -0.000000     0.004000 0.010539 0.003467 0.999961 0.000000 0.000000 0.000000     0.606000 0.026000 0.076500 0.100035 -0.547560 0.784824 0.272401     0.605361 0.026287 0.076444 0.101186 -0.547284 0.784889 0.272381     -0.004293 -0.010406 -0.001588 0.999993 -0.002871 0.001352 -0.002217     0.601743 0.015629 0.074887 0.098005 -0.545734 0.786949 0.270665     0.600553 0.016524 0.074839 0.098920 -0.545404 0.786790 0.271497     
0.596000 0.014000 0.063000 0.000000 -0.707100 0.707100 0.000000     0.606000 0.004000 0.059500 0.005347 0.709359 -0.704625 -0.016272     0.009784 -0.009727 -0.003942 0.999809 0.007725 0.015287 0.003347     0.611291 0.005881 0.069373 0.091340 -0.545167 0.782296 0.287128     0.611279 0.005956 0.069087 0.092187 -0.545171 0.782003 0.287683     -0.009617 0.007278 0.002409 0.999825 -0.012111 -0.011646 -0.008218     0.601475 0.013314 0.071855 0.096192 -0.543092 0.789054 0.270504     0.600240 0.014078 0.071754 0.096847 -0.542734 0.789892 0.268572     
0.596000 0.014000 0.063000 0.000000 -0.707100 0.707100 0.000000     0.606000 0.004000 0.063000 0.000945 0.702799 -0.711347 0.006223     0.009829 -0.009824 -0.000179 0.999923 -0.005069 -0.003732 -0.006044     0.610950 0.006041 0.073017 0.101831 -0.544319 0.789111 0.265764     0.610985 0.006098 0.072982 0.102730 -0.544157 0.788757 0.266838     -0.009915 0.008699 0.001093 0.999950 0.008208 0.001187 0.005643     0.601036 0.014632 0.074131 0.103857 -0.547594 0.783939 0.273448     0.599884 0.015565 0.074004 0.104364 -0.547426 0.783797 0.274034     
0.596000 0.014000 0.063000 0.000000 -0.707100 0.707100 0.000000     0.606000 0.004000 0.066500 -0.000000 0.707100 -0.707100 -0.000000     0.008887 -0.009492 0.003437 0.999961 0.000000 0.000000 0.000000     0.611000 0.006000 0.076500 0.100035 -0.547560 0.784824 0.272401     0.610375 0.006377 0.076453 0.101274 -0.547461 0.784776 0.272319     -0.009189 0.008808 -0.003654 0.999999 -0.000975 0.000156 0.001174     0.601809 0.014839 0.072840 0.099058 -0.548536 0.784462 0.271839     0.600408 0.015365 0.072919 0.100183 -0.548373 0.784496 0.271690     
0.596000 0.014000 0.063000 0.000000 -0.707100 0.707100 0.000000     0.606000 0.009000 0.059500 0.000189 -0.704148 0.709568 -0.025894     0.009513 -0.004306 -0.003944 0.999618 -0.018175 -0.018443 -0.003832     0.610646 0.011329 0.069599 0.105567 -0.551207 0.789760 0.247560     0.610412 0.011751 0.069335 0.106607 -0.551184 0.789584 0.247767     -0.010399 0.003428 0.002885 0.999691 0.016362 0.017760 0.005970     0.600577 0.014485 0.072385 0.099049 -0.549627 0.784049 0.270826     0.599292 0.015251 0.072356 0.099862 -0.549381 0.784026 0.271130     
0.596000 0.014000 0.063000 0.000000 -0.707100 0.707100 0.000000     0.606000 0.009000 0.063000 0.008841 0.723786 -0.689552 0.023533     0.009095 -0.004520 -0.000157 0.999352 -0.022892 -0.010389 0.024206     0.610678 0.011692 0.072993 0.088998 -0.571345 0.776288 0.251002     0.610074 0.011919 0.072893 0.090742 -0.571123 0.776221 0.251126     -0.008646 0.003686 0.001040 0.999581 0.020945 0.008758 -0.017963     0.602294 0.014787 0.074049 0.098638 -0.553098 0.781748 0.270561     0.601018 0.015547 0.074071 0.100056 -0.552671 0.781443 0.271828     
0.596000 0.014000 0.063000 0.000000 -0.707100 0.707100 0.000000     0.606000 0.009000 0.066500 0.033666 0.704046 -0.709292 -0.008415     0.009224 -0.004588 0.003361 0.999352 -0.017854 0.029755 -0.003709     0.611600 0.011311 0.076107 0.067854 -0.537996 0.794217 0.274145     0.611129 0.011536 0.076067 0.069414 -0.537795 0.794125 0.274451     -0.008256 0.004167 -0.001854 0.999361 0.017769 -0.030085 0.007553     0.602720 0.015209 0.074649 0.099194 -0.550693 0.782733 0.272409     0.601432 0.015958 0.074793 0.100850 -0.550384 0.782921 0.271922     
0.596000 0.014000 0.063000 0.000000 -0.707100 0.707100 0.000000     0.606000 0.014000 0.059500 0.001401 0.700996 -0.713151 -0.000562     0.009149 0.000444 -0.003589 0.999923 -0.000593 0.001388 -0.008595     0.611061 0.015925 0.069484 0.100957 -0.540475 0.789801 0.271826     0.610638 0.016158 0.069335 0.102107 -0.540329 0.789691 0.272042     -0.009514 -0.000225 0.002568 0.999986 0.001083 -0.001242 0.005102     0.601502 0.015730 0.072068 0.101136 -0.544725 0.786612 0.272521     0.600246 0.016464 0.071708 0.102842 -0.544509 0.786970 0.271314     
0.596000 0.014000 0.063000 0.000000 -0.707100 0.707100 0.000000     0.606000 0.014000 0.063000 0.005102 0.707734 -0.706413 0.007017     0.009868 0.000082 0.000009 0.999923 -0.008570 -0.001354 0.000934     0.610969 0.016181 0.072978 0.096146 -0.549498 0.786482 0.265017     0.611008 0.016117 0.073100 0.096918 -0.549439 0.785906 0.266600     -0.009219 -0.000458 -0.000370 0.999976 0.006653 0.000660 -0.001786     0.601770 0.015572 0.072630 0.099754 -0.547266 0.785745 0.270434     0.600529 0.016342 0.072302 0.100884 -0.547188 0.785987 0.269502     
0.596000 0.014000 0.063000 0.000000 -0.707100 0.707100 0.000000     0.606000 0.014000 0.066500 -0.000000 0.707100 -0.707100 -0.000000     0.009545 0.000411 0.003178 0.999961 0.000000 0.000000 0.000000     0.611000 0.016000 0.076500 0.100035 -0.547560 0.784824 0.272401     0.610803 0.016234 0.076284 0.101948 -0.547227 0.784613 0.273004     -0.009289 0.000122 -0.002804 0.999998 0.000760 -0.000910 0.001339     0.601687 0.016120 0.073709 0.100800 -0.548782 0.783791 0.272634     0.600415 0.016894 0.073569 0.102038 -0.548532 0.783634 0.273163     
0.596000 0.014000 0.063000 0.000000 -0.707100 0.707100 0.000000     0.606000 0.019000 0.059500 0.003185 -0.700931 0.713053 -0.014865     0.009096 0.005528 -0.003590 0.999809 -0.008259 -0.012763 -0.008571     0.610778 0.021082 0.069591 0.107849 -0.545052 0.790371 0.258032     0.610229 0.021341 0.069405 0.109378 -0.544821 0.790352 0.257973     -0.009534 -0.005084 0.003805 0.999822 0.009402 0.013191 0.009630     0.601470 0.015904 0.073305 0.100044 -0.548149 0.783978 0.273645     0.600057 0.016398 0.073396 0.101716 -0.547764 0.783880 0.274117     
0.596000 0.014000 0.063000 0.000000 -0.707100 0.707100 0.000000     0.606000 0.019000 0.063000 0.007037 -0.710720 0.703426 -0.000186     0.009204 0.005256 0.000198 0.999923 0.004844 -0.005107 0.005157     0.610877 0.020954 0.073070 0.105287 -0.552493 0.780140 0.273913     0.610438 0.021079 0.073209 0.107201 -0.552057 0.779781 0.275104     -0.009436 -0.005554 -0.000316 0.999955 -0.006486 -0.000494 -0.006966     0.601459 0.015462 0.072733 0.103992 -0.547852 0.785678 0.267834     0.601333 0.015588 0.072125 0.106296 -0.547635 0.785171 0.268894     
0.596000 0.014000 0.063000 0.000000 -0.707100 0.707100 0.000000     0.606000 0.019000 0.066500 0.001632 0.688059 -0.725280 0.022860     0.010076 0.004332 0.003412 0.999352 -0.017318 -0.015011 -0.026318     0.610806 0.021090 0.076576 0.109441 -0.532392 0.801973 0.247791     0.611062 0.020345 0.076501 0.110383 -0.533110 0.800910 0.249303     -0.010281 -0.005512 0.000115 0.999510 0.016971 0.011490 0.023646     0.600660 0.015467 0.076649 0.103348 -0.546390 0.786044 0.269985     0.600011 0.015724 0.076574 0.106804 -0.546135 0.785348 0.271216     
0.596000 0.014000 0.063000 0.000000 -0.707100 0.707100 0.000000     0.606000 0.024000 0.059500 -0.000000 0.707100 -0.707100 -0.000000     0.009353 0.009963 -0.003620 0.999961 0.000000 0.000000 0.000000     0.611000 0.026000 0.069500 0.100035 -0.547560 0.784824 0.272401     0.610304 0.025737 0.069297 0.101487 -0.547900 0.784114 0.273261     -0.009739 -0.009091 0.003535 0.999999 -0.000984 -0.001242 -0.000089     0.601236 0.016928 0.073044 0.100495 -0.547926 0.785016 0.270939     0.600759 0.017137 0.073044 0.102952 -0.547347 0.784764 0.271951     
0.596000 0.014000 0.063000 0.000000 -0.707100 0.707100 0.000000     0.606000 0.024000 0.063000 0.005126 -0.704839 0.709307 -0.006316     0.009750 0.009860 -0.000424 0.999923 -0.000841 -0.008091 -0.003159     0.610850 0.025986 0.073076 0.106781 -0.547348 0.785944 0.266984     0.610434 0.025677 0.072796 0.108434 -0.548131 0.785010 0.267493     -0.009569 -0.008838 0.000185 0.999977 -0.002318 0.005875 0.002575     0.601389 0.017220 0.073195 0.100204 -0.548038 0.785762 0.268647     0.600182 0.017983 0.072749 0.102045 -0.547460 0.786060 0.268299     
0.596000 0.014000 0.063000 0.000000 -0.707100 0.707100 0.000000     0.606000 0.024000 0.066500 0.027538 0.691510 -0.721828 0.000204     0.009384 0.009980 0.003399 0.999352 -0.019616 0.019327 -0.021437     0.611471 0.026162 0.076216 0.079903 -0.527099 0.803362 0.265279     0.610837 0.025934 0.075937 0.081809 -0.527330 0.802948 0.265529     -0.010562 -0.008329 -0.001438 0.999451 0.018850 -0.017011 0.021268     0.600484 0.017685 0.075036 0.097820 -0.546902 0.785350 0.273010     0.600706 0.017749 0.074873 0.099756 -0.546212 0.784172 0.277084     
