0.596000 0.014000 0.063000 0.000000 -0.707100 0.707100 0.000000     0.596000 0.014000 0.063000 -0.000000 0.707100 -0.707100 -0.000000     0.000809 -0.000493 0.000159 0.999961 0.000000 0.000000 0.000000     0.601000 0.016000 0.073000 0.100035 -0.547560 0.784824 0.272401     0.601952 0.015415 0.073116 0.099985 -0.547574 0.784605 0.273058     0.000204 -0.001293 -0.001260 0.999977 0.001752 -0.005746 0.003070     0.601076 0.014702 0.071804 0.104665 -0.551347 0.782073 0.270931     0.599996 0.015728 0.071744 0.104261 -0.551436 0.782039 0.271042     
0.596000 0.014000 0.063000 0.000000 -0.707100 0.707100 0.000000     0.586000 0.004000 0.059500 0.007188 0.703607 -0.710539 -0.000676     -0.010263 -0.010256 -0.003565 0.999923 -0.004604 0.005561 -0.004901     0.591131 0.006042 0.069425 0.094480 -0.542638 0.789289 0.271332     0.590984 0.005733 0.069311 0.094495 -0.542647 0.789290 0.271343     0.010925 0.010190 0.002129 0.999950 0.003703 -0.008969 0.002531     0.601866 0.016184 0.071659 0.102877 -0.546692 0.786023 0.269614     0.600807 0.017052 0.071060 0.102724 -0.546724 0.786140 0.269305     
0.596000 0.014000 0.063000 0.000000 -0.707100 0.707100 0.000000     0.586000 0.004000 0.063000 0.002965 0.703472 -0.710674 -0.006436     -0.010357 -0.009722 0.000059 0.999923 0.002454 0.006647 -0.005093     0.591152 0.005899 0.072942 0.097545 -0.541485 0.787579 0.277447     0.591108 0.006000 0.072950 0.098241 -0.541397 0.787297 0.278210     0.009945 0.009523 -0.000741 0.999941 -0.001915 -0.010650 0.001100     0.600880 0.015472 0.072301 0.104585 -0.545462 0.786429 0.270263     0.599554 0.016154 0.072297 0.105167 -0.545485 0.787056 0.268197     
0.596000 0.014000 0.063000 0.000000 -0.707100 0.707100 0.000000     0.586000 0.004000 0.066500 0.014522 -0.696051 0.717664 0.015517     -0.010521 -0.009531 0.003073 0.999618 0.021240 0.000703 -0.015283     0.591066 0.005420 0.076566 0.115242 -0.533061 0.787208 0.287834     0.590856 0.005675 0.076317 0.116324 -0.533066 0.787025 0.287925     0.010450 0.008534 -0.001867 0.999776 -0.015675 -0.006115 0.012842     0.601351 0.014397 0.074708 0.107978 -0.546618 0.783993 0.273650     0.600105 0.015140 0.074353 0.109288 -0.546378 0.784008 0.273604     
0.596000 0.014000 0.063000 0.000000 -0.707100 0.707100 0.000000     0.586000 0.009000 0.059500 0.002768 0.711679 -0.702468 0.005106     -0.010294 -0.004774 -0.003886 0.999923 -0.005567 -0.001653 0.006513     0.590940 0.011176 0.069493 0.096505 -0.553658 0.782579 0.267768     0.591125 0.011188 0.069409 0.097206 -0.553604 0.782114 0.269019     0.010749 0.006019 0.002556 0.999913 0.009793 -0.003989 -0.007833     0.601640 0.016921 0.072128 0.107138 -0.547603 0.783841 0.272444     0.600506 0.017768 0.071641 0.108433 -0.547285 0.783960 0.272266     
0.596000 0.014000 0.063000 0.000000 -0.707100 0.707100 0.000000     0.586000 0.009000 0.063000 0.007010 0.704558 -0.709588 0.003790     -0.010737 -0.004483 -0.000322 0.999923 -0.007636 0.002277 -0.003557     0.591060 0.011117 0.072946 0.095031 -0.544891 0.789050 0.267289     0.590582 0.011380 0.072751 0.096196 -0.544682 0.789075 0.267260     0.010960 0.003293 -0.000556 0.999943 0.007758 -0.006300 0.003833     0.601878 0.014292 0.072484 0.103199 -0.548831 0.784244 0.270326     0.600659 0.015151 0.072358 0.103501 -0.548842 0.784167 0.270447     
0.596000 0.014000 0.063000 0.000000 -0.707100 0.707100 0.000000     0.586000 0.009000 0.066500 0.003262 0.711520 -0.702627 0.005096     -0.010087 -0.004851 0.003620 0.999923 -0.005910 -0.001297 0.006288     0.590948 0.011181 0.076488 0.096100 -0.553419 0.782831 0.267672     0.591019 0.010955 0.076682 0.097413 -0.552934 0.782109 0.270336     0.010417 0.005325 -0.003146 0.999946 0.005701 -0.006197 -0.006112     0.601266 0.016331 0.073426 0.105737 -0.549715 0.784050 0.268103     0.599960 0.017027 0.073194 0.106334 -0.549811 0.784479 0.266446     
0.596000 0.014000 0.063000 0.000000 -0.707100 0.707100 0.000000     0.586000 0.014000 0.059500 0.008995 0.723741 -0.689597 -0.023540     -0.010470 0.000403 -0.003411 0.999352 0.010285 0.023005 0.024143     0.591358 0.016046 0.069303 0.080974 -0.558879 0.770625 0.295320     0.591183 0.016166 0.069392 0.082777 -0.558411 0.770319 0.296536     0.010019 0.000165 0.001114 0.999390 -0.012083 -0.019356 -0.026429     0.601102 0.016174 0.070571 0.096892 -0.544867 0.786927 0.272870     0.599666 0.016595 0.070670 0.097575 -0.544789 0.787014 0.272566     
0.596000 0.014000 0.063000 0.000000 -0.707100 0.707100 0.000000     0.586000 0.014000 0.063000 0.004990 0.703484 -0.710662 0.005049     -0.010323 0.000315 -0.000476 0.999923 -0.007098 -0.000042 -0.005075     0.591020 0.016091 0.072971 0.097559 -0.544277 0.789503 0.266289     0.590890 0.016238 0.072641 0.098780 -0.544157 0.789342 0.266598     0.009431 0.000492 -0.000272 0.999928 0.008931 -0.006739 0.004299     0.600299 0.016446 0.072802 0.106589 -0.548555 0.784071 0.270072     0.598906 0.016996 0.072737 0.107495 -0.548516 0.784502 0.268574     
0.596000 0.014000 0.063000 0.000000 -0.707100 0.707100 0.000000     0.586000 0.014000 0.066500 0.005212 -0.710958 0.703189 -0.004337     -0.011019 0.000483 0.003177 0.999923 0.000618 -0.006752 0.005493     0.590842 0.016042 0.076569 0.104172 -0.553628 0.780942 0.269729     0.590175 0.016275 0.076422 0.105231 -0.553618 0.780877 0.269565     0.011474 -0.000836 -0.003098 0.999987 0.000171 0.002982 -0.004035     0.602393 0.015163 0.073442 0.103025 -0.549648 0.783431 0.271089     0.601298 0.016149 0.073308 0.103713 -0.549431 0.783288 0.271717     
0.596000 0.014000 0.063000 0.000000 -0.707100 0.707100 0.000000     0.586000 0.019000 0.059500 0.009011 -0.722289 0.691050 -0.025472     -0.010291 0.005365 -0.003812 0.999352 -0.011639 -0.024382 0.022089     0.590409 0.021443 0.069678 0.106719 -0.572369 0.772982 0.251959     0.590480 0.021640 0.069373 0.108253 -0.572050 0.772657 0.253064     0.009440 -0.006617 0.001649 0.999546 0.012967 0.016323 -0.021738     0.600276 0.014362 0.071233 0.106952 -0.549810 0.783549 0.268891     0.598964 0.015076 0.071123 0.107479 -0.549828 0.783585 0.268574     
0.596000 0.014000 0.063000 0.000000 -0.707100 0.707100 0.000000     0.586000 0.019000 0.063000 0.007998 0.708907 -0.705239 0.002335     -0.010410 0.004868 -0.000197 0.999923 -0.007307 0.004004 0.002593     0.591069 0.021172 0.072929 0.092181 -0.549215 0.785765 0.269108     0.590554 0.021036 0.072745 0.093139 -0.549296 0.785578 0.269196     0.010743 -0.005542 0.000608 0.999939 0.005770 -0.009252 -0.001813     0.601635 0.015497 0.073653 0.103101 -0.549714 0.784307 0.268377     0.600334 0.016241 0.073692 0.103819 -0.549630 0.784873 0.266652     
0.596000 0.014000 0.063000 0.000000 -0.707100 0.707100 0.000000     0.586000 0.019000 0.066500 0.008099 -0.709390 0.703948 -0.033728     -0.009962 0.004689 0.003161 0.999352 -0.018122 -0.029575 0.003848     0.590385 0.021402 0.076698 0.112214 -0.560116 0.784217 0.242203     0.590264 0.020842 0.076251 0.112486 -0.560461 0.783913 0.242304     0.009678 -0.005356 -0.001913 0.999769 0.011229 0.018194 -0.002276     0.600443 0.015798 0.074669 0.104762 -0.552535 0.784632 0.260888     0.599190 0.016560 0.074881 0.105055 -0.552578 0.784489 0.261149     
0.596000 0.014000 0.063000 0.000000 -0.707100 0.707100 0.000000     0.586000 0.024000 0.059500 0.002037 -0.706138 0.708008 0.008382     -0.010154 0.010409 -0.003752 0.999923 0.007367 0.004487 -0.001323     0.591095 0.025839 0.069483 0.100904 -0.544542 0.783961 0.280497     0.591075 0.025987 0.069313 0.101737 -0.544277 0.783876 0.280982     0.011284 -0.009373 0.001172 0.999970 -0.001378 -0.007495 0.001034     0.602224 0.016504 0.070725 0.105736 -0.547578 0.783005 0.275431     0.601008 0.017311 0.070389 0.106086 -0.547491 0.783012 0.275484     
0.596000 0.014000 0.063000 0.000000 -0.707100 0.707100 0.000000     0.586000 0.024000 0.063000 0.004698 0.701930 -0.712216 0.001089     -0.010063 0.010159 -0.000403 0.999923 -0.004092 0.002552 -0.007273     0.591080 0.026008 0.072958 0.097769 -0.541545 0.790146 0.269849     0.591364 0.026038 0.072798 0.098674 -0.541253 0.789639 0.271624     0.010466 -0.009745 -0.000248 0.999929 0.002551 -0.008561 0.007874     0.601343 0.016290 0.072805 0.103783 -0.549789 0.784301 0.267980     0.599985 0.016925 0.072816 0.104606 -0.549696 0.784546 0.267169     
0.596000 0.014000 0.063000 0.000000 -0.707100 0.707100 0.000000     0.586000 0.024000 0.066500 0.012808 0.714682 -0.698657 0.030422     -0.010343 0.010369 0.003386 0.999352 -0.030567 -0.012455 0.011331     0.590697 0.026721 0.076476 0.089924 -0.562571 0.785222 0.242558     0.590561 0.026914 0.076452 0.091519 -0.562245 0.784910 0.243763     0.010035 -0.010138 -0.002440 0.999412 0.030949 0.004291 -0.014118     0.600885 0.015827 0.074141 0.107337 -0.547330 0.785582 0.267862     0.599610 0.016549 0.073869 0.107791 -0.547190 0.785568 0.268044     
0.596000 0.014000 0.063000 0.000000 -0.707100 0.707100 0.000000     0.591000 0.004000 0.059500 -0.000000 0.707100 -0.707100 -0.000000     -0.004606 -0.009882 -0.003622 0.999961 0.000000 0.000000 0.000000     0.596000 0.006000 0.069500 0.100035 -0.547560 0.784824 0.272401     0.596624 0.005689 0.069516 0.100460 -0.547198 0.783356 0.277190     0.004381 0.009626 0.003030 0.999991 -0.003258 -0.001517 -0.002215     0.600359 0.015669 0.072532 0.100044 -0.546556 0.786766 0.268790     0.598981 0.016256 0.072574 0.101424 -0.546440 0.787227 0.267190     
0.596000 0.014000 0.063000 0.000000 -0.707100 0.707100 0.000000     0.591000 0.004000 0.063000 0.007035 -0.711357 0.702628 -0.014731     -0.005585 -0.009599 -0.000062 0.999809 -0.005441 -0.015390 0.006173     0.595664 0.006169 0.073126 0.107437 -0.557058 0.781267 0.260279     0.595326 0.006362 0.073065 0.108512 -0.556866 0.781117 0.260734     0.005459 0.008286 0.000106 0.999936 0.002868 0.009741 -0.004976     0.601341 0.014350 0.073151 0.102713 -0.550291 0.784289 0.267395     0.599982 0.014979 0.073180 0.103418 -0.550156 0.784778 0.266002     
0.596000 0.014000 0.063000 0.000000 -0.707100 0.707100 0.000000     0.591000 0.004000 0.066500 0.021018 -0.696002 0.717714 -0.002790     -0.005808 -0.009563 0.003434 0.999618 0.012889 -0.016834 -0.015352     0.595715 0.005590 0.076710 0.124452 -0.538619 0.787767 0.271670     0.595399 0.005864 0.076468 0.125830 -0.538567 0.787557 0.271783     0.005604 0.009295 -0.002423 0.999731 -0.010071 0.013394 0.016007     0.601534 0.015244 0.074122 0.104094 -0.548699 0.783336 0.272870     0.600338 0.016107 0.073873 0.104828 -0.548590 0.783258 0.273071     
0.596000 0.014000 0.063000 0.000000 -0.707100 0.707100 0.000000     0.591000 0.009000 0.059500 0.000602 0.703419 -0.710727 0.007006     -0.005399 -0.004591 -0.003667 0.999923 -0.005379 -0.004528 -0.005168     0.595930 0.011056 0.069523 0.102047 -0.545255 0.788636 0.265173     0.595754 0.011147 0.069408 0.102785 -0.545098 0.788543 0.265525     0.004812 0.003352 0.002215 0.999935 0.008864 0.000231 0.007222     0.600718 0.014301 0.071771 0.104777 -0.549949 0.782320 0.273009     0.599436 0.015073 0.071716 0.105658 -0.549776 0.782318 0.273060     
0.596000 0.014000 0.063000 0.000000 -0.707100 0.707100 0.000000     0.591000 0.009000 0.063000 0.027522 -0.691857 0.721482 0.004656     -0.005377 -0.004556 -0.000159 0.999352 0.022753 -0.016168 -0.020947     0.595743 0.010335 0.073234 0.130828 -0.532914 0.788001 0.279144     0.595500 0.010585 0.073158 0.131889 -0.532678 0.787869 0.279502     0.005302 0.004588 0.000331 0.999447 -0.025889 0.012088 0.017031     0.601232 0.015613 0.073361 0.102680 -0.546052 0.787297 0.267260     0.599826 0.016112 0.073224 0.103783 -0.545988 0.787325 0.266919     
0.596000 0.014000 0.063000 0.000000 -0.707100 0.707100 0.000000     0.591000 0.009000 0.066500 0.000456 -0.701900 0.712084 0.015891     -0.005042 -0.004987 0.003456 0.999809 0.011559 0.010914 -0.007201     0.596244 0.010696 0.076431 0.099745 -0.537696 0.786591 0.286687     0.596380 0.010189 0.076458 0.101501 -0.537238 0.785545 0.289813     0.005373 0.005045 -0.002148 0.999816 -0.013718 -0.013090 0.003048     0.601345 0.016046 0.074366 0.101773 -0.545115 0.787434 0.269110     0.599942 0.016563 0.074269 0.102962 -0.545045 0.787748 0.267915     
0.596000 0.014000 0.063000 0.000000 -0.707100 0.707100 0.000000     0.591000 0.014000 0.059500 -0.000000 0.707100 -0.707100 -0.000000     -0.006187 0.000571 -0.003692 0.999961 0.000000 0.000000 0.000000     0.596000 0.016000 0.069500 0.100035 -0.547560 0.784824 0.272401     0.596089 0.016103 0.069471 0.101233 -0.547277 0.784182 0.274403     0.005131 -0.000253 0.002901 0.999981 0.003237 -0.004996 0.001666     0.601024 0.015699 0.072463 0.105273 -0.549894 0.782515 0.272368     0.599893 0.016528 0.071940 0.106338 -0.549667 0.782586 0.272247     
0.596000 0.014000 0.063000 0.000000 -0.707100 0.707100 0.000000     0.591000 0.014000 0.063000 0.008339 -0.706983 0.707163 -0.002568     -0.006096 0.000508 0.000028 0.999923 0.004080 -0.007712 -0.000127     0.595845 0.015917 0.073092 0.108353 -0.549132 0.782981 0.271358     0.595980 0.016201 0.072545 0.109902 -0.548878 0.782606 0.272365     0.006306 -0.000067 -0.000579 0.999983 -0.003213 0.003559 0.003288     0.602210 0.015947 0.072465 0.102908 -0.551079 0.782420 0.271147     0.600800 0.016456 0.072415 0.103420 -0.551030 0.782470 0.270943     
0.596000 0.014000 0.063000 0.000000 -0.707100 0.707100 0.000000     0.591000 0.014000 0.066500 0.008888 -0.696883 0.717102 0.004604     -0.005674 0.000458 0.003249 0.999809 0.009540 -0.003029 -0.014296     0.595992 0.015666 0.076565 0.111515 -0.536127 0.789631 0.276758     0.595582 0.015853 0.076499 0.112850 -0.535985 0.789483 0.276949     0.005593 -0.000010 -0.002722 0.999860 -0.007632 -0.001645 0.014819     0.601498 0.015956 0.073832 0.104606 -0.549060 0.783504 0.271463     0.600310 0.016664 0.073253 0.106226 -0.548799 0.783579 0.271182     
0.596000 0.014000 0.063000 0.000000 -0.707100 0.707100 0.000000     0.591000 0.019000 0.059500 0.004992 0.710833 -0.703313 -0.004791     -0.005475 0.005186 -0.003702 0.999923 -0.000142 0.006918 0.005317     0.596116 0.021057 0.069429 0.093075 -0.549842 0.782613 0.276600     0.595999 0.021123 0.069444 0.094325 -0.549745 0.782076 0.277922     0.004844 -0.004991 0.001952 0.999901 0.005090 -0.011952 -0.005358     0.600742 0.015910 0.071521 0.106701 -0.548426 0.782962 0.273485     0.599552 0.016617 0.070951 0.107943 -0.548219 0.782980 0.273398     
0.596000 0.014000 0.063000 0.000000 -0.707100 0.707100 0.000000     0.591000 0.019000 0.063000 0.007290 0.715223 -0.698762 -0.010769     -0.005389 0.005100 0.000038 0.999809 0.002460 0.012769 0.011639     0.596206 0.021070 0.072880 0.088174 -0.552887 0.778938 0.282447     0.595712 0.020705 0.072800 0.090121 -0.553053 0.777979 0.284183     0.005164 -0.005190 -0.000032 0.999824 0.002365 -0.016320 -0.008945     0.601080 0.015742 0.073022 0.104705 -0.550223 0.781640 0.274428     0.600444 0.016054 0.072981 0.107294 -0.549804 0.781308 0.275247     
0.596000 0.014000 0.063000 0.000000 -0.707100 0.707100 0.000000     0.591000 0.019000 0.066500 0.018815 0.712971 -0.700367 -0.028009     -0.005209 0.005167 0.003066 0.999352 0.006501 0.033109 0.008912     0.596616 0.020967 0.076174 0.075121 -0.544551 0.781007 0.296359     0.596692 0.020996 0.075941 0.076524 -0.544431 0.780175 0.298441     0.005613 -0.004079 -0.003129 0.999196 -0.008668 -0.037497 -0.011272     0.601535 0.016940 0.073406 0.102966 -0.547074 0.786269 0.268085     0.601233 0.017372 0.072809 0.105370 -0.546595 0.786063 0.268767     
0.596000 0.014000 0.063000 0.000000 -0.707100 0.707100 0.000000     0.591000 0.024000 0.059500 0.013549 -0.708743 0.705241 0.010718     -0.005586 0.010342 -0.003434 0.999809 0.017159 -0.002002 0.002476     0.595951 0.025680 0.069583 0.110312 -0.548248 0.778474 0.284979     0.595752 0.025846 0.069592 0.112114 -0.547899 0.778119 0.285950     0.005484 -0.010391 0.002598 0.999890 -0.014290 -0.003053 -0.002368     0.601381 0.015554 0.072160 0.105516 -0.548791 0.783423 0.271888     0.600273 0.016356 0.071549 0.107075 -0.548461 0.783618 0.271420     
0.596000 0.014000 0.063000 0.000000 -0.707100 0.707100 0.000000     0.591000 0.024000 0.063000 0.015518 -0.709898 0.704087 0.006847     -0.005732 0.010319 -0.000093 0.999809 0.015814 -0.006131 0.004109     0.595861 0.025722 0.073119 0.112371 -0.550790 0.777533 0.281826     0.595399 0.025887 0.072949 0.113697 -0.550676 0.777359 0.282031     0.006462 -0.010668 0.000215 0.999883 -0.012778 0.004174 -0.007336     0.602434 0.015239 0.073247 0.104142 -0.545280 0.785553 0.273332     0.601213 0.016072 0.073043 0.106006 -0.545162 0.785820 0.272117     
0.596000 0.014000 0.063000 0.000000 -0.707100 0.707100 0.000000     0.591000 0.024000 0.066500 0.016043 0.715192 -0.698523 0.016997     -0.005272 0.010228 0.003067 0.999618 -0.023363 -0.000675 0.011786     0.595932 0.026582 0.076400 0.084526 -0.559144 0.784398 0.254782     0.595921 0.026642 0.076149 0.085398 -0.559093 0.784087 0.255595     0.005608 -0.010153 -0.001430 0.999655 0.022229 -0.004564 -0.013209     0.601510 0.015855 0.075116 0.103871 -0.547874 0.785464 0.268462     0.600185 0.016522 0.074913 0.105106 -0.547695 0.785749 0.267548     
0.596000 0.014000 0.063000 0.000000 -0.707100 0.707100 0.000000     0.596000 0.004000 0.059500 0.006099 0.702181 -0.711804 0.014869     -0.000333 -0.009986 -0.003678 0.999809 -0.014826 -0.006201 -0.006805     0.600905 0.006229 0.069499 0.098621 -0.545308 0.791849 0.256647     0.600547 0.005918 0.069407 0.099021 -0.545224 0.791779 0.256927     0.001201 0.009510 0.003019 0.999852 0.012315 -0.003622 0.011440     0.601984 0.015603 0.072606 0.105254 -0.554001 0.781976 0.265514     0.600747 0.016393 0.072775 0.105293 -0.554008 0.781941 0.265627     
0.596000 0.014000 0.063000 0.000000 -0.707100 0.707100 0.000000     0.596000 0.004000 0.063000 0.004218 -0.707142 0.707004 0.007639     -0.000721 -0.009519 -0.000248 0.999923 0.008384 0.002418 0.000097     0.601048 0.005833 0.073008 0.102697 -0.546118 0.782699 0.280305     0.600830 0.006031 0.072671 0.103206 -0.546001 0.782664 0.280478     0.001392 0.008161 0.000654 0.999967 -0.004723 -0.006544 -0.001214     0.602313 0.014077 0.073709 0.105577 -0.547469 0.783988 0.272900     0.601222 0.015005 0.073362 0.106314 -0.547288 0.784708 0.270936     
0.596000 0.014000 0.063000 0.000000 -0.707100 0.707100 0.000000     0.596000 0.004000 0.066500 0.007857 -0.695443 0.718273 -0.019049     -0.000458 -0.009613 0.003186 0.999618 -0.007914 -0.019025 -0.016143     0.600681 0.006003 0.076653 0.114996 -0.540677 0.793647 0.254064     0.600471 0.006178 0.076465 0.115463 -0.540605 0.793583 0.254243     0.000959 0.009181 -0.002376 0.999673 0.013013 0.007855 0.020569     0.601719 0.015115 0.074253 0.110535 -0.553332 0.779864 0.270921     0.600400 0.015823 0.074179 0.111038 -0.553490 0.780369 0.268967     
0.596000 0.014000 0.063000 0.000000 -0.707100 0.707100 0.000000     0.596000 0.009000 0.059500 0.008736 0.699622 -0.713717 -0.032285     -0.000576 -0.004420 -0.003601 0.999352 0.016651 0.029005 -0.009967     0.601609 0.010565 0.069251 0.089042 -0.529837 0.788169 0.300189     0.601346 0.010917 0.069165 0.089907 -0.529817 0.787901 0.300705     0.001677 0.004025 0.002607 0.999198 -0.015860 -0.036225 0.006230     0.602545 0.014970 0.072182 0.107248 -0.546609 0.785772 0.268809     0.601341 0.015842 0.072105 0.108125 -0.546281 0.785861 0.268901     
0.596000 0.014000 0.063000 0.000000 -0.707100 0.707100 0.000000     0.596000 0.009000 0.063000 0.008703 0.706777 -0.707369 0.000474     -0.000209 -0.005389 -0.000280 0.999923 -0.006489 0.005819 -0.000419     0.601118 0.011125 0.072914 0.092025 -0.546274 0.787374 0.270442     0.600860 0.010621 0.072594 0.091921 -0.546301 0.787410 0.270353     0.000965 0.004069 -0.000465 0.999947 0.005258 -0.008690 -0.001646     0.601916 0.015073 0.072559 0.102180 -0.546815 0.786009 0.269669     0.600713 0.015819 0.072072 0.103076 -0.546686 0.786358 0.268609     
0.596000 0.014000 0.063000 0.000000 -0.707100 0.707100 0.000000     0.596000 0.009000 0.066500 -0.000000 0.707100 -0.707100 -0.000000     -0.000504 -0.004653 0.003366 0.999961 0.000000 0.000000 0.000000     0.601000 0.011000 0.076500 0.100035 -0.547560 0.784824 0.272401     0.600801 0.011009 0.076319 0.100837 -0.547556 0.784635 0.272695     0.000921 0.003900 -0.003584 0.999988 0.000654 -0.004309 0.002290     0.601825 0.014910 0.072962 0.103149 -0.550459 0.782951 0.270781     0.600713 0.015675 0.072626 0.103351 -0.550351 0.783731 0.268695     
0.596000 0.014000 0.063000 0.000000 -0.707100 0.707100 0.000000     0.596000 0.014000 0.059500 0.016680 -0.710294 0.703690 0.002132     -0.001156 0.000555 -0.003439 0.999809 0.013302 -0.010287 0.004669     0.600775 0.015778 0.069651 0.114105 -0.552613 0.777495 0.277634     0.600936 0.015841 0.069632 0.114977 -0.552331 0.776664 0.280186     0.001019 -0.000779 0.002459 0.999945 -0.009995 0.001910 -0.002449     0.601842 0.015177 0.072055 0.107770 -0.551288 0.781799 0.270624     0.600789 0.016040 0.071429 0.108321 -0.551171 0.781888 0.270422     
0.596000 0.014000 0.063000 0.000000 -0.707100 0.707100 0.000000     0.596000 0.014000 0.063000 0.031517 -0.698148 0.715191 -0.008909     -0.000039 0.000000 -0.000374 0.999352 0.015986 -0.028585 -0.012051     0.600461 0.015561 0.073328 0.134445 -0.543955 0.783731 0.267924     0.600198 0.014773 0.072761 0.135211 -0.544381 0.783292 0.267996     0.000873 -0.000029 -0.000066 0.999707 -0.012234 0.015272 0.014257     0.601598 0.015913 0.073078 0.111962 -0.552523 0.781076 0.268481     0.600311 0.016657 0.073097 0.112180 -0.552796 0.780862 0.268488     
0.596000 0.014000 0.063000 0.000000 -0.707100 0.707100 0.000000     0.596000 0.014000 0.066500 0.003666 -0.707917 0.706230 -0.007829     -0.000699 0.000431 0.003116 0.999923 -0.002944 -0.008128 0.001193     0.600832 0.016071 0.076568 0.104473 -0.550984 0.784130 0.265749     0.600537 0.016255 0.076326 0.105086 -0.550959 0.784048 0.265839     0.000696 -0.000984 -0.003112 0.999976 0.005128 -0.001980 0.004321     0.601470 0.015025 0.073496 0.107701 -0.554349 0.780160 0.269124     0.600197 0.015816 0.073552 0.108029 -0.554379 0.780749 0.267254     
0.596000 0.014000 0.063000 0.000000 -0.707100 0.707100 0.000000     0.596000 0.019000 0.059500 0.004665 0.709862 -0.703477 -0.034290     -0.000140 0.004742 -0.003742 0.999352 0.020948 0.027544 0.004514     0.601529 0.020633 0.069286 0.088596 -0.541170 0.778923 0.304211     0.601181 0.020079 0.068906 0.088633 -0.541170 0.778927 0.304223     -0.000119 -0.003542 0.001539 0.999228 -0.021025 -0.032159 -0.008242     0.600801 0.017422 0.071085 0.104706 -0.545979 0.786329 0.269465     0.599459 0.018086 0.071141 0.105518 -0.545941 0.786538 0.268649     
0.596000 0.014000 0.063000 0.000000 -0.707100 0.707100 0.000000     0.596000 0.019000 0.063000 0.012611 -0.698620 0.715365 -0.002310     -0.000671 0.005377 -0.000367 0.999809 0.007284 -0.010550 -0.011840     0.600832 0.020737 0.073131 0.115514 -0.540329 0.788148 0.271115     0.600526 0.020875 0.072912 0.115951 -0.540269 0.788111 0.271191     0.000074 -0.004770 0.000021 0.999869 -0.010132 -0.003015 0.012280     0.600798 0.016289 0.073142 0.109071 -0.551924 0.783809 0.262883     0.599415 0.016849 0.073282 0.109902 -0.551811 0.784080 0.262002     
0.596000 0.014000 0.063000 0.000000 -0.707100 0.707100 0.000000     0.596000 0.019000 0.066500 0.023774 -0.724437 0.688901 0.004621     -0.000478 0.005273 0.003117 0.999352 0.020078 -0.013543 0.025127     0.600630 0.020836 0.076708 0.114753 -0.568628 0.763763 0.283091     0.600350 0.020919 0.076461 0.115238 -0.568593 0.763683 0.283215     -0.000286 -0.004645 -0.002943 0.999463 -0.017761 0.010387 -0.025494     0.600650 0.016307 0.073598 0.103875 -0.547949 0.784069 0.272355     0.599501 0.016981 0.073502 0.104972 -0.547750 0.784710 0.270521     
0.596000 0.014000 0.063000 0.000000 -0.707100 0.707100 0.000000     0.596000 0.024000 0.059500 0.019982 -0.710789 0.702550 -0.028013     -0.000204 0.010415 -0.003922 0.999352 -0.005678 -0.033937 0.005826     0.600287 0.026169 0.069792 0.121912 -0.561611 0.779308 0.249778     0.600177 0.026416 0.069470 0.122286 -0.561511 0.779299 0.249891     0.000333 -0.010714 0.002692 0.999729 0.007483 0.022026 -0.000956     0.601074 0.015294 0.072316 0.109156 -0.554300 0.780450 0.267795     0.599707 0.015908 0.072356 0.109337 -0.554309 0.780427 0.267807     
0.596000 0.014000 0.063000 0.000000 -0.707100 0.707100 0.000000     0.596000 0.024000 0.063000 0.021022 0.716983 -0.696732 -0.006185     -0.000481 0.010336 0.000117 0.999618 -0.010491 0.019237 0.014320     0.601318 0.026355 0.072756 0.075257 -0.554420 0.781496 0.276041     0.601036 0.026448 0.072995 0.075634 -0.554349 0.781415 0.276347     -0.000018 -0.010790 -0.000587 0.999618 0.014051 -0.021126 -0.010956     0.600929 0.015175 0.072447 0.102552 -0.550421 0.781803 0.274378     0.599547 0.015753 0.072508 0.102842 -0.550397 0.781849 0.274223     
0.596000 0.014000 0.063000 0.000000 -0.707100 0.707100 0.000000     0.596000 0.024000 0.066500 0.000585 0.704582 -0.709564 0.007962     -0.000359 0.010145 0.003583 0.999923 -0.006044 -0.005217 -0.003522     0.600910 0.026086 0.076527 0.101775 -0.546800 0.787847 0.264439     0.600818 0.026027 0.076757 0.102793 -0.546776 0.787242 0.265932     0.001710 -0.011721 -0.001895 0.999969 0.002106 -0.004238 0.006370     0.602508 0.014385 0.074682 0.104578 -0.552708 0.783351 0.264420     0.601256 0.015199 0.074654 0.104930 -0.552585 0.783468 0.264231     
0.596000 0.014000 0.063000 0.000000 -0.707100 0.707100 0.000000     0.601000 0.004000 0.059500 0.003180 -0.712339 0.701807 0.003254     0.004803 -0.009795 -0.003593 0.999923 0.004549 0.000052 0.007447     0.605971 0.005983 0.069518 0.100452 -0.552914 0.779483 0.276735     0.606011 0.006007 0.069567 0.101800 -0.552704 0.778840 0.278503     -0.005471 0.009487 0.002461 0.999948 -0.004089 -0.003686 -0.008636     0.600461 0.015467 0.071999 0.103449 -0.547584 0.784978 0.270628     0.599171 0.016197 0.071824 0.104409 -0.547127 0.785594 0.269430     
0.596000 0.014000 0.063000 0.000000 -0.707100 0.707100 0.000000     0.601000 0.004000 0.063000 0.007397 0.710308 -0.703838 0.000706     0.004448 -0.009568 -0.000054 0.999923 -0.005730 0.004731 0.004575     0.606075 0.006160 0.072928 0.091934 -0.550414 0.784323 0.270942     0.605750 0.006464 0.072808 0.093019 -0.550178 0.784311 0.271124     -0.003837 0.009344 -0.000828 0.999960 0.003854 -0.007470 -0.003163     0.602102 0.015396 0.072192 0.100767 -0.549581 0.784301 0.269552     0.601007 0.016099 0.071864 0.101335 -0.549526 0.784984 0.267491     
0.596000 0.014000 0.063000 0.000000 -0.707100 0.707100 0.000000     0.601000 0.004000 0.066500 0.000145 0.703390 -0.710756 0.007000     0.004331 -0.009640 0.003424 0.999923 -0.005052 -0.004847 -0.005208     0.605924 0.006050 0.076528 0.102487 -0.545277 0.788537 0.265250     0.605470 0.006207 0.076379 0.103447 -0.545143 0.788455 0.265436     -0.004017 0.008438 -0.003439 0.999990 0.001876 -0.000917 0.004061     0.601872 0.014490 0.073105 0.103155 -0.548525 0.785723 0.266643     0.600487 0.015059 0.073016 0.103455 -0.548528 0.785839 0.266219     
0.596000 0.014000 0.063000 0.000000 -0.707100 0.707100 0.000000     0.601000 0.009000 0.059500 0.007854 -0.711780 0.701936 0.023981     0.004555 -0.004688 -0.003607 0.999618 0.022510 0.011403 0.006961     0.606202 0.010622 0.069465 0.101480 -0.547477 0.775753 0.296916     0.605969 0.010881 0.069389 0.102140 -0.547441 0.775624 0.297123     -0.005228 0.005944 0.003522 0.999606 -0.022082 -0.015954 -0.006723     0.600679 0.016939 0.073069 0.103723 -0.549023 0.784066 0.270252     0.599445 0.017769 0.073012 0.104218 -0.548828 0.784732 0.268555     
0.596000 0.014000 0.063000 0.000000 -0.707100 0.707100 0.000000     0.601000 0.009000 0.063000 0.017279 0.708673 -0.705311 -0.000593     0.003894 -0.004593 -0.000115 0.999809 -0.011799 0.012637 0.002377     0.606240 0.011258 0.072820 0.082993 -0.547080 0.787881 0.270257     0.606701 0.011128 0.072903 0.082579 -0.547197 0.786380 0.274521     -0.002426 0.003271 -0.000084 0.999697 0.014734 -0.019712 -0.000728     0.603425 0.014228 0.072997 0.106755 -0.550445 0.782423 0.270939     0.602461 0.014960 0.072840 0.106871 -0.550304 0.783238 0.268854     
0.596000 0.014000 0.063000 0.000000 -0.707100 0.707100 0.000000     0.601000 0.009000 0.066500 0.010564 -0.716232 0.697753 -0.004716     0.004631 -0.004753 0.003291 0.999809 0.004135 -0.010805 0.013066     0.605730 0.011044 0.076622 0.107204 -0.560261 0.775343 0.270996     0.605531 0.011135 0.076536 0.108025 -0.560163 0.775124 0.271533     -0.003699 0.005272 -0.002947 0.999916 -0.006376 0.001929 -0.011134     0.602115 0.016338 0.073630 0.105145 -0.551742 0.783450 0.265917     0.600825 0.017077 0.073765 0.104743 -0.551729 0.783846 0.264970     
0.596000 0.014000 0.063000 0.000000 -0.707100 0.707100 0.000000     0.601000 0.014000 0.059500 0.018246 -0.718418 0.695297 -0.009220     0.004205 0.000374 -0.003807 0.999618 0.006382 -0.019421 0.016348     0.605541 0.016027 0.069711 0.114284 -0.564855 0.771922 0.268318     0.605084 0.016214 0.069427 0.114812 -0.564853 0.771865 0.268298     -0.003668 -0.000976 0.002601 0.999681 -0.005857 0.017418 -0.017316     0.602295 0.015005 0.072123 0.102141 -0.547304 0.785019 0.271571     0.601032 0.015676 0.072069 0.103104 -0.547222 0.785627 0.269645     
0.596000 0.014000 0.063000 0.000000 -0.707100 0.707100 0.000000     0.601000 0.014000 0.063000 0.021370 -0.724097 0.689242 0.012403     0.004956 0.000181 -0.000495 0.999352 0.023880 -0.006341 0.024646     0.605779 0.015760 0.073152 0.111313 -0.565908 0.763711 0.289971     0.605912 0.015699 0.072782 0.111903 -0.565994 0.763403 0.290421     -0.004278 0.000262 -0.000009 0.999520 -0.016482 0.008813 -0.024715     0.601769 0.016111 0.072997 0.102369 -0.546040 0.783091 0.279481     0.600557 0.016962 0.072915 0.102843 -0.546048 0.782941 0.279746     
0.596000 0.014000 0.063000 0.000000 -0.707100 0.707100 0.000000     0.601000 0.014000 0.066500 0.011262 0.699344 -0.714372 0.021106     0.004382 0.000196 0.003418 0.999618 -0.022887 -0.006960 -0.010626     0.605907 0.016352 0.076469 0.095825 -0.543218 0.795912 0.249471     0.605461 0.016492 0.076351 0.096288 -0.543230 0.795841 0.249531     -0.004588 -0.000470 -0.002717 0.999802 0.016414 -0.002921 0.010895     0.601212 0.015659 0.073855 0.104329 -0.550938 0.785461 0.261942     0.599873 0.016275 0.074121 0.104956 -0.550830 0.785792 0.260961     
0.596000 0.014000 0.063000 0.000000 -0.707100 0.707100 0.000000     0.601000 0.019000 0.059500 -0.000000 0.707100 -0.707100 -0.000000     0.003998 0.005474 -0.003597 0.999961 0.000000 0.000000 0.000000     0.606000 0.021000 0.069500 0.100035 -0.547560 0.784824 0.272401     0.606233 0.020997 0.069345 0.100573 -0.547553 0.784116 0.274286     -0.003633 -0.005868 0.002255 0.999953 0.002390 -0.008702 0.003621     0.602178 0.015120 0.071850 0.107182 -0.552507 0.781283 0.269862     0.601163 0.016028 0.071234 0.108349 -0.552084 0.781312 0.270213     
0.596000 0.014000 0.063000 0.000000 -0.707100 0.707100 0.000000     0.601000 0.019000 0.063000 0.007691 -0.724120 0.689595 0.005486     0.004530 0.005288 -0.000129 0.999618 0.009317 -0.001560 0.024412     0.605870 0.021054 0.073053 0.099677 -0.566025 0.768494 0.281209     0.605689 0.021190 0.072944 0.100640 -0.565899 0.768315 0.281644     -0.005133 -0.005601 0.000078 0.999773 -0.009592 -0.002535 -0.018843     0.600763 0.015462 0.073116 0.101471 -0.553084 0.781430 0.270461     0.599676 0.016349 0.072595 0.102129 -0.552838 0.782153 0.268657     
0.596000 0.014000 0.063000 0.000000 -0.707100 0.707100 0.000000     0.601000 0.019000 0.066500 0.007521 0.704122 -0.710024 0.001471     0.003863 0.005514 0.003412 0.999923 -0.006358 0.004278 -0.004173     0.606102 0.021085 0.076431 0.094328 -0.543734 0.789239 0.269326     0.605635 0.021414 0.076392 0.096376 -0.543521 0.788937 0.269954     -0.003789 -0.004687 -0.002643 0.999896 0.006070 -0.009859 0.008586     0.602080 0.016362 0.073911 0.103088 -0.552537 0.781924 0.269538     0.600936 0.017018 0.073505 0.104294 -0.552273 0.782566 0.267786     
0.596000 0.014000 0.063000 0.000000 -0.707100 0.707100 0.000000     0.601000 0.024000 0.059500 0.012872 -0.714624 0.699361 0.004734     0.004518 0.010167 -0.003409 0.999809 0.012449 -0.005754 0.010793     0.605843 0.025856 0.069605 0.108413 -0.556269 0.774828 0.280059     0.605532 0.025902 0.069807 0.108905 -0.556220 0.774621 0.280574     -0.004637 -0.010369 0.003440 0.999850 -0.012703 0.003050 -0.011355     0.601311 0.015632 0.072966 0.102146 -0.547911 0.784916 0.270640     0.600163 0.016344 0.072317 0.102808 -0.547793 0.785418 0.269206     
0.596000 0.014000 0.063000 0.000000 -0.707100 0.707100 0.000000     0.601000 0.024000 0.063000 0.002877 0.715296 -0.698689 0.012586     0.004443 0.010146 -0.000251 0.999809 -0.010934 -0.006865 0.011742     0.605812 0.026334 0.073020 0.096222 -0.559656 0.780566 0.261194     0.605424 0.026370 0.072877 0.096705 -0.559753 0.780455 0.261181     -0.003704 -0.010542 0.001085 0.999896 0.011805 0.003515 -0.007466     0.602211 0.015483 0.074122 0.102025 -0.551716 0.781919 0.271630     0.601142 0.016501 0.073988 0.102903 -0.551280 0.781865 0.272376     
0.596000 0.014000 0.063000 0.000000 -0.707100 0.707100 0.000000     0.601000 0.024000 0.066500 -0.000000 0.707100 -0.707100 -0.000000     0.005540 0.009794 0.002886 0.999961 0.000000 0.000000 0.000000     0.606000 0.026000 0.076500 0.100035 -0.547560 0.784824 0.272401     0.606559 0.025551 0.075903 0.100122 -0.547602 0.784681 0.272734     -0.003761 -0.010344 -0.002095 0.999982 0.001555 -0.005721 0.000981     0.602120 0.015634 0.074468 0.105106 -0.549722 0.783277 0.270582     0.600811 0.016328 0.074386 0.106385 -0.549403 0.783926 0.268884     
0.596000 0.014000 0.063000 0.000000 -0.707100 0.707100 0.000000     0.606000 0.004000 0.059500 0.005347 0.709359 -0.704625 -0.016272     0.009727 -0.009808 -0.003888 0.999809 0.007725 0.015287 0.003347     0.611291 0.005881 0.069373 0.091340 -0.545167 0.782296 0.287128     0.611265 0.005903 0.069095 0.092026 -0.545264 0.782016 0.287523     -0.009399 0.008741 0.002972 0.999835 -0.003442 -0.017252 -0.004581     0.601566 0.014644 0.072508 0.104260 -0.546761 0.784077 0.274565     0.600306 0.015438 0.072675 0.104620 -0.546651 0.784136 0.274516     
0.596000 0.014000 0.063000 0.000000 -0.707100 0.707100 0.000000     0.606000 0.004000 0.063000 0.000945 0.702799 -0.711347 0.006223     0.009928 -0.009833 -0.000182 0.999923 -0.005069 -0.003732 -0.006044     0.610950 0.006041 0.073017 0.101831 -0.544319 0.789111 0.265764     0.611076 0.006078 0.072981 0.102631 -0.544227 0.788706 0.266884     -0.009502 0.008363 0.000154 0.999944 0.005419 -0.006605 0.006309     0.601289 0.014357 0.073257 0.108310 -0.550471 0.783520 0.267073     0.599959 0.015043 0.073194 0.108610 -0.550454 0.783519 0.267025     
0.596000 0.014000 0.063000 0.000000 -0.707100 0.707100 0.000000     0.606000 0.004000 0.066500 -0.000000 0.707100 -0.707100 -0.000000     0.008897 -0.009485 0.003350 0.999961 0.000000 0.000000 0.000000     0.611000 0.006000 0.076500 0.100035 -0.547560 0.784824 0.272401     0.610247 0.006312 0.076359 0.101929 -0.547261 0.784988 0.271864     -0.008781 0.009252 -0.002808 0.999990 -0.001226 -0.004204 0.001305     0.602129 0.015289 0.073729 0.102306 -0.549846 0.784015 0.269265     0.600989 0.015948 0.073303 0.103608 -0.549577 0.784623 0.267578     
0.596000 0.014000 0.063000 0.000000 -0.707100 0.707100 0.000000     0.606000 0.009000 0.059500 0.000189 -0.704148 0.709568 -0.025894     0.009761 -0.004851 -0.003754 0.999618 -0.018175 -0.018443 -0.003832     0.610646 0.011329 0.069599 0.105567 -0.551207 0.789760 0.247560     0.610523 0.011385 0.069338 0.106942 -0.550896 0.789647 0.248060     -0.008638 0.003363 0.002814 0.999704 0.018624 0.014908 0.004738     0.602288 0.014361 0.072352 0.102854 -0.549129 0.783878 0.270913     0.600988 0.015068 0.072163 0.103216 -0.549070 0.784603 0.268825     
0.596000 0.014000 0.063000 0.000000 -0.707100 0.707100 0.000000     0.606000 0.009000 0.063000 0.008841 0.723786 -0.689552 0.023533     0.010395 -0.005563 -0.000370 0.999352 -0.022892 -0.010389 0.024206     0.610678 0.011692 0.072993 0.088998 -0.571345 0.776288 0.251002     0.611353 0.010806 0.072830 0.088601 -0.571524 0.775649 0.252742     -0.008317 0.002744 0.001796 0.999440 0.021793 0.010141 -0.023273     0.602675 0.013776 0.074794 0.099369 -0.548474 0.784583 0.271501     0.601407 0.014550 0.074769 0.099994 -0.548418 0.784419 0.271894     
0.596000 0.014000 0.063000 0.000000 -0.707100 0.707100 0.000000     0.606000 0.009000 0.066500 0.033666 0.704046 -0.709292 -0.008415     0.009296 -0.004514 0.003448 0.999352 -0.017854 0.029755 -0.003709     0.611600 0.011311 0.076107 0.067854 -0.537996 0.794217 0.274145     0.611237 0.011582 0.075969 0.068737 -0.537812 0.794244 0.274243     -0.008070 0.003858 -0.003136 0.999162 0.018336 -0.036136 0.005809     0.602793 0.014869 0.073429 0.104770 -0.550820 0.782948 0.269431     0.601788 0.015685 0.072886 0.105118 -0.550626 0.783751 0.267387     
0.596000 0.014000 0.063000 0.000000 -0.707100 0.707100 0.000000     0.606000 0.014000 0.059500 0.001401 0.700996 -0.713151 -0.000562     0.009186 0.000296 -0.003487 0.999923 -0.000593 0.001388 -0.008595     0.611061 0.015925 0.069484 0.100957 -0.540475 0.789801 0.271826     0.610536 0.016129 0.069357 0.101411 -0.540460 0.789768 0.271819     -0.009460 0.000599 0.001694 0.999956 0.002151 -0.007563 0.005201     0.601429 0.016533 0.071261 0.106675 -0.546397 0.785607 0.269950     0.600064 0.017151 0.071254 0.107289 -0.546367 0.785976 0.268726     
0.596000 0.014000 0.063000 0.000000 -0.707100 0.707100 0.000000     0.606000 0.014000 0.063000 0.005102 0.707734 -0.706413 0.007017     0.009923 0.000173 0.000078 0.999923 -0.008570 -0.001354 0.000934     0.610969 0.016181 0.072978 0.096146 -0.549498 0.786482 0.265017     0.611092 0.016156 0.073164 0.096788 -0.549443 0.785802 0.266943     -0.008841 -0.001658 -0.001065 0.999953 0.008568 -0.004397 0.000747     0.602037 0.014358 0.071991 0.104111 -0.550401 0.783341 0.269398     0.600905 0.015149 0.071426 0.103977 -0.550376 0.783741 0.268376     
0.596000 0.014000 0.063000 0.000000 -0.707100 0.707100 0.000000     0.606000 0.014000 0.066500 -0.000000 0.707100 -0.707100 -0.000000     0.009514 0.000345 0.003233 0.999961 0.000000 0.000000 0.000000     0.611000 0.016000 0.076500 0.100035 -0.547560 0.784824 0.272401     0.610691 0.016097 0.076249 0.100636 -0.547459 0.784798 0.272494     -0.008304 -0.000956 -0.003522 0.999990 0.002355 -0.003843 0.000689     0.602616 0.015003 0.073026 0.104152 -0.548906 0.783413 0.272211     0.601275 0.015674 0.073069 0.104773 -0.548793 0.783493 0.272008     
0.596000 0.014000 0.063000 0.000000 -0.707100 0.707100 0.000000     0.606000 0.019000 0.059500 0.003185 -0.700931 0.713053 -0.014865     0.009707 0.005287 -0.003521 0.999809 -0.008259 -0.012763 -0.008571     0.610778 0.021082 0.069591 0.107849 -0.545052 0.790371 0.258032     0.610623 0.021188 0.069625 0.108574 -0.544932 0.790187 0.258584     -0.009344 -0.006488 0.002929 0.999840 0.013677 0.003910 0.010827     0.601470 0.014422 0.072537 0.109402 -0.551039 0.781236 0.272099     0.600362 0.015274 0.072226 0.109801 -0.551104 0.781876 0.269997     
0.596000 0.014000 0.063000 0.000000 -0.707100 0.707100 0.000000     0.606000 0.019000 0.063000 0.007037 -0.710720 0.703426 -0.000186     0.009196 0.005300 0.000032 0.999923 0.004844 -0.005107 0.005157     0.610877 0.020954 0.073070 0.105287 -0.552493 0.780140 0.273913     0.610392 0.021105 0.073186 0.106517 -0.552308 0.779924 0.274461     -0.008472 -0.006752 -0.000460 0.999960 -0.005133 -0.002863 -0.006670     0.602373 0.014241 0.072617 0.106507 -0.548593 0.784899 0.267613     0.601164 0.015112 0.072613 0.107402 -0.548339 0.784879 0.267870     
0.596000 0.014000 0.063000 0.000000 -0.707100 0.707100 0.000000     0.606000 0.019000 0.066500 0.001632 0.688059 -0.725280 0.022860     0.009760 0.005341 0.002872 0.999352 -0.017318 -0.015011 -0.026318     0.610806 0.021090 0.076576 0.109441 -0.532392 0.801973 0.247791     0.610857 0.021219 0.076170 0.110507 -0.532307 0.801696 0.248438     -0.009704 -0.006905 -0.002240 0.999240 0.022439 0.003721 0.031650     0.601050 0.014033 0.074392 0.110477 -0.553992 0.779361 0.271043     0.599731 0.014735 0.074271 0.111351 -0.554101 0.779807 0.269210     
0.596000 0.014000 0.063000 0.000000 -0.707100 0.707100 0.000000     0.606000 0.024000 0.059500 -0.000000 0.707100 -0.707100 -0.000000     0.009058 0.010431 -0.003642 0.999961 0.000000 0.000000 0.000000     0.611000 0.026000 0.069500 0.100035 -0.547560 0.784824 0.272401     0.610664 0.026115 0.069424 0.101267 -0.547345 0.784601 0.273054     -0.008066 -0.008548 0.002389 0.999973 0.002471 -0.006962 -0.000119     0.602794 0.017401 0.071968 0.106881 -0.549101 0.783498 0.270509     0.601677 0.018199 0.071366 0.107682 -0.548919 0.783509 0.270566     
0.596000 0.014000 0.063000 0.000000 -0.707100 0.707100 0.000000     0.606000 0.024000 0.063000 0.005126 -0.704839 0.709307 -0.006316     0.009845 0.010251 -0.000410 0.999923 -0.000841 -0.008091 -0.003159     0.610850 0.025986 0.073076 0.106781 -0.547348 0.785944 0.266984     0.610880 0.025779 0.072760 0.108570 -0.547169 0.785410 0.268233     -0.008963 -0.008950 -0.000390 0.999966 0.003231 -0.004755 0.005916     0.601767 0.017027 0.072745 0.110703 -0.552904 0.781308 0.267543     0.600419 0.017661 0.072583 0.111652 -0.552719 0.781288 0.267630     
0.596000 0.014000 0.063000 0.000000 -0.707100 0.707100 0.000000     0.606000 0.024000 0.066500 0.027538 0.691510 -0.721828 0.000204     0.008684 0.009506 0.003205 0.999352 -0.019616 0.019327 -0.021437     0.611471 0.026162 0.076216 0.079903 -0.527099 0.803362 0.265279     0.610485 0.025635 0.076368 0.079905 -0.527110 0.803366 0.265278     -0.009954 -0.010930 -0.002400 0.999178 0.020571 -0.024582 0.024831     0.600926 0.015082 0.074156 0.103842 -0.551491 0.782191 0.270613     0.599529 0.015624 0.074095 0.105143 -0.551359 0.782685 0.268984     
