allow_base_reference = 1
  -2.0000000e-03  -2.0000000e-03  -4.0000000e-03   9.9939083e-01   2.8778004e-02  -1.0382359e-02  -1.6793094e-02
  -2.0000000e-03  -2.0000000e-03  -3.0000000e-03   1.0000000e+00  -0.0000000e+00   0.0000000e+00  -0.0000000e+00
  -2.0000000e-03  -2.0000000e-03  -2.0000000e-03   9.9939083e-01   1.0250134e-02   2.7160555e-02  -1.9370437e-02
  -2.0000000e-03  -2.0000000e-03  -1.0000000e-03   9.9904822e-01   2.3678534e-02  -5.6878512e-04   3.6628602e-02
  -2.0000000e-03  -2.0000000e-03   0.0000000e+00   9.9996192e-01  -4.0373201e-03   3.5399120e-03   6.8790618e-03
  -2.0000000e-03  -2.0000000e-03   1.0000000e-03   9.9904822e-01   1.5195231e-02   7.5208278e-03   4.0189465e-02
  -2.0000000e-03  -2.0000000e-03   2.0000000e-03   9.9904822e-01   2.4850700e-02  -2.3265205e-02  -2.7273134e-02
  -2.0000000e-03  -2.0000000e-03   3.0000000e-03   9.9996192e-01   4.6405897e-03  -1.3271818e-03  -7.2702089e-03
  -2.0000000e-03  -2.0000000e-03   4.0000000e-03   9.9965732e-01   1.3953642e-02   1.1445451e-02  -1.8961280e-02
  -2.0000000e-03  -1.0000000e-03  -4.0000000e-03   9.9904822e-01  -2.9779597e-02  -2.9071971e-02   1.3063194e-02
  -2.0000000e-03  -1.0000000e-03  -3.0000000e-03   1.0000000e+00   0.0000000e+00   0.0000000e+00  -0.0000000e+00
  -2.0000000e-03  -1.0000000e-03  -2.0000000e-03   9.9965732e-01   1.3266546e-02  -1.6966721e-02   1.4878231e-02
  -2.0000000e-03  -1.0000000e-03  -1.0000000e-03   9.9904822e-01  -1.6236307e-02   1.5670079e-02   3.7329370e-02
  -2.0000000e-03  -1.0000000e-03   0.0000000e+00   9.9984770e-01   9.4484175e-03   1.1701547e-02  -8.8536828e-03
  -2.0000000e-03  -1.0000000e-03   1.0000000e-03   9.9996192e-01   2.7906524e-03  -3.0733973e-03  -7.6758654e-03
  -2.0000000e-03  -1.0000000e-03   2.0000000e-03   9.9904822e-01  -3.5054287e-02  -2.3235136e-02  -1.1574818e-02
  -2.0000000e-03  -1.0000000e-03   3.0000000e-03   9.9904822e-01  -1.3769481e-02   3.4590809e-02  -2.2727258e-02
  -2.0000000e-03  -1.0000000e-03   4.0000000e-03   9.9965732e-01  -1.8876586e-02  -1.7340120e-02  -5.3129427e-03
  -2.0000000e-03   0.0000000e+00  -4.0000000e-03   1.0000000e+00  -0.0000000e+00   0.0000000e+00   0.0000000e+00
  -2.0000000e-03   0.0000000e+00  -3.0000000e-03   9.9904822e-01   3.4440787e-02   1.3588359e-02  -2.3061649e-02
  -2.0000000e-03   0.0000000e+00  -2.0000000e-03   9.9996192e-01   6.9880291e-03  -4.9465046e-03   1.6887756e-03
  -2.0000000e-03   0.0000000e+00  -1.0000000e-03   9.9984770e-01   1.2753589e-02  -1.1582744e-02  -2.7879222e-03
  -2.0000000e-03   0.0000000e+00   0.0000000e+00   9.9984770e-01   1.0194229e-02   4.9177040e-03   1.3284592e-02
  -2.0000000e-03   0.0000000e+00   1.0000000e-03   9.9984770e-01  -1.0751254e-02   1.0843911e-02  -8.4502442e-03
  -2.0000000e-03   0.0000000e+00   2.0000000e-03   9.9996192e-01   5.3979286e-03   5.7014580e-03   3.8089585e-03
  -2.0000000e-03   0.0000000e+00   3.0000000e-03   9.9965732e-01   1.7552591e-02   6.7379181e-03   1.8213721e-02
  -2.0000000e-03   0.0000000e+00   4.0000000e-03   9.9939083e-01   2.4163875e-02  -2.2830909e-02   1.0622222e-02
  -2.0000000e-03   1.0000000e-03  -4.0000000e-03   9.9996192e-01  -2.0267134e-03   7.4785822e-03   4.0144319e-03
  -2.0000000e-03   1.0000000e-03  -3.0000000e-03   9.9939083e-01   1.4381497e-02   2.7576010e-02  -1.5833858e-02
  -2.0000000e-03   1.0000000e-03  -2.0000000e-03   9.9965732e-01   1.4624851e-02   1.2990063e-02  -1.7395534e-02
  -2.0000000e-03   1.0000000e-03  -1.0000000e-03   9.9904822e-01  -3.3824600e-02  -1.9897329e-03  -2.7469772e-02
  -2.0000000e-03   1.0000000e-03   0.0000000e+00   9.9996192e-01   4.0522331e-03  -6.7902238e-03   3.6911636e-03
  -2.0000000e-03   1.0000000e-03   1.0000000e-03   9.9996192e-01   5.8842392e-03   5.1492052e-03  -3.8747692e-03
  -2.0000000e-03   1.0000000e-03   2.0000000e-03   9.9996192e-01  -5.2778965e-03   5.5789992e-03  -4.1437904e-03
  -2.0000000e-03   1.0000000e-03   3.0000000e-03   9.9939083e-01   2.0676181e-04   6.8414578e-03   3.4221727e-02
  -2.0000000e-03   1.0000000e-03   4.0000000e-03   9.9904822e-01   3.8786029e-02  -1.9955704e-02   2.5457539e-04
  -2.0000000e-03   2.0000000e-03  -4.0000000e-03   9.9965732e-01  -4.2204631e-04   1.8015427e-02   1.8986808e-02
  -2.0000000e-03   2.0000000e-03  -3.0000000e-03   9.9996192e-01   2.2764564e-03  -8.1499562e-03   2.1326936e-03
  -2.0000000e-03   2.0000000e-03  -2.0000000e-03   1.0000000e+00   0.0000000e+00   0.0000000e+00  -0.0000000e+00
  -2.0000000e-03   2.0000000e-03  -1.0000000e-03   9.9939083e-01   3.0821991e-02  -8.5478764e-03  -1.3961144e-02
  -2.0000000e-03   2.0000000e-03   0.0000000e+00   9.9984770e-01   3.0552009e-03   5.2535549e-03   1.6360086e-02
  -2.0000000e-03   2.0000000e-03   1.0000000e-03   9.9904822e-01   3.2788884e-02  -1.5382331e-02   2.4308928e-02
  -2.0000000e-03   2.0000000e-03   2.0000000e-03   9.9965732e-01   2.3611965e-02  -1.0913554e-02  -2.9329236e-03
  -2.0000000e-03   2.0000000e-03   3.0000000e-03   9.9996192e-01   5.0471934e-03   6.7635193e-03  -2.2210509e-03
  -2.0000000e-03   2.0000000e-03   4.0000000e-03   9.9939083e-01   2.5762523e-02  -1.8653530e-02  -1.4363603e-02
  -1.0000000e-03  -2.0000000e-03  -4.0000000e-03   9.9904822e-01   1.6955149e-02   1.2840629e-03  -4.0168707e-02
  -1.0000000e-03  -2.0000000e-03  -3.0000000e-03   9.9939083e-01   9.7858896e-04   2.8964117e-02  -1.9444720e-02
  -1.0000000e-03  -2.0000000e-03  -2.0000000e-03   9.9996192e-01   3.5410124e-03   5.6292564e-03   5.6502323e-03
  -1.0000000e-03  -2.0000000e-03  -1.0000000e-03   9.9904822e-01  -2.2721503e-02   3.5132868e-02  -1.2331498e-02
  -1.0000000e-03  -2.0000000e-03   0.0000000e+00   9.9904822e-01  -1.4333346e-02  -3.9894515e-02   1.0277830e-02
  -1.0000000e-03  -2.0000000e-03   1.0000000e-03   9.9996192e-01   6.1077657e-03  -4.4897172e-03   4.3232001e-03
  -1.0000000e-03  -2.0000000e-03   2.0000000e-03   9.9984770e-01  -1.3354686e-02  -9.5051714e-03  -5.9908737e-03
  -1.0000000e-03  -2.0000000e-03   3.0000000e-03   9.9965732e-01   2.2415687e-02   1.3413555e-02  -1.6870507e-03
  -1.0000000e-03  -2.0000000e-03   4.0000000e-03   9.9939083e-01  -2.1770905e-02  -2.5284255e-02   1.0232741e-02
  -1.0000000e-03  -1.0000000e-03  -4.0000000e-03   1.0000000e+00  -0.0000000e+00  -0.0000000e+00  -0.0000000e+00
  -1.0000000e-03  -1.0000000e-03  -3.0000000e-03   9.9965732e-01  -1.0520802e-02  -2.3624925e-02  -4.0507134e-03
  -1.0000000e-03  -1.0000000e-03  -2.0000000e-03   9.9965732e-01  -1.7973413e-02   1.8278937e-02  -5.2980665e-03
  -1.0000000e-03  -1.0000000e-03  -1.0000000e-03   9.9904822e-01   1.4001567e-03   3.9006998e-02  -1.9471636e-02
  -1.0000000e-03  -1.0000000e-03   0.0000000e+00   1.0000000e+00   0.0000000e+00  -0.0000000e+00   0.0000000e+00
  -1.0000000e-03  -1.0000000e-03   1.0000000e-03   9.9939083e-01   5.0310761e-03  -3.0331235e-02  -1.6513004e-02
  -1.0000000e-03  -1.0000000e-03   2.0000000e-03   1.0000000e+00   0.0000000e+00  -0.0000000e+00  -0.0000000e+00
  -1.0000000e-03  -1.0000000e-03   3.0000000e-03   9.9904822e-01  -2.5260681e-02   3.5370020e-02  -3.6756838e-03
  -1.0000000e-03  -1.0000000e-03   4.0000000e-03   9.9939083e-01  -1.0610071e-02  -1.4743374e-02  -2.9799902e-02
  -1.0000000e-03   0.0000000e+00  -4.0000000e-03   9.9984770e-01  -1.1320376e-02  -7.6718500e-03   1.0843352e-02
  -1.0000000e-03   0.0000000e+00  -3.0000000e-03   9.9984770e-01  -1.1226621e-02   1.0714406e-02  -7.9844212e-03
  -1.0000000e-03   0.0000000e+00  -2.0000000e-03   9.9939083e-01  -2.2505794e-02  -1.3611753e-02  -2.2938708e-02
  -1.0000000e-03   0.0000000e+00  -1.0000000e-03   9.9904822e-01  -2.1111027e-02  -3.1333647e-02   2.1798579e-02
  -1.0000000e-03   0.0000000e+00   0.0000000e+00   1.0000000e+00  -0.0000000e+00  -0.0000000e+00  -0.0000000e+00
  -1.0000000e-03   0.0000000e+00   1.0000000e-03   9.9939083e-01  -3.1227164e-02   1.4142547e-02  -6.5442708e-03
  -1.0000000e-03   0.0000000e+00   2.0000000e-03   9.9939083e-01  -2.5034484e-02   2.2283302e-02  -9.7315939e-03
  -1.0000000e-03   0.0000000e+00   3.0000000e-03   9.9984770e-01  -6.3220543e-03   4.4466252e-03   1.5647544e-02
  -1.0000000e-03   0.0000000e+00   4.0000000e-03   9.9904822e-01   4.5209373e-03   1.9242825e-03  -4.3341772e-02
  -1.0000000e-03   1.0000000e-03  -4.0000000e-03   9.9965732e-01  -2.1963037e-02   1.4049097e-02  -2.3410450e-03
  -1.0000000e-03   1.0000000e-03  -3.0000000e-03   9.9996192e-01   7.1176715e-03  -3.5403370e-03  -3.5996094e-03
  -1.0000000e-03   1.0000000e-03  -2.0000000e-03   9.9984770e-01  -3.4760943e-03   7.3899302e-03   1.5423754e-02
  -1.0000000e-03   1.0000000e-03  -1.0000000e-03   9.9984770e-01  -8.0181046e-03   1.5501286e-02  -8.1397501e-05
  -1.0000000e-03   1.0000000e-03   0.0000000e+00   9.9996192e-01  -1.7707328e-03  -2.9525710e-03  -8.0186814e-03
  -1.0000000e-03   1.0000000e-03   1.0000000e-03   9.9939083e-01  -2.1000043e-02  -2.5372800e-02  -1.1540974e-02
  -1.0000000e-03   1.0000000e-03   2.0000000e-03   9.9996192e-01  -1.6900770e-03   5.9309804e-03  -6.1741018e-03
  -1.0000000e-03   1.0000000e-03   3.0000000e-03   9.9904822e-01   1.7896924e-02   1.2557787e-02  -3.7744576e-02
  -1.0000000e-03   1.0000000e-03   4.0000000e-03   9.9904822e-01  -6.0732690e-03   3.9389204e-02  -1.7727294e-02
  -1.0000000e-03   2.0000000e-03  -4.0000000e-03   9.9965732e-01   1.0515075e-02  -1.9697235e-02   1.3663262e-02
  -1.0000000e-03   2.0000000e-03  -3.0000000e-03   9.9965732e-01  -1.7634811e-02  -7.3168491e-03   1.7908372e-02
  -1.0000000e-03   2.0000000e-03  -2.0000000e-03   9.9965732e-01   2.3618250e-02  -6.7069871e-03  -9.0789432e-03
  -1.0000000e-03   2.0000000e-03  -1.0000000e-03   9.9939083e-01   2.1273683e-02  -2.3923636e-02   1.3894780e-02
  -1.0000000e-03   2.0000000e-03   0.0000000e+00   9.9939083e-01  -1.0806600e-03  -2.5123436e-02  -2.4199587e-02
  -1.0000000e-03   2.0000000e-03   1.0000000e-03   9.9965732e-01  -1.6581980e-02   5.5248363e-03  -1.9487091e-02
  -1.0000000e-03   2.0000000e-03   2.0000000e-03   9.9939083e-01  -1.5059172e-02   2.2636351e-02  -2.1881312e-02
  -1.0000000e-03   2.0000000e-03   3.0000000e-03   1.0000000e+00   0.0000000e+00  -0.0000000e+00   0.0000000e+00
  -1.0000000e-03   2.0000000e-03   4.0000000e-03   9.9984770e-01   1.1566701e-02  -1.2444451e-02  -3.9916842e-03
   0.0000000e+00  -2.0000000e-03  -4.0000000e-03   9.9996192e-01  -2.5100675e-03   3.9798367e-03   7.3493457e-03
   0.0000000e+00  -2.0000000e-03  -3.0000000e-03   9.9904822e-01   2.8664740e-02   1.0472393e-02  -3.1165889e-02
   0.0000000e+00  -2.0000000e-03  -2.0000000e-03   9.9996192e-01  -3.1543465e-03   2.5687530e-03  -7.7203645e-03
   0.0000000e+00  -2.0000000e-03  -1.0000000e-03   9.9965732e-01  -1.7014756e-02  -1.8510898e-02   7.2854216e-03
   0.0000000e+00  -2.0000000e-03   0.0000000e+00   9.9996192e-01   7.9802528e-03  -2.5191828e-03  -2.4742079e-03
   0.0000000e+00  -2.0000000e-03   1.0000000e-03   9.9904822e-01   3.5127844e-02  -4.8503716e-03   2.5399989e-02
   0.0000000e+00  -2.0000000e-03   2.0000000e-03   9.9904822e-01   1.5995189e-03  -1.3033214e-02   4.1596007e-02
   0.0000000e+00  -2.0000000e-03   3.0000000e-03   9.9904822e-01   3.5095004e-02   2.1401247e-02   1.4593776e-02
   0.0000000e+00  -2.0000000e-03   4.0000000e-03   9.9965732e-01  -5.4782808e-03  -8.5800798e-03  -2.4116453e-02
   0.0000000e+00  -1.0000000e-03  -4.0000000e-03   9.9939083e-01   2.0767785e-02   2.1091242e-02  -1.8488739e-02
   0.0000000e+00  -1.0000000e-03  -3.0000000e-03   9.9904822e-01   2.6827114e-02  -2.1917886e-03   3.4324233e-02
   0.0000000e+00  -1.0000000e-03  -2.0000000e-03   9.9904822e-01   2.9072003e-02  -7.6492733e-03   3.1606300e-02
   0.0000000e+00  -1.0000000e-03  -1.0000000e-03   9.9984770e-01   2.6247759e-03  -1.4753208e-02  -8.9465017e-03
   0.0000000e+00  -1.0000000e-03   0.0000000e+00   9.9984770e-01   1.4581346e-02  -9.3524296e-03   2.1220021e-03
   0.0000000e+00  -1.0000000e-03   1.0000000e-03   9.9904822e-01  -1.4286756e-02  -2.9942881e-02   2.8318959e-02
   0.0000000e+00  -1.0000000e-03   2.0000000e-03   9.9965732e-01  -1.2050139e-02  -2.3190142e-02   1.4980293e-03
   0.0000000e+00  -1.0000000e-03   3.0000000e-03   9.9904822e-01   3.2702446e-02  -1.1565179e-02   2.6447071e-02
   0.0000000e+00  -1.0000000e-03   4.0000000e-03   1.0000000e+00  -0.0000000e+00   0.0000000e+00   0.0000000e+00
   0.0000000e+00   0.0000000e+00  -4.0000000e-03   9.9965732e-01   1.2229544e-02  -2.0372443e-02   1.0983372e-02
   0.0000000e+00   0.0000000e+00  -3.0000000e-03   9.9996192e-01   8.1612148e-03  -3.0893382e-03   5.4626639e-05
   0.0000000e+00   0.0000000e+00  -2.0000000e-03   9.9904822e-01  -2.5595220e-03   2.0167644e-02  -3.8592304e-02
   0.0000000e+00   0.0000000e+00  -1.0000000e-03   9.9904822e-01   2.3195339e-02  -2.9683304e-02   2.1989285e-02
   0.0000000e+00   0.0000000e+00   0.0000000e+00   9.9984770e-01   7.8794114e-03  -1.5153096e-02  -3.5895730e-03
   0.0000000e+00   0.0000000e+00   1.0000000e-03   9.9965732e-01  -2.0370104e-02  -1.5154380e-02   6.3746558e-03
   0.0000000e+00   0.0000000e+00   2.0000000e-03   9.9904822e-01  -2.6595366e-02  -1.1318182e-02  -3.2668582e-02
   0.0000000e+00   0.0000000e+00   3.0000000e-03   9.9939083e-01  -1.6037580e-02  -1.7325590e-02  -2.5702039e-02
   0.0000000e+00   0.0000000e+00   4.0000000e-03   9.9996192e-01   6.6419841e-03   4.1862053e-03   3.8094820e-03
   0.0000000e+00   1.0000000e-03  -4.0000000e-03   9.9996192e-01   2.5273721e-03  -2.2983567e-03  -8.0300914e-03
   0.0000000e+00   1.0000000e-03  -3.0000000e-03   9.9984770e-01   6.8452623e-03  -1.1279755e-02  -1.1423485e-02
   0.0000000e+00   1.0000000e-03  -2.0000000e-03   9.9984770e-01   1.1766502e-02  -7.8034448e-03   1.0258760e-02
   0.0000000e+00   1.0000000e-03  -1.0000000e-03   1.0000000e+00  -0.0000000e+00   0.0000000e+00  -0.0000000e+00
   0.0000000e+00   1.0000000e-03   0.0000000e+00   9.9996192e-01  -5.9947989e-03  -6.2683902e-03  -9.6025578e-04
   0.0000000e+00   1.0000000e-03   1.0000000e-03   9.9965732e-01  -2.5962612e-02  -9.7295554e-04   3.1982456e-03
   0.0000000e+00   1.0000000e-03   2.0000000e-03   9.9984770e-01   1.2214642e-03  -1.1227046e-02   1.3305937e-02
   0.0000000e+00   1.0000000e-03   3.0000000e-03   9.9904822e-01  -3.6542875e-02  -1.8408897e-02   1.5112306e-02
   0.0000000e+00   1.0000000e-03   4.0000000e-03   9.9904822e-01  -2.3877671e-03   4.3552781e-02  -3.2367040e-04
   0.0000000e+00   2.0000000e-03  -4.0000000e-03   9.9904822e-01   1.5587154e-02   1.4897652e-02  -3.7917694e-02
   0.0000000e+00   2.0000000e-03  -3.0000000e-03   1.0000000e+00  -0.0000000e+00   0.0000000e+00   0.0000000e+00
   0.0000000e+00   2.0000000e-03  -2.0000000e-03   9.9965732e-01  -2.2143997e-03  -1.5416436e-02   2.1039548e-02
   0.0000000e+00   2.0000000e-03  -1.0000000e-03   9.9939083e-01  -1.4581991e-02   2.5425178e-02   1.8944676e-02
   0.0000000e+00   2.0000000e-03   0.0000000e+00   9.9984770e-01  -1.1015671e-02  -3.1068568e-03   1.3175315e-02
   0.0000000e+00   2.0000000e-03   1.0000000e-03   9.9984770e-01   8.8291035e-03   6.4525904e-03   1.3601379e-02
   0.0000000e+00   2.0000000e-03   2.0000000e-03   9.9939083e-01   1.9535545e-02   1.6348021e-02   2.3855388e-02
   0.0000000e+00   2.0000000e-03   3.0000000e-03   9.9965732e-01  -1.6108131e-02  -4.9104896e-03  -2.0041153e-02
   0.0000000e+00   2.0000000e-03   4.0000000e-03   9.9904822e-01   3.1181800e-02   2.1012257e-02   2.2109530e-02
   1.0000000e-03  -2.0000000e-03  -4.0000000e-03   1.0000000e+00  -0.0000000e+00   0.0000000e+00  -0.0000000e+00
   1.0000000e-03  -2.0000000e-03  -3.0000000e-03   9.9996192e-01   1.2972469e-03  -5.7656715e-03  -6.4207946e-03
   1.0000000e-03  -2.0000000e-03  -2.0000000e-03   9.9904822e-01   3.0364449e-02  -2.2117989e-03  -3.1237143e-02
   1.0000000e-03  -2.0000000e-03  -1.0000000e-03   9.9984770e-01   7.7521515e-03   1.0915899e-02  -1.1195258e-02
   1.0000000e-03  -2.0000000e-03   0.0000000e+00   9.9965732e-01  -7.9979453e-03   1.8707584e-02   1.6470938e-02
   1.0000000e-03  -2.0000000e-03   1.0000000e-03   9.9965732e-01  -1.4463343e-02   1.3587801e-02  -1.7070911e-02
   1.0000000e-03  -2.0000000e-03   2.0000000e-03   9.9904822e-01   1.4763197e-02  -2.0801120e-02   3.5383787e-02
   1.0000000e-03  -2.0000000e-03   3.0000000e-03   9.9904822e-01  -2.3273330e-02  -3.5335383e-02  -1.0602538e-02
   1.0000000e-03  -2.0000000e-03   4.0000000e-03   9.9984770e-01  -1.1308818e-03   8.0987550e-03  -1.5418099e-02
   1.0000000e-03  -1.0000000e-03  -4.0000000e-03   9.9965732e-01   1.5553933e-02   1.2642215e-02  -1.6836929e-02
   1.0000000e-03  -1.0000000e-03  -3.0000000e-03   9.9939083e-01  -2.0799770e-02   9.2166963e-03  -2.6465014e-02
   1.0000000e-03  -1.0000000e-03  -2.0000000e-03   9.9939083e-01   2.2108012e-02  -1.0194472e-02  -2.5005668e-02
   1.0000000e-03  -1.0000000e-03  -1.0000000e-03   9.9939083e-01  -5.7772548e-04   2.7217715e-02  -2.1836599e-02
   1.0000000e-03  -1.0000000e-03   0.0000000e+00   9.9904822e-01   3.2173616e-02  -2.7255815e-02  -1.1163779e-02
   1.0000000e-03  -1.0000000e-03   1.0000000e-03   9.9965732e-01   1.8024443e-02  -1.6942291e-02   8.5621749e-03
   1.0000000e-03  -1.0000000e-03   2.0000000e-03   9.9939083e-01   1.7131463e-02  -2.0117441e-02  -2.2798606e-02
   1.0000000e-03  -1.0000000e-03   3.0000000e-03   1.0000000e+00  -0.0000000e+00  -0.0000000e+00  -0.0000000e+00
   1.0000000e-03  -1.0000000e-03   4.0000000e-03   9.9904822e-01  -1.6616595e-02   2.8462215e-02   2.8573450e-02
   1.0000000e-03   0.0000000e+00  -4.0000000e-03   9.9965732e-01   1.3683289e-02  -1.6176770e-02   1.5372453e-02
   1.0000000e-03   0.0000000e+00  -3.0000000e-03   9.9904822e-01   1.8112833e-02   1.0017023e-03  -3.9668285e-02
   1.0000000e-03   0.0000000e+00  -2.0000000e-03   9.9996192e-01  -3.5566539e-03  -5.8365000e-03  -5.4256707e-03
   1.0000000e-03   0.0000000e+00  -1.0000000e-03   9.9965732e-01   1.2000868e-02   1.8896358e-02   1.3569799e-02
   1.0000000e-03   0.0000000e+00   0.0000000e+00   9.9996192e-01  -6.8603407e-04  -6.2932817e-03  -6.0063620e-03
   1.0000000e-03   0.0000000e+00   1.0000000e-03   9.9996192e-01  -6.6008430e-03  -5.8882224e-04  -5.6775507e-03
   1.0000000e-03   0.0000000e+00   2.0000000e-03   9.9984770e-01   7.0963230e-03  -1.2837866e-02  -9.4561031e-03
   1.0000000e-03   0.0000000e+00   3.0000000e-03   9.9996192e-01  -8.5344023e-03   1.6592520e-03   7.5052141e-04
   1.0000000e-03   0.0000000e+00   4.0000000e-03   9.9996192e-01   8.6590368e-04  -3.7780532e-03   7.8185003e-03
   1.0000000e-03   1.0000000e-03  -4.0000000e-03   9.9965732e-01  -2.1951203e-02  -2.0595273e-04  -1.4259555e-02
   1.0000000e-03   1.0000000e-03  -3.0000000e-03   9.9996192e-01  -3.4587411e-03   5.7791460e-03  -5.5489642e-03
   1.0000000e-03   1.0000000e-03  -2.0000000e-03   9.9965732e-01  -7.4498593e-03   1.2507830e-02   2.1755147e-02
   1.0000000e-03   1.0000000e-03  -1.0000000e-03   9.9965732e-01  -2.1165329e-02   9.4274859e-03   1.2181296e-02
   1.0000000e-03   1.0000000e-03   0.0000000e+00   9.9984770e-01  -1.2756616e-02  -1.0855556e-02  -4.9002205e-03
   1.0000000e-03   1.0000000e-03   1.0000000e-03   9.9965732e-01  -1.1374096e-02  -1.1661958e-02  -2.0490517e-02
   1.0000000e-03   1.0000000e-03   2.0000000e-03   9.9996192e-01   1.6722838e-03   7.3518852e-04   8.5331932e-03
   1.0000000e-03   1.0000000e-03   3.0000000e-03   9.9996192e-01   4.1305370e-03  -3.3775249e-03   6.9053176e-03
   1.0000000e-03   1.0000000e-03   4.0000000e-03   9.9939083e-01   1.3230338e-02   2.8704989e-02  -1.4797183e-02
   1.0000000e-03   2.0000000e-03  -4.0000000e-03   9.9965732e-01  -7.0049891e-03   1.2120677e-02  -2.2119040e-02
   1.0000000e-03   2.0000000e-03  -3.0000000e-03   1.0000000e+00  -0.0000000e+00   0.0000000e+00   0.0000000e+00
   1.0000000e-03   2.0000000e-03  -2.0000000e-03   9.9939083e-01   3.0320676e-02  -2.2569441e-03  -1.7132942e-02
   1.0000000e-03   2.0000000e-03  -1.0000000e-03   9.9939083e-01   1.3773564e-02   2.4195018e-02  -2.1044356e-02
   1.0000000e-03   2.0000000e-03   0.0000000e+00   9.9965732e-01  -2.0188683e-02   2.0106710e-03   1.6541068e-02
   1.0000000e-03   2.0000000e-03   1.0000000e-03   9.9984770e-01   1.1257782e-02   8.7470277e-03   1.0066695e-02
   1.0000000e-03   2.0000000e-03   2.0000000e-03   1.0000000e+00  -0.0000000e+00   0.0000000e+00   0.0000000e+00
   1.0000000e-03   2.0000000e-03   3.0000000e-03   9.9965732e-01  -1.3397087e-02  -2.2418639e-02   1.7763190e-03
   1.0000000e-03   2.0000000e-03   4.0000000e-03   1.0000000e+00   0.0000000e+00   0.0000000e+00   0.0000000e+00
   2.0000000e-03  -2.0000000e-03  -4.0000000e-03   9.9996192e-01   5.0691997e-03   3.4397357e-03  -6.2148092e-03
   2.0000000e-03  -2.0000000e-03  -3.0000000e-03   9.9965732e-01   5.0113683e-04   1.8979483e-02   1.8021118e-02
   2.0000000e-03  -2.0000000e-03  -2.0000000e-03   9.9904822e-01   2.2564285e-02  -1.0570910e-02   3.5801674e-02
   2.0000000e-03  -2.0000000e-03  -1.0000000e-03   1.0000000e+00   0.0000000e+00   0.0000000e+00   0.0000000e+00
   2.0000000e-03  -2.0000000e-03   0.0000000e+00   1.0000000e+00  -0.0000000e+00  -0.0000000e+00   0.0000000e+00
   2.0000000e-03  -2.0000000e-03   1.0000000e-03   9.9996192e-01   1.3370667e-03   8.6213808e-03  -1.9096448e-04
   2.0000000e-03  -2.0000000e-03   2.0000000e-03   9.9904822e-01  -1.9346107e-02   2.0961805e-02  -3.2999724e-02
   2.0000000e-03  -2.0000000e-03   3.0000000e-03   9.9965732e-01   1.6321558e-02   2.5040271e-03  -2.0311800e-02
   2.0000000e-03  -2.0000000e-03   4.0000000e-03   9.9904822e-01  -2.2288396e-02  -3.6682924e-02   7.7615369e-03
   2.0000000e-03  -1.0000000e-03  -4.0000000e-03   9.9996192e-01  -1.1079115e-03   3.4261225e-03   7.9490024e-03
   2.0000000e-03  -1.0000000e-03  -3.0000000e-03   9.9996192e-01  -2.1426650e-03   1.6307049e-03   8.3007355e-03
   2.0000000e-03  -1.0000000e-03  -2.0000000e-03   9.9984770e-01  -1.4504006e-03   1.1570192e-02   1.2985126e-02
   2.0000000e-03  -1.0000000e-03  -1.0000000e-03   9.9984770e-01  -1.6958915e-02   4.1201955e-03   7.5283274e-05
   2.0000000e-03  -1.0000000e-03   0.0000000e+00   9.9904822e-01   3.8369474e-02   1.4588818e-02   1.4751299e-02
   2.0000000e-03  -1.0000000e-03   1.0000000e-03   9.9904822e-01   2.2820566e-02   1.3287247e-02   3.4717745e-02
   2.0000000e-03  -1.0000000e-03   2.0000000e-03   1.0000000e+00  -0.0000000e+00   0.0000000e+00  -0.0000000e+00
   2.0000000e-03  -1.0000000e-03   3.0000000e-03   9.9939083e-01  -1.2312198e-02   1.8971019e-02   2.6579788e-02
   2.0000000e-03  -1.0000000e-03   4.0000000e-03   9.9984770e-01   5.8690780e-03   1.4406419e-02   7.9117328e-03
   2.0000000e-03   0.0000000e+00  -4.0000000e-03   9.9984770e-01   1.5204651e-02  -7.6976076e-03   3.7619017e-03
   2.0000000e-03   0.0000000e+00  -3.0000000e-03   9.9904822e-01  -1.5414232e-03  -3.9176376e-02   1.9117702e-02
   2.0000000e-03   0.0000000e+00  -2.0000000e-03   1.0000000e+00  -0.0000000e+00   0.0000000e+00  -0.0000000e+00
   2.0000000e-03   0.0000000e+00  -1.0000000e-03   9.9965732e-01  -1.9617235e-03  -2.1411278e-02  -1.4931223e-02
   2.0000000e-03   0.0000000e+00   0.0000000e+00   1.0000000e+00   0.0000000e+00   0.0000000e+00  -0.0000000e+00
   2.0000000e-03   0.0000000e+00   1.0000000e-03   9.9984770e-01  -1.3069099e-02   1.1254885e-04  -1.1566005e-02
   2.0000000e-03   0.0000000e+00   2.0000000e-03   9.9965732e-01   1.8574228e-02   1.8096661e-02  -3.5695302e-03
   2.0000000e-03   0.0000000e+00   3.0000000e-03   1.0000000e+00  -0.0000000e+00   0.0000000e+00  -0.0000000e+00
   2.0000000e-03   0.0000000e+00   4.0000000e-03   9.9984770e-01   1.0612384e-02   7.9181425e-03  -1.1369557e-02
   2.0000000e-03   1.0000000e-03  -4.0000000e-03   9.9904822e-01   2.6463309e-02   9.4657581e-03  -3.3357813e-02
   2.0000000e-03   1.0000000e-03  -3.0000000e-03   9.9904822e-01  -3.2726925e-02  -2.8687070e-02   2.9413172e-03
   2.0000000e-03   1.0000000e-03  -2.0000000e-03   9.9996192e-01   6.8937892e-03   5.3390664e-03  -3.4994586e-04
   2.0000000e-03   1.0000000e-03  -1.0000000e-03   9.9939083e-01  -7.6488346e-03  -3.1314147e-02  -1.3375141e-02
   2.0000000e-03   1.0000000e-03   0.0000000e+00   9.9984770e-01   3.2064033e-03   9.8305325e-04  -1.7127144e-02
   2.0000000e-03   1.0000000e-03   1.0000000e-03   9.9996192e-01  -6.9319737e-03   3.6401780e-03  -3.8534746e-03
   2.0000000e-03   1.0000000e-03   2.0000000e-03   9.9939083e-01   4.8582225e-03   2.3356879e-02  -2.5472117e-02
   2.0000000e-03   1.0000000e-03   3.0000000e-03   9.9996192e-01  -7.0744465e-03  -4.9366937e-03  -1.3166943e-03
   2.0000000e-03   1.0000000e-03   4.0000000e-03   9.9965732e-01  -3.2628190e-03   1.7406663e-02  -1.9276793e-02
   2.0000000e-03   2.0000000e-03  -4.0000000e-03   9.9996192e-01  -3.2036417e-03  -5.3548778e-03  -6.1003594e-03
   2.0000000e-03   2.0000000e-03  -3.0000000e-03   9.9965732e-01   5.8309649e-04  -7.7205745e-03   2.5005706e-02
   2.0000000e-03   2.0000000e-03  -2.0000000e-03   9.9939083e-01   1.4060958e-02   3.1187048e-02   6.9016190e-03
   2.0000000e-03   2.0000000e-03  -1.0000000e-03   9.9984770e-01  -6.5961641e-03   1.4155248e-02  -7.7914092e-03
   2.0000000e-03   2.0000000e-03   0.0000000e+00   9.9965732e-01   1.8126073e-02  -1.8705543e-02  -2.6039844e-03
   2.0000000e-03   2.0000000e-03   1.0000000e-03   9.9996192e-01   6.1490181e-03  -8.3256100e-04   6.1358651e-03
   2.0000000e-03   2.0000000e-03   2.0000000e-03   9.9965732e-01   2.2072110e-02   1.0491626e-02   9.3797855e-03
   2.0000000e-03   2.0000000e-03   3.0000000e-03   9.9904822e-01   2.6261743e-02   1.9615625e-02  -2.8778448e-02
   2.0000000e-03   2.0000000e-03   4.0000000e-03   9.9996192e-01   1.8287080e-03   1.5417423e-03  -8.3923346e-03
