allow_base_reference = 1

  -1.0000000e-03   1.0000000e-03   1.0000000e-03   9.9984770e-01  -2.8307215e-03   7.0560988e-03   1.5709391e-02
   0.0000000e+00   1.0000000e-03  -1.0000000e-03   9.9984770e-01  -1.6889736e-02   3.9438528e-04  -4.3781024e-03
   1.0000000e-03  -1.0000000e-03  -2.0000000e-03   9.9984770e-01  -1.0519243e-02   1.3733809e-02   2.3053214e-03
   1.0000000e-03   1.0000000e-03  -2.0000000e-03   9.9984770e-01  -1.0206616e-02   1.0030008e-02  -9.9905169e-03


  -1.0000000e-03  -1.0000000e-03  -2.0000000e-03   9.9996192e-01  -6.9961817e-03   3.0577513e-03  -4.2256384e-03
  -1.0000000e-03  -1.0000000e-03  -1.0000000e-03   9.9996192e-01  -5.2585933e-03   6.0757711e-03   3.4036193e-03
  -1.0000000e-03  -1.0000000e-03   0.0000000e+00   9.9984770e-01  -1.1945540e-02  -1.1183153e-02  -6.0685786e-03
  -1.0000000e-03  -1.0000000e-03   1.0000000e-03   9.9984770e-01  -1.3699717e-03  -5.1217864e-03  -1.6627597e-02
  -1.0000000e-03  -1.0000000e-03   2.0000000e-03   9.9984770e-01   9.9701294e-03  -1.3477452e-02   4.8519371e-03
  -1.0000000e-03   0.0000000e+00  -2.0000000e-03   9.9996192e-01  -5.3335795e-03  -1.4292496e-03  -6.7574105e-03
  -1.0000000e-03   0.0000000e+00  -1.0000000e-03   1.0000000e+00  -0.0000000e+00  -0.0000000e+00  -0.0000000e+00
  -1.0000000e-03   0.0000000e+00   0.0000000e+00   9.9984770e-01  -3.6357623e-03  -7.2095034e-03  -1.5472259e-02
  -1.0000000e-03   0.0000000e+00   1.0000000e-03   9.9996192e-01  -6.3499469e-03  -5.9849340e-03  -1.0565113e-04
  -1.0000000e-03   0.0000000e+00   2.0000000e-03   9.9984770e-01   1.2740504e-02  -2.3438640e-04   1.1925230e-02
  -1.0000000e-03   1.0000000e-03  -2.0000000e-03   9.9996192e-01   5.8330476e-03  -4.6717987e-03   4.5058045e-03
  -1.0000000e-03   1.0000000e-03  -1.0000000e-03   1.0000000e+00  -0.0000000e+00   0.0000000e+00   0.0000000e+00
  -1.0000000e-03   1.0000000e-03   0.0000000e+00   9.9984770e-01   1.4286493e-02   5.8175346e-03  -8.1632651e-03

  -1.0000000e-03   1.0000000e-03   2.0000000e-03   1.0000000e+00   0.0000000e+00   0.0000000e+00   0.0000000e+00
   0.0000000e+00  -1.0000000e-03  -2.0000000e-03   9.9984770e-01   1.2319336e-02  -4.9757529e-03  -1.1316463e-02
   0.0000000e+00  -1.0000000e-03  -1.0000000e-03   9.9996192e-01   5.4190940e-03   6.5961119e-03   1.8102902e-03
   0.0000000e+00  -1.0000000e-03   0.0000000e+00   9.9984770e-01  -7.0066569e-03   1.1468902e-02  -1.1133622e-02
   0.0000000e+00  -1.0000000e-03   1.0000000e-03   9.9984770e-01  -1.0898319e-02  -1.3498034e-02   1.9016373e-03
   0.0000000e+00  -1.0000000e-03   2.0000000e-03   9.9996192e-01  -4.0922356e-03   7.2856451e-03   2.5150358e-03
   0.0000000e+00   0.0000000e+00  -2.0000000e-03   9.9996192e-01   5.8048844e-03  -7.2756876e-04   6.4750585e-03
   0.0000000e+00   0.0000000e+00  -1.0000000e-03   1.0000000e+00   0.0000000e+00   0.0000000e+00   0.0000000e+00
   0.0000000e+00   0.0000000e+00   0.0000000e+00   1.0000000e+00   0.0000000e+00  -0.0000000e+00   0.0000000e+00
   0.0000000e+00   0.0000000e+00   1.0000000e-03   9.9984770e-01  -1.5789284e-02  -7.2019914e-03  -1.8483274e-03
   0.0000000e+00   0.0000000e+00   2.0000000e-03   9.9984770e-01  -1.4226424e-02  -9.4908582e-03   3.4812293e-03
   0.0000000e+00   1.0000000e-03  -2.0000000e-03   9.9996192e-01   5.8322725e-03  -2.5714682e-03  -5.9602492e-03

   0.0000000e+00   1.0000000e-03   0.0000000e+00   9.9996192e-01  -5.5399244e-03  -6.2797045e-03   2.4549891e-03
   0.0000000e+00   1.0000000e-03   1.0000000e-03   9.9996192e-01   4.0810785e-04   4.7388827e-03   7.3163420e-03
   0.0000000e+00   1.0000000e-03   2.0000000e-03   9.9996192e-01   5.1460418e-03   6.1631759e-03  -3.4184702e-03

   1.0000000e-03  -1.0000000e-03  -1.0000000e-03   9.9984770e-01  -1.1691549e-02  -8.6771060e-03   9.6229938e-03
   1.0000000e-03  -1.0000000e-03   0.0000000e+00   1.0000000e+00  -0.0000000e+00  -0.0000000e+00   0.0000000e+00
   1.0000000e-03  -1.0000000e-03   1.0000000e-03   9.9984770e-01  -7.4381015e-03  -1.0834707e-02  -1.1483478e-02
   1.0000000e-03  -1.0000000e-03   2.0000000e-03   9.9996192e-01   5.5894406e-03  -2.5282430e-03   6.2063325e-03
   1.0000000e-03   0.0000000e+00  -2.0000000e-03   1.0000000e+00   0.0000000e+00   0.0000000e+00  -0.0000000e+00
   1.0000000e-03   0.0000000e+00  -1.0000000e-03   9.9984770e-01  -8.0349790e-03   1.0759385e-02   1.1147252e-02
   1.0000000e-03   0.0000000e+00   0.0000000e+00   9.9984770e-01   1.5419070e-02   8.0190462e-03  -1.5917491e-03
   1.0000000e-03   0.0000000e+00   1.0000000e-03   9.9996192e-01   4.0892634e-03  -7.2478338e-03  -2.6266426e-03
   1.0000000e-03   0.0000000e+00   2.0000000e-03   9.9984770e-01   8.4506835e-03  -1.5238904e-02   9.7378217e-04

   1.0000000e-03   1.0000000e-03  -1.0000000e-03   9.9984770e-01   9.9332110e-03   1.0381225e-02  -9.9069660e-03
   1.0000000e-03   1.0000000e-03   0.0000000e+00   9.9984770e-01  -1.1601180e-02   4.3849367e-03   1.2278903e-02
   1.0000000e-03   1.0000000e-03   1.0000000e-03   9.9996192e-01   7.2989652e-03   2.4766467e-03  -4.0919128e-03
   1.0000000e-03   1.0000000e-03   2.0000000e-03   9.9996192e-01  -6.5511696e-04   5.5611592e-03  -6.6930376e-03

