allow_base_reference = 0
0 0 0 1 0 0 0
  -5.0000000e-03  -5.0000000e-03  -4.0000000e-03   9.9939083e-01   2.0555099e-02  -1.8894715e-02   2.0939257e-02
  -5.0000000e-03  -5.0000000e-03   0.0000000e+00   9.9984770e-01  -1.5210683e-02  -8.3715073e-03   1.7718547e-03
  -5.0000000e-03  -5.0000000e-03   4.0000000e-03   9.9862953e-01   3.2664631e-02  -2.4057255e-02   3.3065430e-02
  -5.0000000e-03  -3.0000000e-03  -4.0000000e-03   9.9862953e-01  -1.6369079e-03   3.3610481e-02  -4.0083767e-02
  -5.0000000e-03  -3.0000000e-03   0.0000000e+00   9.9996192e-01  -5.2955190e-03  -3.7220525e-03  -5.8528818e-03
  -5.0000000e-03  -3.0000000e-03   4.0000000e-03   9.9984770e-01  -1.1174567e-02   8.4029009e-03   1.0445420e-02
  -5.0000000e-03  -1.0000000e-03  -4.0000000e-03   9.9984770e-01   1.2145801e-02   1.1457427e-02  -5.0787172e-03
  -5.0000000e-03  -1.0000000e-03   0.0000000e+00   9.9984770e-01  -9.4373153e-03   5.9137566e-03  -1.3436929e-02
  -5.0000000e-03  -1.0000000e-03   4.0000000e-03   9.9965732e-01   1.7275541e-02   1.5335671e-02  -1.2312818e-02
  -5.0000000e-03   1.0000000e-03  -4.0000000e-03   9.9965732e-01  -7.1143656e-03   1.7512494e-02  -1.8108865e-02
  -5.0000000e-03   1.0000000e-03   0.0000000e+00   9.9996192e-01   2.4945834e-03  -5.5922419e-03  -6.2174195e-03
  -5.0000000e-03   1.0000000e-03   4.0000000e-03   9.9939083e-01   2.2834312e-03   1.2139016e-02  -3.2640544e-02
  -5.0000000e-03   3.0000000e-03  -4.0000000e-03   9.9965732e-01   1.7369599e-02  -1.5275061e-02   1.2255699e-02
  -5.0000000e-03   3.0000000e-03   0.0000000e+00   9.9984770e-01  -1.1570138e-02  -1.3065805e-02  -5.6101962e-05
  -5.0000000e-03   3.0000000e-03   4.0000000e-03   9.9862953e-01  -2.5299070e-02   1.3515050e-02  -4.3776167e-02
  -5.0000000e-03   5.0000000e-03  -4.0000000e-03   9.9965732e-01  -2.0308964e-02   4.9399402e-04   1.6508621e-02
  -5.0000000e-03   5.0000000e-03   0.0000000e+00   9.9904822e-01   3.4169119e-02   3.5126130e-03  -2.6884639e-02
  -5.0000000e-03   5.0000000e-03   4.0000000e-03   9.9904822e-01   2.1806970e-02  -3.0640264e-02   2.2097087e-02
  -3.0000000e-03  -5.0000000e-03  -4.0000000e-03   9.9939083e-01  -1.7145096e-02   2.8695838e-02  -1.0028433e-02
  -3.0000000e-03  -5.0000000e-03   0.0000000e+00   9.9939083e-01   3.1482438e-02  -1.4677109e-02   3.3783754e-03
  -3.0000000e-03  -5.0000000e-03   4.0000000e-03   9.9984770e-01  -1.6723937e-02  -4.3102415e-03  -2.5136110e-03
  -3.0000000e-03  -3.0000000e-03  -4.0000000e-03   9.9904822e-01  -2.2242129e-02   2.6712059e-02   2.6351557e-02
  -3.0000000e-03  -3.0000000e-03   0.0000000e+00   9.9984770e-01  -1.9114532e-03   1.1953923e-02   1.2571260e-02
  -3.0000000e-03  -3.0000000e-03   4.0000000e-03   1.0000000e+00   0.0000000e+00   0.0000000e+00  -0.0000000e+00
  -3.0000000e-03  -1.0000000e-03  -4.0000000e-03   9.9996192e-01  -5.1819805e-04  -8.2632046e-03  -2.7574157e-03
  -3.0000000e-03  -1.0000000e-03   0.0000000e+00   9.9939083e-01  -2.9277429e-02   1.8781613e-02  -2.8386705e-03
  -3.0000000e-03  -1.0000000e-03   4.0000000e-03   9.9939083e-01  -1.1842477e-02   2.7524551e-02  -1.7892169e-02
  -3.0000000e-03   1.0000000e-03  -4.0000000e-03   9.9984770e-01   8.8917571e-03  -1.7721913e-03  -1.4912494e-02
  -3.0000000e-03   1.0000000e-03   0.0000000e+00   9.9939083e-01  -2.2870022e-02   1.9233980e-02  -1.8027506e-02
  -3.0000000e-03   1.0000000e-03   4.0000000e-03   1.0000000e+00   0.0000000e+00  -0.0000000e+00  -0.0000000e+00
  -3.0000000e-03   3.0000000e-03  -4.0000000e-03   9.9904822e-01  -2.7563090e-02   2.9560226e-02  -1.6404879e-02
  -3.0000000e-03   3.0000000e-03   0.0000000e+00   9.9939083e-01   2.2793631e-02  -2.5691218e-02  -6.1956880e-03
  -3.0000000e-03   3.0000000e-03   4.0000000e-03   9.9965732e-01  -1.5305615e-02   3.4983800e-03  -2.0945933e-02
  -3.0000000e-03   5.0000000e-03  -4.0000000e-03   9.9939083e-01   1.4713413e-02   2.2080422e-02   2.2670362e-02
  -3.0000000e-03   5.0000000e-03   0.0000000e+00   9.9904822e-01   9.4659327e-03   5.9215327e-03  -4.2166130e-02
  -3.0000000e-03   5.0000000e-03   4.0000000e-03   9.9904822e-01   2.7570834e-02  -3.3668123e-02   2.9929169e-03
  -1.0000000e-03  -5.0000000e-03  -4.0000000e-03   9.9996192e-01   5.9303358e-03   3.6374136e-03   5.2680890e-03
  -1.0000000e-03  -5.0000000e-03   0.0000000e+00   9.9939083e-01   1.7235032e-02   5.4832477e-03   2.9847320e-02
  -1.0000000e-03  -5.0000000e-03   4.0000000e-03   9.9904822e-01   4.3597469e-02  -8.9548992e-04  -1.0534426e-03
  -1.0000000e-03  -3.0000000e-03  -4.0000000e-03   9.9984770e-01  -1.2185307e-02   3.9826343e-03   1.1842441e-02
  -1.0000000e-03  -3.0000000e-03   0.0000000e+00   9.9939083e-01  -1.2963426e-02  -3.0369405e-02  -1.1297067e-02
  -1.0000000e-03  -3.0000000e-03   4.0000000e-03   9.9904822e-01   2.1867560e-02  -2.6265941e-02  -2.7102787e-02
  -1.0000000e-03  -1.0000000e-03  -4.0000000e-03   9.9996192e-01  -7.1871774e-03  -4.3300664e-03  -2.3973793e-03
  -1.0000000e-03  -1.0000000e-03   0.0000000e+00   9.9939083e-01  -2.2737732e-02  -2.1441759e-02  -1.5531303e-02
  -1.0000000e-03  -1.0000000e-03   4.0000000e-03   9.9984770e-01   1.4486507e-02   9.2365825e-03  -3.0680854e-03
  -1.0000000e-03   1.0000000e-03  -4.0000000e-03   9.9996192e-01  -3.9933436e-03   4.7974584e-03  -6.0983622e-03
  -1.0000000e-03   1.0000000e-03   0.0000000e+00   9.9984770e-01  -1.5131917e-02  -6.2879946e-03   6.0060557e-03
  -1.0000000e-03   1.0000000e-03   4.0000000e-03   9.9939083e-01  -2.2143005e-02   2.2698689e-02   1.4575037e-02
  -1.0000000e-03   3.0000000e-03  -4.0000000e-03   1.0000000e+00  -0.0000000e+00  -0.0000000e+00  -0.0000000e+00
  -1.0000000e-03   3.0000000e-03   0.0000000e+00   1.0000000e+00   0.0000000e+00   0.0000000e+00   0.0000000e+00
  -1.0000000e-03   3.0000000e-03   4.0000000e-03   9.9984770e-01  -6.3052449e-03   1.6184044e-02   1.7050196e-03
  -1.0000000e-03   5.0000000e-03  -4.0000000e-03   9.9984770e-01  -1.3206357e-02  -1.1309378e-02  -1.5088387e-03
  -1.0000000e-03   5.0000000e-03   0.0000000e+00   9.9984770e-01   4.1734860e-03  -1.4012724e-02  -9.5295362e-03
  -1.0000000e-03   5.0000000e-03   4.0000000e-03   1.0000000e+00  -0.0000000e+00   0.0000000e+00  -0.0000000e+00
   1.0000000e-03  -5.0000000e-03  -4.0000000e-03   9.9939083e-01   2.6594260e-02   2.1994362e-02   5.1930995e-03
   1.0000000e-03  -5.0000000e-03   0.0000000e+00   9.9984770e-01  -1.3878349e-02   2.2877958e-03   1.0331694e-02
   1.0000000e-03  -5.0000000e-03   4.0000000e-03   9.9904822e-01   3.3720421e-02  -4.2966904e-03  -2.7333544e-02
   1.0000000e-03  -3.0000000e-03  -4.0000000e-03   9.9965732e-01   8.7908368e-03  -9.1390720e-03   2.2900462e-02
   1.0000000e-03  -3.0000000e-03   0.0000000e+00   9.9996192e-01   3.5577213e-03  -4.6869015e-03  -6.4442219e-03
   1.0000000e-03  -3.0000000e-03   4.0000000e-03   9.9965732e-01   2.4128675e-02   1.0096780e-02  -1.0462875e-03
   1.0000000e-03  -1.0000000e-03  -4.0000000e-03   9.9904822e-01   1.7063331e-02  -2.1624959e-02   3.3820923e-02
   1.0000000e-03  -1.0000000e-03   0.0000000e+00   9.9862953e-01   4.9482126e-02  -2.4471414e-03   1.6869589e-02
   1.0000000e-03  -1.0000000e-03   4.0000000e-03   9.9965732e-01   2.3053632e-03  -2.5943059e-02  -2.6221411e-03
   1.0000000e-03   1.0000000e-03  -4.0000000e-03   1.0000000e+00  -0.0000000e+00  -0.0000000e+00   0.0000000e+00
   1.0000000e-03   1.0000000e-03   0.0000000e+00   9.9984770e-01  -3.5315456e-03  -4.4805904e-03   1.6493604e-02
   1.0000000e-03   1.0000000e-03   4.0000000e-03   9.9862953e-01  -3.1601986e-02  -3.3909059e-02  -2.4301080e-02
   1.0000000e-03   3.0000000e-03  -4.0000000e-03   9.9904822e-01   3.0482294e-02   2.1075573e-02  -2.3006541e-02
   1.0000000e-03   3.0000000e-03   0.0000000e+00   9.9904822e-01  -2.0243994e-02   3.5984272e-02  -1.4069963e-02
   1.0000000e-03   3.0000000e-03   4.0000000e-03   1.0000000e+00   0.0000000e+00   0.0000000e+00   0.0000000e+00
   1.0000000e-03   5.0000000e-03  -4.0000000e-03   9.9904822e-01  -1.8179922e-02   2.1787567e-02  -3.3127682e-02
   1.0000000e-03   5.0000000e-03   0.0000000e+00   9.9862953e-01  -5.2159773e-02  -4.7945871e-06   4.2907292e-03
   1.0000000e-03   5.0000000e-03   4.0000000e-03   9.9904822e-01   1.2167988e-02   1.3031828e-02   3.9809075e-02
   3.0000000e-03  -5.0000000e-03  -4.0000000e-03   9.9939083e-01   6.4178152e-03  -2.6523785e-02  -2.1754892e-02
   3.0000000e-03  -5.0000000e-03   0.0000000e+00   9.9904822e-01  -3.5652530e-02  -7.6388989e-04  -2.5119007e-02
   3.0000000e-03  -5.0000000e-03   4.0000000e-03   9.9862953e-01   5.1858923e-02   1.1499086e-04  -7.0491995e-03
   3.0000000e-03  -3.0000000e-03  -4.0000000e-03   9.9862953e-01  -1.4589060e-02   3.6684233e-02   3.4358095e-02
   3.0000000e-03  -3.0000000e-03   0.0000000e+00   1.0000000e+00  -0.0000000e+00   0.0000000e+00   0.0000000e+00
   3.0000000e-03  -3.0000000e-03   4.0000000e-03   9.9965732e-01  -2.3791226e-02   1.0844987e-02   1.2635042e-03
   3.0000000e-03  -1.0000000e-03  -4.0000000e-03   9.9862953e-01   2.3040878e-02   4.6444801e-02  -7.1449808e-03
   3.0000000e-03  -1.0000000e-03   0.0000000e+00   9.9996192e-01  -4.4126745e-03   5.6499667e-03   4.9758017e-03
   3.0000000e-03  -1.0000000e-03   4.0000000e-03   9.9939083e-01   8.2329125e-03  -2.5015271e-02  -2.2900442e-02
   3.0000000e-03   1.0000000e-03  -4.0000000e-03   9.9862953e-01   3.9525682e-02  -1.0544590e-02   3.2643290e-02
   3.0000000e-03   1.0000000e-03   0.0000000e+00   9.9984770e-01   8.8065136e-03  -1.4314659e-02  -4.7034391e-03
   3.0000000e-03   1.0000000e-03   4.0000000e-03   9.9862953e-01  -3.5821863e-02   2.4630327e-02   2.9140924e-02
   3.0000000e-03   3.0000000e-03  -4.0000000e-03   9.9984770e-01   1.5402697e-02   5.2616056e-04   8.1894174e-03
   3.0000000e-03   3.0000000e-03   0.0000000e+00   9.9862953e-01   3.3417317e-02  -3.5563157e-02   1.8910239e-02
   3.0000000e-03   3.0000000e-03   4.0000000e-03   9.9965732e-01   4.4693269e-03  -2.7726613e-03  -2.5643129e-02
   3.0000000e-03   5.0000000e-03  -4.0000000e-03   9.9996192e-01  -7.5322533e-03   3.0959196e-03  -3.1357397e-03
   3.0000000e-03   5.0000000e-03   0.0000000e+00   9.9984770e-01   2.6088829e-03   1.3209322e-02   1.1103784e-02
   3.0000000e-03   5.0000000e-03   4.0000000e-03   9.9939083e-01   1.8440500e-02  -2.4740990e-02   1.6303566e-02
   5.0000000e-03  -5.0000000e-03  -4.0000000e-03   9.9862953e-01  -7.5877188e-03  -4.7344860e-02  -2.0974820e-02
   5.0000000e-03  -5.0000000e-03   0.0000000e+00   9.9939083e-01   9.1367027e-03   2.7374579e-03  -3.3570848e-02
   5.0000000e-03  -5.0000000e-03   4.0000000e-03   9.9939083e-01  -3.0764073e-02  -1.2526754e-02   1.0706404e-02
   5.0000000e-03  -3.0000000e-03  -4.0000000e-03   9.9939083e-01   6.4779616e-03   1.6232092e-03   3.4254577e-02
   5.0000000e-03  -3.0000000e-03   0.0000000e+00   9.9996192e-01  -7.7453083e-03  -3.2637701e-03   2.3474295e-03
   5.0000000e-03  -3.0000000e-03   4.0000000e-03   9.9965732e-01   1.6339115e-02  -9.1294500e-03   1.8300794e-02
   5.0000000e-03  -1.0000000e-03  -4.0000000e-03   9.9939083e-01   3.0236788e-02   1.4424098e-02  -9.7804349e-03
   5.0000000e-03  -1.0000000e-03   0.0000000e+00   9.9996192e-01  -5.0299212e-03   5.2104450e-03   4.8686320e-03
   5.0000000e-03  -1.0000000e-03   4.0000000e-03   9.9939083e-01  -1.5396705e-02   6.0716479e-03  -3.0725420e-02
   5.0000000e-03   1.0000000e-03  -4.0000000e-03   9.9996192e-01   3.2501060e-03   5.8746472e-03   5.5747424e-03
   5.0000000e-03   1.0000000e-03   0.0000000e+00   9.9996192e-01   8.4596578e-03  -2.0540581e-03   6.0618193e-04
   5.0000000e-03   1.0000000e-03   4.0000000e-03   9.9965732e-01   9.9477154e-03   6.8941887e-03  -2.3210897e-02
   5.0000000e-03   3.0000000e-03  -4.0000000e-03   9.9862953e-01   3.9424787e-02  -6.7450992e-03  -3.3752661e-02
   5.0000000e-03   3.0000000e-03   0.0000000e+00   9.9996192e-01  -4.5924153e-03  -3.1339181e-03  -6.7261208e-03
   5.0000000e-03   3.0000000e-03   4.0000000e-03   1.0000000e+00  -0.0000000e+00  -0.0000000e+00   0.0000000e+00
   5.0000000e-03   5.0000000e-03  -4.0000000e-03   9.9939083e-01  -5.5969484e-03  -2.9918070e-02  -1.7075073e-02
   5.0000000e-03   5.0000000e-03   0.0000000e+00   9.9904822e-01   4.1775705e-02   1.1429435e-02  -5.1777837e-03
   5.0000000e-03   5.0000000e-03   4.0000000e-03   9.9996192e-01  -5.6341080e-03  -2.7095158e-04  -6.6585159e-03
