allow_base_reference = 0
0 0 0 1 0 0 0
-1.2000000e-02  -1.2000000e-02  -4.0000000e-03   9.9939083e-01   2.0555099e-02  -1.8894715e-02   2.0939257e-02
  -1.2000000e-02  -1.2000000e-02  -2.0000000e-03   9.9984770e-01  -1.5210683e-02  -8.3715073e-03   1.7718547e-03
  -1.2000000e-02  -1.2000000e-02   0.0000000e+00   9.9862953e-01   3.2664631e-02  -2.4057255e-02   3.3065430e-02
  -1.2000000e-02  -1.2000000e-02   2.0000000e-03   9.9862953e-01  -1.6369079e-03   3.3610481e-02  -4.0083767e-02
  -1.2000000e-02  -1.2000000e-02   4.0000000e-03   9.9996192e-01  -5.2955190e-03  -3.7220525e-03  -5.8528818e-03
  -1.2000000e-02  -1.0000000e-02  -4.0000000e-03   9.9984770e-01  -1.1174567e-02   8.4029009e-03   1.0445420e-02
  -1.2000000e-02  -1.0000000e-02  -2.0000000e-03   9.9984770e-01   1.2145801e-02   1.1457427e-02  -5.0787172e-03
  -1.2000000e-02  -1.0000000e-02   0.0000000e+00   9.9984770e-01  -9.4373153e-03   5.9137566e-03  -1.3436929e-02
  -1.2000000e-02  -1.0000000e-02   2.0000000e-03   9.9965732e-01   1.7275541e-02   1.5335671e-02  -1.2312818e-02
  -1.2000000e-02  -1.0000000e-02   4.0000000e-03   9.9965732e-01  -7.1143656e-03   1.7512494e-02  -1.8108865e-02
  -1.2000000e-02  -8.0000000e-03  -4.0000000e-03   9.9996192e-01   2.4945834e-03  -5.5922419e-03  -6.2174195e-03
  -1.2000000e-02  -8.0000000e-03  -2.0000000e-03   9.9939083e-01   2.2834312e-03   1.2139016e-02  -3.2640544e-02
  -1.2000000e-02  -8.0000000e-03   0.0000000e+00   9.9965732e-01   1.7369599e-02  -1.5275061e-02   1.2255699e-02
  -1.2000000e-02  -8.0000000e-03   2.0000000e-03   9.9984770e-01  -1.1570138e-02  -1.3065805e-02  -5.6101962e-05
  -1.2000000e-02  -8.0000000e-03   4.0000000e-03   9.9862953e-01  -2.5299070e-02   1.3515050e-02  -4.3776167e-02
  -1.2000000e-02  -6.0000000e-03  -4.0000000e-03   9.9965732e-01  -2.0308964e-02   4.9399402e-04   1.6508621e-02
  -1.2000000e-02  -6.0000000e-03  -2.0000000e-03   9.9904822e-01   3.4169119e-02   3.5126130e-03  -2.6884639e-02
  -1.2000000e-02  -6.0000000e-03   0.0000000e+00   9.9904822e-01   2.1806970e-02  -3.0640264e-02   2.2097087e-02
  -1.2000000e-02  -6.0000000e-03   2.0000000e-03   9.9939083e-01  -1.7145096e-02   2.8695838e-02  -1.0028433e-02
  -1.2000000e-02  -6.0000000e-03   4.0000000e-03   9.9939083e-01   3.1482438e-02  -1.4677109e-02   3.3783754e-03
  -1.2000000e-02  -4.0000000e-03  -4.0000000e-03   9.9984770e-01  -1.6723937e-02  -4.3102415e-03  -2.5136110e-03
  -1.2000000e-02  -4.0000000e-03  -2.0000000e-03   9.9904822e-01  -2.2242129e-02   2.6712059e-02   2.6351557e-02
  -1.2000000e-02  -4.0000000e-03   0.0000000e+00   9.9984770e-01  -1.9114532e-03   1.1953923e-02   1.2571260e-02
  -1.2000000e-02  -4.0000000e-03   2.0000000e-03   1.0000000e+00   0.0000000e+00   0.0000000e+00  -0.0000000e+00
  -1.2000000e-02  -4.0000000e-03   4.0000000e-03   9.9996192e-01  -5.1819805e-04  -8.2632046e-03  -2.7574157e-03
  -1.2000000e-02  -2.0000000e-03  -4.0000000e-03   9.9939083e-01  -2.9277429e-02   1.8781613e-02  -2.8386705e-03
  -1.2000000e-02  -2.0000000e-03  -2.0000000e-03   9.9939083e-01  -1.1842477e-02   2.7524551e-02  -1.7892169e-02
  -1.2000000e-02  -2.0000000e-03   0.0000000e+00   9.9984770e-01   8.8917571e-03  -1.7721913e-03  -1.4912494e-02
  -1.2000000e-02  -2.0000000e-03   2.0000000e-03   9.9939083e-01  -2.2870022e-02   1.9233980e-02  -1.8027506e-02
  -1.2000000e-02  -2.0000000e-03   4.0000000e-03   1.0000000e+00   0.0000000e+00  -0.0000000e+00  -0.0000000e+00
  -1.2000000e-02   0.0000000e+00  -4.0000000e-03   9.9904822e-01  -2.7563090e-02   2.9560226e-02  -1.6404879e-02
  -1.2000000e-02   0.0000000e+00  -2.0000000e-03   9.9939083e-01   2.2793631e-02  -2.5691218e-02  -6.1956880e-03
  -1.2000000e-02   0.0000000e+00   0.0000000e+00   9.9965732e-01  -1.5305615e-02   3.4983800e-03  -2.0945933e-02
  -1.2000000e-02   0.0000000e+00   2.0000000e-03   9.9939083e-01   1.4713413e-02   2.2080422e-02   2.2670362e-02
  -1.2000000e-02   0.0000000e+00   4.0000000e-03   9.9904822e-01   9.4659327e-03   5.9215327e-03  -4.2166130e-02
  -1.2000000e-02   2.0000000e-03  -4.0000000e-03   9.9904822e-01   2.7570834e-02  -3.3668123e-02   2.9929169e-03
  -1.2000000e-02   2.0000000e-03  -2.0000000e-03   9.9996192e-01   5.9303358e-03   3.6374136e-03   5.2680890e-03
  -1.2000000e-02   2.0000000e-03   0.0000000e+00   9.9939083e-01   1.7235032e-02   5.4832477e-03   2.9847320e-02
  -1.2000000e-02   2.0000000e-03   2.0000000e-03   9.9904822e-01   4.3597469e-02  -8.9548992e-04  -1.0534426e-03
  -1.2000000e-02   2.0000000e-03   4.0000000e-03   9.9984770e-01  -1.2185307e-02   3.9826343e-03   1.1842441e-02
  -1.2000000e-02   4.0000000e-03  -4.0000000e-03   9.9939083e-01  -1.2963426e-02  -3.0369405e-02  -1.1297067e-02
  -1.2000000e-02   4.0000000e-03  -2.0000000e-03   9.9904822e-01   2.1867560e-02  -2.6265941e-02  -2.7102787e-02
  -1.2000000e-02   4.0000000e-03   0.0000000e+00   9.9996192e-01  -7.1871774e-03  -4.3300664e-03  -2.3973793e-03
  -1.2000000e-02   4.0000000e-03   2.0000000e-03   9.9939083e-01  -2.2737732e-02  -2.1441759e-02  -1.5531303e-02
  -1.2000000e-02   4.0000000e-03   4.0000000e-03   9.9984770e-01   1.4486507e-02   9.2365825e-03  -3.0680854e-03
  -1.2000000e-02   6.0000000e-03  -4.0000000e-03   9.9996192e-01  -3.9933436e-03   4.7974584e-03  -6.0983622e-03
  -1.2000000e-02   6.0000000e-03  -2.0000000e-03   9.9984770e-01  -1.5131917e-02  -6.2879946e-03   6.0060557e-03
  -1.2000000e-02   6.0000000e-03   0.0000000e+00   9.9939083e-01  -2.2143005e-02   2.2698689e-02   1.4575037e-02
  -1.2000000e-02   6.0000000e-03   2.0000000e-03   1.0000000e+00  -0.0000000e+00  -0.0000000e+00  -0.0000000e+00
  -1.2000000e-02   6.0000000e-03   4.0000000e-03   1.0000000e+00   0.0000000e+00   0.0000000e+00   0.0000000e+00
  -1.2000000e-02   8.0000000e-03  -4.0000000e-03   9.9984770e-01  -6.3052449e-03   1.6184044e-02   1.7050196e-03
  -1.2000000e-02   8.0000000e-03  -2.0000000e-03   9.9984770e-01  -1.3206357e-02  -1.1309378e-02  -1.5088387e-03
  -1.2000000e-02   8.0000000e-03   0.0000000e+00   9.9984770e-01   4.1734860e-03  -1.4012724e-02  -9.5295362e-03
  -1.2000000e-02   8.0000000e-03   2.0000000e-03   1.0000000e+00  -0.0000000e+00   0.0000000e+00  -0.0000000e+00
  -1.2000000e-02   8.0000000e-03   4.0000000e-03   9.9939083e-01   2.6594260e-02   2.1994362e-02   5.1930995e-03
  -1.2000000e-02   1.0000000e-02  -4.0000000e-03   9.9984770e-01  -1.3878349e-02   2.2877958e-03   1.0331694e-02
  -1.2000000e-02   1.0000000e-02  -2.0000000e-03   9.9904822e-01   3.3720421e-02  -4.2966904e-03  -2.7333544e-02
  -1.2000000e-02   1.0000000e-02   0.0000000e+00   9.9965732e-01   8.7908368e-03  -9.1390720e-03   2.2900462e-02
  -1.2000000e-02   1.0000000e-02   2.0000000e-03   9.9996192e-01   3.5577213e-03  -4.6869015e-03  -6.4442219e-03
  -1.2000000e-02   1.0000000e-02   4.0000000e-03   9.9965732e-01   2.4128675e-02   1.0096780e-02  -1.0462875e-03
  -1.2000000e-02   1.2000000e-02  -4.0000000e-03   9.9904822e-01   1.7063331e-02  -2.1624959e-02   3.3820923e-02
  -1.2000000e-02   1.2000000e-02  -2.0000000e-03   9.9862953e-01   4.9482126e-02  -2.4471414e-03   1.6869589e-02
  -1.2000000e-02   1.2000000e-02   0.0000000e+00   9.9965732e-01   2.3053632e-03  -2.5943059e-02  -2.6221411e-03
  -1.2000000e-02   1.2000000e-02   2.0000000e-03   1.0000000e+00  -0.0000000e+00  -0.0000000e+00   0.0000000e+00
  -1.2000000e-02   1.2000000e-02   4.0000000e-03   9.9984770e-01  -3.5315456e-03  -4.4805904e-03   1.6493604e-02
  -1.0000000e-02  -1.2000000e-02  -4.0000000e-03   9.9862953e-01  -3.1601986e-02  -3.3909059e-02  -2.4301080e-02
  -1.0000000e-02  -1.2000000e-02  -2.0000000e-03   9.9904822e-01   3.0482294e-02   2.1075573e-02  -2.3006541e-02
  -1.0000000e-02  -1.2000000e-02   0.0000000e+00   9.9904822e-01  -2.0243994e-02   3.5984272e-02  -1.4069963e-02
  -1.0000000e-02  -1.2000000e-02   2.0000000e-03   1.0000000e+00   0.0000000e+00   0.0000000e+00   0.0000000e+00
  -1.0000000e-02  -1.2000000e-02   4.0000000e-03   9.9904822e-01  -1.8179922e-02   2.1787567e-02  -3.3127682e-02
  -1.0000000e-02  -1.0000000e-02  -4.0000000e-03   9.9862953e-01  -5.2159773e-02  -4.7945871e-06   4.2907292e-03
  -1.0000000e-02  -1.0000000e-02  -2.0000000e-03   9.9904822e-01   1.2167988e-02   1.3031828e-02   3.9809075e-02
  -1.0000000e-02  -1.0000000e-02   0.0000000e+00   9.9939083e-01   6.4178152e-03  -2.6523785e-02  -2.1754892e-02
  -1.0000000e-02  -1.0000000e-02   2.0000000e-03   9.9904822e-01  -3.5652530e-02  -7.6388989e-04  -2.5119007e-02
  -1.0000000e-02  -1.0000000e-02   4.0000000e-03   9.9862953e-01   5.1858923e-02   1.1499086e-04  -7.0491995e-03
  -1.0000000e-02  -8.0000000e-03  -4.0000000e-03   9.9862953e-01  -1.4589060e-02   3.6684233e-02   3.4358095e-02
  -1.0000000e-02  -8.0000000e-03  -2.0000000e-03   1.0000000e+00  -0.0000000e+00   0.0000000e+00   0.0000000e+00
  -1.0000000e-02  -8.0000000e-03   0.0000000e+00   9.9965732e-01  -2.3791226e-02   1.0844987e-02   1.2635042e-03
  -1.0000000e-02  -8.0000000e-03   2.0000000e-03   9.9862953e-01   2.3040878e-02   4.6444801e-02  -7.1449808e-03
  -1.0000000e-02  -8.0000000e-03   4.0000000e-03   9.9996192e-01  -4.4126745e-03   5.6499667e-03   4.9758017e-03
  -1.0000000e-02  -6.0000000e-03  -4.0000000e-03   9.9939083e-01   8.2329125e-03  -2.5015271e-02  -2.2900442e-02
  -1.0000000e-02  -6.0000000e-03  -2.0000000e-03   9.9862953e-01   3.9525682e-02  -1.0544590e-02   3.2643290e-02
  -1.0000000e-02  -6.0000000e-03   0.0000000e+00   9.9984770e-01   8.8065136e-03  -1.4314659e-02  -4.7034391e-03
  -1.0000000e-02  -6.0000000e-03   2.0000000e-03   9.9862953e-01  -3.5821863e-02   2.4630327e-02   2.9140924e-02
  -1.0000000e-02  -6.0000000e-03   4.0000000e-03   9.9984770e-01   1.5402697e-02   5.2616056e-04   8.1894174e-03
  -1.0000000e-02  -4.0000000e-03  -4.0000000e-03   9.9862953e-01   3.3417317e-02  -3.5563157e-02   1.8910239e-02
  -1.0000000e-02  -4.0000000e-03  -2.0000000e-03   9.9965732e-01   4.4693269e-03  -2.7726613e-03  -2.5643129e-02
  -1.0000000e-02  -4.0000000e-03   0.0000000e+00   9.9996192e-01  -7.5322533e-03   3.0959196e-03  -3.1357397e-03
  -1.0000000e-02  -4.0000000e-03   2.0000000e-03   9.9984770e-01   2.6088829e-03   1.3209322e-02   1.1103784e-02
  -1.0000000e-02  -4.0000000e-03   4.0000000e-03   9.9939083e-01   1.8440500e-02  -2.4740990e-02   1.6303566e-02
  -1.0000000e-02  -2.0000000e-03  -4.0000000e-03   9.9862953e-01  -7.5877188e-03  -4.7344860e-02  -2.0974820e-02
  -1.0000000e-02  -2.0000000e-03  -2.0000000e-03   9.9939083e-01   9.1367027e-03   2.7374579e-03  -3.3570848e-02
  -1.0000000e-02  -2.0000000e-03   0.0000000e+00   9.9939083e-01  -3.0764073e-02  -1.2526754e-02   1.0706404e-02
  -1.0000000e-02  -2.0000000e-03   2.0000000e-03   9.9939083e-01   6.4779616e-03   1.6232092e-03   3.4254577e-02
  -1.0000000e-02  -2.0000000e-03   4.0000000e-03   9.9996192e-01  -7.7453083e-03  -3.2637701e-03   2.3474295e-03
  -1.0000000e-02   0.0000000e+00  -4.0000000e-03   9.9965732e-01   1.6339115e-02  -9.1294500e-03   1.8300794e-02
  -1.0000000e-02   0.0000000e+00  -2.0000000e-03   9.9939083e-01   3.0236788e-02   1.4424098e-02  -9.7804349e-03
  -1.0000000e-02   0.0000000e+00   0.0000000e+00   9.9996192e-01  -5.0299212e-03   5.2104450e-03   4.8686320e-03
  -1.0000000e-02   0.0000000e+00   2.0000000e-03   9.9939083e-01  -1.5396705e-02   6.0716479e-03  -3.0725420e-02
  -1.0000000e-02   0.0000000e+00   4.0000000e-03   9.9996192e-01   3.2501060e-03   5.8746472e-03   5.5747424e-03
  -1.0000000e-02   2.0000000e-03  -4.0000000e-03   9.9996192e-01   8.4596578e-03  -2.0540581e-03   6.0618193e-04
  -1.0000000e-02   2.0000000e-03  -2.0000000e-03   9.9965732e-01   9.9477154e-03   6.8941887e-03  -2.3210897e-02
  -1.0000000e-02   2.0000000e-03   0.0000000e+00   9.9862953e-01   3.9424787e-02  -6.7450992e-03  -3.3752661e-02
  -1.0000000e-02   2.0000000e-03   2.0000000e-03   9.9996192e-01  -4.5924153e-03  -3.1339181e-03  -6.7261208e-03
  -1.0000000e-02   2.0000000e-03   4.0000000e-03   1.0000000e+00  -0.0000000e+00  -0.0000000e+00   0.0000000e+00
  -1.0000000e-02   4.0000000e-03  -4.0000000e-03   9.9939083e-01  -5.5969484e-03  -2.9918070e-02  -1.7075073e-02
  -1.0000000e-02   4.0000000e-03  -2.0000000e-03   9.9904822e-01   4.1775705e-02   1.1429435e-02  -5.1777837e-03
  -1.0000000e-02   4.0000000e-03   0.0000000e+00   9.9996192e-01  -5.6341080e-03  -2.7095158e-04  -6.6585159e-03
  -1.0000000e-02   4.0000000e-03   2.0000000e-03   9.9984770e-01   1.4399306e-02  -8.1575012e-03   5.5409059e-03
  -1.0000000e-02   4.0000000e-03   4.0000000e-03   9.9965732e-01  -8.9197161e-03  -1.0131054e-02   2.2428398e-02
  -1.0000000e-02   6.0000000e-03  -4.0000000e-03   9.9965732e-01   1.5299706e-02  -9.3049418e-03  -1.9093707e-02
  -1.0000000e-02   6.0000000e-03  -2.0000000e-03   9.9984770e-01  -8.2428514e-03  -5.1519962e-03   1.4494786e-02
  -1.0000000e-02   6.0000000e-03   0.0000000e+00   9.9996192e-01  -1.4986289e-03   5.5058118e-03  -6.6024669e-03
  -1.0000000e-02   6.0000000e-03   2.0000000e-03   1.0000000e+00  -0.0000000e+00  -0.0000000e+00   0.0000000e+00
  -1.0000000e-02   6.0000000e-03   4.0000000e-03   9.9984770e-01  -9.1121878e-03   9.1662444e-04   1.4856457e-02
  -1.0000000e-02   8.0000000e-03  -4.0000000e-03   9.9939083e-01  -1.8743860e-02   2.2410680e-03   2.9353368e-02
  -1.0000000e-02   8.0000000e-03  -2.0000000e-03   9.9984770e-01  -4.6364855e-03   1.3308773e-02  -1.0293982e-02
  -1.0000000e-02   8.0000000e-03   0.0000000e+00   9.9965732e-01  -2.0014311e-02   1.1072841e-02  -1.2729971e-02
  -1.0000000e-02   8.0000000e-03   2.0000000e-03   9.9939083e-01   1.5878195e-02   3.0552115e-02  -5.6943860e-03
  -1.0000000e-02   8.0000000e-03   4.0000000e-03   9.9984770e-01   4.8124653e-03  -7.6712488e-03   1.4919069e-02
  -1.0000000e-02   1.0000000e-02  -4.0000000e-03   9.9984770e-01   6.2652968e-03   4.7523152e-03   1.5580374e-02
  -1.0000000e-02   1.0000000e-02  -2.0000000e-03   9.9939083e-01  -1.4372923e-02   1.8114998e-02   2.6138876e-02
  -1.0000000e-02   1.0000000e-02   0.0000000e+00   9.9996192e-01  -2.4949600e-03  -2.0652525e-03   8.1032295e-03
  -1.0000000e-02   1.0000000e-02   2.0000000e-03   9.9939083e-01  -2.2146635e-02   2.3954599e-02  -1.2396718e-02
  -1.0000000e-02   1.0000000e-02   4.0000000e-03   9.9939083e-01   2.7157901e-02  -1.9868481e-02   9.2556318e-03
  -1.0000000e-02   1.2000000e-02  -4.0000000e-03   9.9996192e-01   8.0747401e-04   7.3324160e-03  -4.6621972e-03
  -1.0000000e-02   1.2000000e-02  -2.0000000e-03   9.9984770e-01   1.1081690e-02  -1.2799999e-02  -4.2358779e-03
  -1.0000000e-02   1.2000000e-02   0.0000000e+00   1.0000000e+00   0.0000000e+00   0.0000000e+00   0.0000000e+00
  -1.0000000e-02   1.2000000e-02   2.0000000e-03   9.9996192e-01   3.5629441e-03   3.6259101e-04   7.9577873e-03
  -1.0000000e-02   1.2000000e-02   4.0000000e-03   9.9939083e-01   1.9491398e-02   1.9298602e-02   2.1578328e-02
  -8.0000000e-03  -1.2000000e-02  -4.0000000e-03   9.9996192e-01   1.5008739e-03   3.9009172e-03  -7.6604598e-03
  -8.0000000e-03  -1.2000000e-02  -2.0000000e-03   9.9984770e-01   6.8171505e-03   1.0849414e-02   1.1849184e-02
  -8.0000000e-03  -1.2000000e-02   0.0000000e+00   9.9939083e-01   2.1810220e-02  -1.1853520e-02   2.4531270e-02
  -8.0000000e-03  -1.2000000e-02   2.0000000e-03   1.0000000e+00   0.0000000e+00   0.0000000e+00  -0.0000000e+00
  -8.0000000e-03  -1.2000000e-02   4.0000000e-03   9.9996192e-01  -5.0431255e-03  -7.0972759e-03  -5.8989931e-04
  -8.0000000e-03  -1.0000000e-02  -4.0000000e-03   9.9984770e-01   1.4144924e-02  -3.4793033e-03   9.6125998e-03
  -8.0000000e-03  -1.0000000e-02  -2.0000000e-03   9.9862953e-01  -3.6384588e-02   3.6710191e-02   8.2204577e-03
  -8.0000000e-03  -1.0000000e-02   0.0000000e+00   9.9984770e-01  -8.3408742e-03   1.4003394e-02  -6.2386910e-03
  -8.0000000e-03  -1.0000000e-02   2.0000000e-03   9.9984770e-01   6.7813037e-03  -1.9174194e-03  -1.5966337e-02
  -8.0000000e-03  -1.0000000e-02   4.0000000e-03   9.9984770e-01   3.4075676e-03   1.0342368e-02   1.3638563e-02
  -8.0000000e-03  -8.0000000e-03  -4.0000000e-03   9.9939083e-01  -5.9826322e-03   3.3104133e-02  -9.2897433e-03
  -8.0000000e-03  -8.0000000e-03  -2.0000000e-03   9.9965732e-01  -6.5353199e-03   1.9535587e-02   1.6151874e-02
  -8.0000000e-03  -8.0000000e-03   0.0000000e+00   9.9984770e-01   8.1827098e-03  -8.3678742e-03  -1.2946368e-02
  -8.0000000e-03  -8.0000000e-03   2.0000000e-03   9.9984770e-01  -7.8679435e-03   2.8186704e-03  -1.5321131e-02
  -8.0000000e-03  -8.0000000e-03   4.0000000e-03   9.9965732e-01  -1.2549689e-02   1.3652264e-02   1.8475758e-02
  -8.0000000e-03  -6.0000000e-03  -4.0000000e-03   1.0000000e+00   0.0000000e+00   0.0000000e+00  -0.0000000e+00
  -8.0000000e-03  -6.0000000e-03  -2.0000000e-03   9.9939083e-01   7.7289410e-03  -2.0659127e-02  -2.7045126e-02
  -8.0000000e-03  -6.0000000e-03   0.0000000e+00   9.9939083e-01  -1.4083494e-02   2.6435594e-03  -3.1822031e-02
  -8.0000000e-03  -6.0000000e-03   2.0000000e-03   9.9904822e-01   3.9148466e-02  -1.9229641e-02   5.1913235e-04
  -8.0000000e-03  -6.0000000e-03   4.0000000e-03   9.9939083e-01   3.0703260e-04   2.1664392e-02   2.7359363e-02
  -8.0000000e-03  -4.0000000e-03  -4.0000000e-03   9.9904822e-01   5.5454394e-03   3.9339309e-02   1.8008827e-02
  -8.0000000e-03  -4.0000000e-03  -2.0000000e-03   9.9996192e-01   3.9637243e-03   4.7632210e-03   6.1443500e-03
  -8.0000000e-03  -4.0000000e-03   0.0000000e+00   9.9862953e-01  -3.0773035e-02  -9.4790534e-03  -4.1257971e-02
  -8.0000000e-03  -4.0000000e-03   2.0000000e-03   1.0000000e+00  -0.0000000e+00   0.0000000e+00  -0.0000000e+00
  -8.0000000e-03  -4.0000000e-03   4.0000000e-03   1.0000000e+00   0.0000000e+00   0.0000000e+00   0.0000000e+00
  -8.0000000e-03  -2.0000000e-03  -4.0000000e-03   9.9965732e-01   7.1454100e-03  -2.1046029e-02   1.3828970e-02
  -8.0000000e-03  -2.0000000e-03  -2.0000000e-03   9.9904822e-01  -1.7867730e-02  -2.2830413e-02  -3.2590910e-02
  -8.0000000e-03  -2.0000000e-03   0.0000000e+00   9.9904822e-01   3.7686211e-02   2.1021396e-02   6.3640660e-03
  -8.0000000e-03  -2.0000000e-03   2.0000000e-03   9.9862953e-01   6.7688706e-03  -4.0822388e-02  -3.2043211e-02
  -8.0000000e-03  -2.0000000e-03   4.0000000e-03   9.9904822e-01  -1.5179876e-03   3.3335690e-02  -2.8090540e-02
  -8.0000000e-03   0.0000000e+00  -4.0000000e-03   9.9996192e-01   2.2711319e-03  -8.1835728e-03   2.0058709e-03
  -8.0000000e-03   0.0000000e+00  -2.0000000e-03   9.9984770e-01   1.4411765e-02   3.3368643e-04   9.8374881e-03
  -8.0000000e-03   0.0000000e+00   0.0000000e+00   9.9904822e-01   2.3133608e-02   2.7766464e-02   2.4423566e-02
  -8.0000000e-03   0.0000000e+00   2.0000000e-03   9.9862953e-01  -2.7264690e-02   4.3989824e-02  -7.7835996e-03
  -8.0000000e-03   0.0000000e+00   4.0000000e-03   9.9965732e-01  -3.5340163e-04   1.4312607e-02  -2.1914767e-02
  -8.0000000e-03   2.0000000e-03  -4.0000000e-03   9.9904822e-01   8.1780036e-04  -2.9937862e-02  -3.1712877e-02
  -8.0000000e-03   2.0000000e-03  -2.0000000e-03   9.9965732e-01   2.3125555e-02  -5.1543378e-03  -1.1129876e-02
  -8.0000000e-03   2.0000000e-03   0.0000000e+00   9.9996192e-01   3.7758757e-03  -5.7523774e-03   5.3670605e-03
  -8.0000000e-03   2.0000000e-03   2.0000000e-03   9.9904822e-01   3.0980164e-02   2.8866752e-02  -1.0468573e-02
  -8.0000000e-03   2.0000000e-03   4.0000000e-03   9.9996192e-01  -5.9004322e-03   5.6801718e-03   3.0121370e-03
  -8.0000000e-03   4.0000000e-03  -4.0000000e-03   9.9965732e-01  -1.6015358e-02   1.3221815e-02   1.5935010e-02
  -8.0000000e-03   4.0000000e-03  -2.0000000e-03   9.9862953e-01   4.0938572e-02   3.2569276e-02   1.5257542e-03
  -8.0000000e-03   4.0000000e-03   0.0000000e+00   9.9939083e-01   5.8632676e-03   2.1165056e-02   2.7122635e-02
  -8.0000000e-03   4.0000000e-03   2.0000000e-03   9.9862953e-01  -3.1468892e-02  -3.2383090e-02  -2.6459339e-02
  -8.0000000e-03   4.0000000e-03   4.0000000e-03   1.0000000e+00   0.0000000e+00  -0.0000000e+00   0.0000000e+00
  -8.0000000e-03   6.0000000e-03  -4.0000000e-03   9.9996192e-01   7.9404755e-03  -3.4112163e-03  -1.2103195e-03
  -8.0000000e-03   6.0000000e-03  -2.0000000e-03   9.9862953e-01   4.2328665e-02  -2.1342858e-02   2.2176989e-02
  -8.0000000e-03   6.0000000e-03   0.0000000e+00   9.9904822e-01  -2.6810042e-02   3.4292742e-02   2.8072184e-03
  -8.0000000e-03   6.0000000e-03   2.0000000e-03   9.9965732e-01   2.3800340e-02  -1.0108794e-02  -4.0729265e-03
  -8.0000000e-03   6.0000000e-03   4.0000000e-03   1.0000000e+00   0.0000000e+00   0.0000000e+00  -0.0000000e+00
  -8.0000000e-03   8.0000000e-03  -4.0000000e-03   9.9939083e-01   1.0523416e-02   3.3234625e-02  -1.6408073e-03
  -8.0000000e-03   8.0000000e-03  -2.0000000e-03   9.9984770e-01   9.5128402e-03   8.5367850e-03  -1.1883420e-02
  -8.0000000e-03   8.0000000e-03   0.0000000e+00   9.9984770e-01  -9.6138241e-04   1.2565629e-02  -1.2073409e-02
  -8.0000000e-03   8.0000000e-03   2.0000000e-03   9.9965732e-01   1.5491825e-02   4.0561929e-03  -2.0707083e-02
  -8.0000000e-03   8.0000000e-03   4.0000000e-03   9.9996192e-01  -3.4472612e-03  -6.3043829e-03  -4.9521277e-03
  -8.0000000e-03   1.0000000e-02  -4.0000000e-03   9.9904822e-01  -2.7893705e-02  -1.6761290e-02  -2.9045677e-02
  -8.0000000e-03   1.0000000e-02  -2.0000000e-03   9.9996192e-01   6.0883653e-03  -4.9684869e-03   3.7945182e-03
  -8.0000000e-03   1.0000000e-02   0.0000000e+00   9.9904822e-01   1.8897348e-02   4.3107523e-03   3.9076318e-02
  -8.0000000e-03   1.0000000e-02   2.0000000e-03   9.9862953e-01  -1.7198661e-02  -2.0757681e-02  -4.4859526e-02
  -8.0000000e-03   1.0000000e-02   4.0000000e-03   9.9965732e-01   2.2679248e-02  -2.7136897e-04  -1.3069457e-02
  -8.0000000e-03   1.2000000e-02  -4.0000000e-03   9.9984770e-01  -1.1034521e-02  -1.1277465e-02   7.4595325e-03
  -8.0000000e-03   1.2000000e-02  -2.0000000e-03   9.9904822e-01   2.8887190e-03  -3.3431401e-02   2.7868399e-02
  -8.0000000e-03   1.2000000e-02   0.0000000e+00   9.9984770e-01   6.1404957e-03  -7.3412074e-03   1.4594090e-02
  -8.0000000e-03   1.2000000e-02   2.0000000e-03   9.9862953e-01  -4.4171218e-02  -2.7217797e-02  -6.8663908e-03
  -8.0000000e-03   1.2000000e-02   4.0000000e-03   9.9965732e-01   1.3272648e-02   1.8019569e-02  -1.3578092e-02
  -6.0000000e-03  -1.2000000e-02  -4.0000000e-03   9.9965732e-01   3.2674475e-03  -5.9663643e-03  -2.5277636e-02
  -6.0000000e-03  -1.2000000e-02  -2.0000000e-03   9.9939083e-01  -1.8273475e-02   1.2136017e-02   2.7143546e-02
  -6.0000000e-03  -1.2000000e-02   0.0000000e+00   9.9904822e-01   4.3204460e-02  -5.7519128e-03   1.7149570e-03
  -6.0000000e-03  -1.2000000e-02   2.0000000e-03   9.9904822e-01   2.2182406e-02   1.7387758e-02  -3.3290504e-02
  -6.0000000e-03  -1.2000000e-02   4.0000000e-03   9.9862953e-01   3.1940101e-02  -2.3159156e-02  -3.4388017e-02
  -6.0000000e-03  -1.0000000e-02  -4.0000000e-03   9.9984770e-01  -1.1064284e-02   6.6979436e-03  -1.1717750e-02
  -6.0000000e-03  -1.0000000e-02  -2.0000000e-03   9.9904822e-01  -2.2754640e-02   2.7681412e-02  -2.4872007e-02
  -6.0000000e-03  -1.0000000e-02   0.0000000e+00   9.9965732e-01   5.9297846e-03   1.7110386e-02  -1.8902512e-02
  -6.0000000e-03  -1.0000000e-02   2.0000000e-03   9.9965732e-01   1.6964442e-02   1.3227342e-02  -1.4915687e-02
  -6.0000000e-03  -1.0000000e-02   4.0000000e-03   9.9984770e-01   9.2475420e-03  -1.3081368e-02  -6.9243968e-03
  -6.0000000e-03  -8.0000000e-03  -4.0000000e-03   9.9939083e-01  -8.8113214e-03  -1.9571894e-02  -2.7518657e-02
  -6.0000000e-03  -8.0000000e-03  -2.0000000e-03   9.9939083e-01  -3.2195174e-02  -1.2221552e-02   5.6638618e-03
  -6.0000000e-03  -8.0000000e-03   0.0000000e+00   9.9939083e-01  -1.3164214e-02   1.4393604e-03   3.2289419e-02
  -6.0000000e-03  -8.0000000e-03   2.0000000e-03   9.9939083e-01  -2.6780478e-02  -1.3808436e-02  -1.7609883e-02
  -6.0000000e-03  -8.0000000e-03   4.0000000e-03   1.0000000e+00  -0.0000000e+00  -0.0000000e+00  -0.0000000e+00
  -6.0000000e-03  -6.0000000e-03  -4.0000000e-03   9.9904822e-01  -3.3758740e-02   2.4738514e-02  -1.2288382e-02
  -6.0000000e-03  -6.0000000e-03  -2.0000000e-03   9.9862953e-01  -1.0697548e-02   3.0857896e-02   4.0895049e-02
  -6.0000000e-03  -6.0000000e-03   0.0000000e+00   9.9996192e-01  -2.2472299e-03   5.6397503e-03  -6.2686199e-03
  -6.0000000e-03  -6.0000000e-03   2.0000000e-03   9.9939083e-01   2.1539388e-02  -2.7435846e-02   1.1419287e-03
  -6.0000000e-03  -6.0000000e-03   4.0000000e-03   9.9965732e-01  -5.1767647e-03  -1.1303064e-02  -2.3036373e-02
  -6.0000000e-03  -4.0000000e-03  -4.0000000e-03   9.9984770e-01  -8.8350138e-03  -6.0535423e-03   1.3779828e-02
  -6.0000000e-03  -4.0000000e-03  -2.0000000e-03   9.9862953e-01   2.5151774e-02  -3.7241429e-02  -2.6823805e-02
  -6.0000000e-03  -4.0000000e-03   0.0000000e+00   9.9904822e-01   2.1848589e-02   2.4081550e-02   2.9075231e-02
  -6.0000000e-03  -4.0000000e-03   2.0000000e-03   9.9996192e-01  -4.9615612e-03  -7.1094760e-03  -9.9533110e-04
  -6.0000000e-03  -4.0000000e-03   4.0000000e-03   9.9904822e-01  -1.0661965e-02   3.0222015e-02   2.9590594e-02
  -6.0000000e-03  -2.0000000e-03  -4.0000000e-03   9.9904822e-01   2.7162258e-02   2.5172429e-02   2.3048026e-02
  -6.0000000e-03  -2.0000000e-03  -2.0000000e-03   9.9984770e-01   7.6486361e-03   1.1767956e-02   1.0373045e-02
  -6.0000000e-03  -2.0000000e-03   0.0000000e+00   9.9904822e-01   2.3360869e-02   6.4071749e-03  -3.6274907e-02
  -6.0000000e-03  -2.0000000e-03   2.0000000e-03   9.9939083e-01   2.3541246e-02  -2.3048158e-02  -1.1513775e-02
  -6.0000000e-03  -2.0000000e-03   4.0000000e-03   9.9996192e-01  -4.0546857e-03  -7.2542869e-03   2.6621922e-03
  -6.0000000e-03   0.0000000e+00  -4.0000000e-03   9.9862953e-01  -4.0890324e-02  -3.0051322e-02  -1.2804367e-02
  -6.0000000e-03   0.0000000e+00  -2.0000000e-03   9.9862953e-01  -1.8321391e-02   9.7143930e-03  -4.8052154e-02
  -6.0000000e-03   0.0000000e+00   0.0000000e+00   9.9996192e-01  -2.7363353e-03   7.8374480e-03   2.6905948e-03
  -6.0000000e-03   0.0000000e+00   2.0000000e-03   9.9939083e-01  -1.8922809e-02  -2.7207000e-02   1.0939896e-02
  -6.0000000e-03   0.0000000e+00   4.0000000e-03   9.9984770e-01  -9.1602040e-03   1.3629770e-03   1.4792547e-02
  -6.0000000e-03   2.0000000e-03  -4.0000000e-03   9.9996192e-01  -5.4444023e-03  -6.6373707e-03  -1.5672315e-03
  -6.0000000e-03   2.0000000e-03  -2.0000000e-03   9.9996192e-01   4.2799831e-03  -1.7778948e-03  -7.3941366e-03
  -6.0000000e-03   2.0000000e-03   0.0000000e+00   9.9996192e-01   1.0109286e-03   5.3681238e-03   6.8054164e-03
  -6.0000000e-03   2.0000000e-03   2.0000000e-03   9.9965732e-01   9.2667850e-03  -7.8047894e-03  -2.3204409e-02
  -6.0000000e-03   2.0000000e-03   4.0000000e-03   9.9862953e-01  -5.9167045e-03  -3.6461149e-02   3.7075997e-02
  -6.0000000e-03   4.0000000e-03  -4.0000000e-03   9.9965732e-01   1.2065437e-02   1.2217869e-02  -1.9758075e-02
  -6.0000000e-03   4.0000000e-03  -2.0000000e-03   9.9984770e-01  -1.2943802e-03  -1.0140885e-02  -1.4144735e-02
  -6.0000000e-03   4.0000000e-03   0.0000000e+00   9.9939083e-01  -2.2851161e-02  -2.3655534e-02   1.1671121e-02
  -6.0000000e-03   4.0000000e-03   2.0000000e-03   9.9904822e-01   1.7980105e-03   2.2010889e-02  -3.7615673e-02
  -6.0000000e-03   4.0000000e-03   4.0000000e-03   9.9862953e-01   4.2901571e-03   1.8860315e-02  -4.8630601e-02
  -6.0000000e-03   6.0000000e-03  -4.0000000e-03   9.9939083e-01   1.9084759e-02  -2.9155628e-02   1.9225449e-03
  -6.0000000e-03   6.0000000e-03  -2.0000000e-03   9.9984770e-01  -5.7916031e-03   1.2608172e-02   1.0586681e-02
  -6.0000000e-03   6.0000000e-03   0.0000000e+00   9.9939083e-01   1.2462630e-02   2.4427887e-02  -2.1585552e-02
  -6.0000000e-03   6.0000000e-03   2.0000000e-03   9.9984770e-01   1.0923888e-02  -8.4966201e-03   1.0633090e-02
  -6.0000000e-03   6.0000000e-03   4.0000000e-03   9.9939083e-01   1.0332385e-02  -8.0054493e-03  -3.2359380e-02
  -6.0000000e-03   8.0000000e-03  -4.0000000e-03   9.9965732e-01  -1.2271099e-02  -1.9709922e-02   1.2090151e-02
  -6.0000000e-03   8.0000000e-03  -2.0000000e-03   9.9984770e-01   1.3896649e-02   9.1731168e-03  -5.2271936e-03
  -6.0000000e-03   8.0000000e-03   0.0000000e+00   9.9996192e-01  -5.7250427e-03   3.3062344e-03  -5.6960620e-03
  -6.0000000e-03   8.0000000e-03   2.0000000e-03   9.9939083e-01   3.2564229e-02   5.2106421e-04   1.2540907e-02
  -6.0000000e-03   8.0000000e-03   4.0000000e-03   9.9862953e-01  -5.0956777e-03  -4.0010145e-02   3.3350782e-02
  -6.0000000e-03   1.0000000e-02  -4.0000000e-03   9.9984770e-01  -4.3118343e-03   1.4786792e-02  -8.2064221e-03
  -6.0000000e-03   1.0000000e-02  -2.0000000e-03   9.9984770e-01   4.7034629e-03  -5.0512781e-03  -1.6029614e-02
  -6.0000000e-03   1.0000000e-02   0.0000000e+00   9.9862953e-01   1.0420131e-02   4.1726588e-02  -2.9822223e-02
  -6.0000000e-03   1.0000000e-02   2.0000000e-03   9.9984770e-01  -1.4186070e-02  -9.7282997e-03  -2.9499291e-03
  -6.0000000e-03   1.0000000e-02   4.0000000e-03   9.9939083e-01  -2.3941059e-02   1.2283855e-02  -2.2224030e-02
  -6.0000000e-03   1.2000000e-02  -4.0000000e-03   9.9939083e-01   9.7273505e-03   3.1735602e-02  -1.0779847e-02
  -6.0000000e-03   1.2000000e-02  -2.0000000e-03   9.9939083e-01   3.0002407e-02  -1.4717569e-02   1.0060994e-02
  -6.0000000e-03   1.2000000e-02   0.0000000e+00   9.9984770e-01  -3.9861696e-03   4.3711241e-03  -1.6419203e-02
  -6.0000000e-03   1.2000000e-02   2.0000000e-03   9.9904822e-01   2.6282674e-02   2.1498397e-02   2.7380485e-02
  -6.0000000e-03   1.2000000e-02   4.0000000e-03   9.9984770e-01  -1.4345628e-02  -9.2345523e-03  -3.6759329e-03
  -4.0000000e-03  -1.2000000e-02  -4.0000000e-03   9.9965732e-01   1.7607111e-02   3.3874290e-03   1.9072168e-02
  -4.0000000e-03  -1.2000000e-02  -2.0000000e-03   9.9939083e-01   2.5054739e-02  -2.4225110e-02   1.8382003e-03
  -4.0000000e-03  -1.2000000e-02   0.0000000e+00   9.9904822e-01  -1.8307498e-02  -2.9643406e-02   2.6244141e-02
  -4.0000000e-03  -1.2000000e-02   2.0000000e-03   9.9862953e-01  -4.2841357e-02   1.6346053e-02   2.5228495e-02
  -4.0000000e-03  -1.2000000e-02   4.0000000e-03   1.0000000e+00   0.0000000e+00   0.0000000e+00   0.0000000e+00
  -4.0000000e-03  -1.0000000e-02  -4.0000000e-03   9.9904822e-01   1.9695563e-02   2.2184429e-02   3.1977912e-02
  -4.0000000e-03  -1.0000000e-02  -2.0000000e-03   9.9904822e-01  -1.0636173e-02  -4.0159488e-02   1.3294295e-02
  -4.0000000e-03  -1.0000000e-02   0.0000000e+00   9.9996192e-01  -6.2027359e-03  -5.7062317e-03  -2.2621691e-03
  -4.0000000e-03  -1.0000000e-02   2.0000000e-03   9.9862953e-01   3.9620218e-02  -2.4247563e-02   2.4111124e-02
  -4.0000000e-03  -1.0000000e-02   4.0000000e-03   9.9965732e-01   1.9538958e-02  -1.7215758e-02  -2.6607205e-03
  -4.0000000e-03  -8.0000000e-03  -4.0000000e-03   9.9996192e-01  -3.1613097e-03  -7.7161461e-03  -2.5728646e-03
  -4.0000000e-03  -8.0000000e-03  -2.0000000e-03   9.9996192e-01   1.7125119e-03   2.4221136e-04  -8.5534238e-03
  -4.0000000e-03  -8.0000000e-03   0.0000000e+00   9.9965732e-01   1.8565142e-02  -5.4430273e-03   1.7633536e-02
  -4.0000000e-03  -8.0000000e-03   2.0000000e-03   9.9984770e-01  -1.6920194e-02   1.9831427e-03   3.7895493e-03
  -4.0000000e-03  -8.0000000e-03   4.0000000e-03   9.9939083e-01   2.7374245e-02   1.3973241e-02  -1.6534029e-02
  -4.0000000e-03  -6.0000000e-03  -4.0000000e-03   9.9939083e-01   1.0752105e-02  -2.7198115e-02   1.9042837e-02
  -4.0000000e-03  -6.0000000e-03  -2.0000000e-03   9.9904822e-01   2.1671760e-02  -3.6579485e-02  -9.7430511e-03
  -4.0000000e-03  -6.0000000e-03   0.0000000e+00   9.9965732e-01   1.4081497e-02  -1.6916649e-02  -1.4169370e-02
  -4.0000000e-03  -6.0000000e-03   2.0000000e-03   9.9984770e-01  -1.3451820e-03   7.3939290e-03  -1.5751406e-02
  -4.0000000e-03  -6.0000000e-03   4.0000000e-03   9.9939083e-01  -1.8946840e-02  -1.5341798e-02  -2.4972412e-02
  -4.0000000e-03  -4.0000000e-03  -4.0000000e-03   9.9904822e-01   2.7089675e-02   3.4176585e-02   8.7262204e-04
  -4.0000000e-03  -4.0000000e-03  -2.0000000e-03   9.9939083e-01  -1.9064032e-02   1.9305710e-02   2.1950561e-02
  -4.0000000e-03  -4.0000000e-03   0.0000000e+00   9.9996192e-01   5.1563809e-03  -3.5586284e-03  -6.0745635e-03
  -4.0000000e-03  -4.0000000e-03   2.0000000e-03   9.9984770e-01   1.0132511e-02  -3.5490414e-04  -1.4205378e-02
  -4.0000000e-03  -4.0000000e-03   4.0000000e-03   9.9984770e-01  -1.1447261e-02  -3.1355593e-03  -1.2795115e-02
  -4.0000000e-03  -2.0000000e-03  -4.0000000e-03   1.0000000e+00  -0.0000000e+00   0.0000000e+00   0.0000000e+00
  -4.0000000e-03  -2.0000000e-03  -2.0000000e-03   1.0000000e+00   0.0000000e+00  -0.0000000e+00  -0.0000000e+00
  -4.0000000e-03  -2.0000000e-03   0.0000000e+00   9.9862953e-01   4.5177039e-02   2.3110860e-02   1.2805297e-02
  -4.0000000e-03  -2.0000000e-03   2.0000000e-03   9.9984770e-01  -1.2278800e-02   1.0566596e-02  -6.4934271e-03
  -4.0000000e-03  -2.0000000e-03   4.0000000e-03   9.9984770e-01   1.3563961e-02  -4.1413409e-03   1.0171270e-02
  -4.0000000e-03   0.0000000e+00  -4.0000000e-03   9.9939083e-01  -1.2063229e-02   3.5510042e-03   3.2555241e-02
  -4.0000000e-03   0.0000000e+00  -2.0000000e-03   9.9996192e-01  -5.9215428e-03   4.1719011e-03  -4.8665177e-03
  -4.0000000e-03   0.0000000e+00   0.0000000e+00   9.9965732e-01  -1.0578076e-02  -9.4047358e-04   2.3925978e-02
  -4.0000000e-03   0.0000000e+00   2.0000000e-03   9.9862953e-01  -2.0110331e-02   3.9439940e-02   2.7912686e-02
  -4.0000000e-03   0.0000000e+00   4.0000000e-03   9.9862953e-01  -4.7494685e-02  -1.4523160e-02   1.6504093e-02
  -4.0000000e-03   2.0000000e-03  -4.0000000e-03   9.9965732e-01   1.9368164e-02  -1.5166601e-02  -8.9488025e-03
  -4.0000000e-03   2.0000000e-03  -2.0000000e-03   9.9996192e-01   2.7817631e-03  -7.8447499e-03  -2.6218535e-03
  -4.0000000e-03   2.0000000e-03   0.0000000e+00   9.9996192e-01   4.6129407e-03  -3.8286724e-03  -6.3414878e-03
  -4.0000000e-03   2.0000000e-03   2.0000000e-03   9.9965732e-01  -1.1079782e-02   1.7370672e-02  -1.6147161e-02
  -4.0000000e-03   2.0000000e-03   4.0000000e-03   9.9904822e-01  -1.1116617e-02   1.6867633e-02  -3.8659472e-02
  -4.0000000e-03   4.0000000e-03  -4.0000000e-03   1.0000000e+00  -0.0000000e+00   0.0000000e+00  -0.0000000e+00
  -4.0000000e-03   4.0000000e-03  -2.0000000e-03   9.9996192e-01  -5.0247986e-03   4.9616205e-03  -5.1270013e-03
  -4.0000000e-03   4.0000000e-03   0.0000000e+00   9.9939083e-01  -2.2691409e-02  -1.1736675e-02  -2.3776570e-02
  -4.0000000e-03   4.0000000e-03   2.0000000e-03   9.9984770e-01  -3.5873955e-03  -9.2803116e-03   1.4338511e-02
  -4.0000000e-03   4.0000000e-03   4.0000000e-03   9.9904822e-01  -3.6578510e-02  -1.1659901e-02   2.0705320e-02
  -4.0000000e-03   6.0000000e-03  -4.0000000e-03   9.9996192e-01   6.5302741e-03   4.0006351e-03   4.1836421e-03
  -4.0000000e-03   6.0000000e-03  -2.0000000e-03   9.9984770e-01   1.1325605e-02   4.9498953e-03   1.2321351e-02
  -4.0000000e-03   6.0000000e-03   0.0000000e+00   9.9904822e-01  -2.9506125e-02   3.1274726e-02  -7.3437778e-03
  -4.0000000e-03   6.0000000e-03   2.0000000e-03   9.9862953e-01   2.0165024e-02  -3.0186950e-02  -3.7698438e-02
  -4.0000000e-03   6.0000000e-03   4.0000000e-03   9.9996192e-01   2.6094686e-03   5.5158042e-03  -6.2385094e-03
  -4.0000000e-03   8.0000000e-03  -4.0000000e-03   9.9965732e-01   2.0161987e-02   1.3529483e-02  -9.7816161e-03
  -4.0000000e-03   8.0000000e-03  -2.0000000e-03   9.9965732e-01   1.7116351e-02   3.7346613e-03  -1.9450333e-02
  -4.0000000e-03   8.0000000e-03   0.0000000e+00   9.9904822e-01   3.5276092e-02  -2.5138681e-02   5.1278672e-03
  -4.0000000e-03   8.0000000e-03   2.0000000e-03   9.9862953e-01   2.7715337e-02   4.3558702e-02  -8.5762363e-03
  -4.0000000e-03   8.0000000e-03   4.0000000e-03   1.0000000e+00   0.0000000e+00  -0.0000000e+00   0.0000000e+00
  -4.0000000e-03   1.0000000e-02  -4.0000000e-03   1.0000000e+00   0.0000000e+00  -0.0000000e+00  -0.0000000e+00
  -4.0000000e-03   1.0000000e-02  -2.0000000e-03   1.0000000e+00  -0.0000000e+00   0.0000000e+00   0.0000000e+00
  -4.0000000e-03   1.0000000e-02   0.0000000e+00   9.9984770e-01  -1.0560991e-02  -1.3786895e-02   1.7243760e-03
  -4.0000000e-03   1.0000000e-02   2.0000000e-03   9.9965732e-01  -1.6780124e-02  -1.8364689e-02   8.1485142e-03
  -4.0000000e-03   1.0000000e-02   4.0000000e-03   9.9939083e-01   2.4674680e-02   6.0751530e-03   2.3921279e-02
  -4.0000000e-03   1.2000000e-02  -4.0000000e-03   9.9862953e-01   1.0462347e-02   4.8607713e-02   1.6336517e-02
  -4.0000000e-03   1.2000000e-02  -2.0000000e-03   9.9862953e-01   1.7800891e-02  -4.8706804e-02  -7.0588807e-03
  -4.0000000e-03   1.2000000e-02   0.0000000e+00   9.9984770e-01  -1.1750370e-02  -8.8579858e-03  -9.3835697e-03
  -4.0000000e-03   1.2000000e-02   2.0000000e-03   9.9984770e-01  -2.8081238e-03  -1.1226898e-02  -1.3063602e-02
  -4.0000000e-03   1.2000000e-02   4.0000000e-03   9.9984770e-01  -9.4574943e-03   4.9622247e-03  -1.3802848e-02
  -2.0000000e-03  -1.2000000e-02  -4.0000000e-03   9.9996192e-01  -2.6051597e-03  -6.7687907e-03  -4.8527350e-03
  -2.0000000e-03  -1.2000000e-02  -2.0000000e-03   1.0000000e+00   0.0000000e+00  -0.0000000e+00   0.0000000e+00
  -2.0000000e-03  -1.2000000e-02   0.0000000e+00   9.9862953e-01   4.9707397e-02  -1.5167749e-02  -6.1778970e-03
  -2.0000000e-03  -1.2000000e-02   2.0000000e-03   9.9965732e-01  -1.1792480e-02  -1.5872849e-02  -1.7152921e-02
  -2.0000000e-03  -1.2000000e-02   4.0000000e-03   9.9996192e-01   1.5943652e-03  -5.6622786e-03   6.4458531e-03
  -2.0000000e-03  -1.0000000e-02  -4.0000000e-03   9.9996192e-01   4.5741496e-03  -6.2109807e-03  -4.0808449e-03
  -2.0000000e-03  -1.0000000e-02  -2.0000000e-03   9.9904822e-01  -2.9193848e-02   2.3516104e-02   2.2301638e-02
  -2.0000000e-03  -1.0000000e-02   0.0000000e+00   9.9904822e-01   1.2415245e-02   3.0101642e-02  -2.9024193e-02
  -2.0000000e-03  -1.0000000e-02   2.0000000e-03   9.9965732e-01  -1.9751357e-02  -1.6280653e-02   5.4824126e-03
  -2.0000000e-03  -1.0000000e-02   4.0000000e-03   1.0000000e+00   0.0000000e+00   0.0000000e+00   0.0000000e+00
  -2.0000000e-03  -8.0000000e-03  -4.0000000e-03   9.9996192e-01  -5.4400688e-03  -1.3627048e-03   6.6858887e-03
  -2.0000000e-03  -8.0000000e-03  -2.0000000e-03   9.9904822e-01   1.7272995e-02  -3.7649017e-02   1.3669167e-02
  -2.0000000e-03  -8.0000000e-03   0.0000000e+00   9.9996192e-01   1.0862032e-03   6.6898845e-03  -5.4970928e-03
  -2.0000000e-03  -8.0000000e-03   2.0000000e-03   9.9984770e-01   1.3694624e-02   8.4878722e-03   6.7081877e-03
  -2.0000000e-03  -8.0000000e-03   4.0000000e-03   9.9996192e-01   3.4130682e-03  -5.7423280e-03  -5.6150741e-03
  -2.0000000e-03  -6.0000000e-03  -4.0000000e-03   1.0000000e+00   0.0000000e+00   0.0000000e+00   0.0000000e+00
  -2.0000000e-03  -6.0000000e-03  -2.0000000e-03   9.9996192e-01  -4.3807932e-03   4.8268348e-03   5.8019599e-03
  -2.0000000e-03  -6.0000000e-03   0.0000000e+00   9.9904822e-01   3.4254439e-02   1.7914959e-02   2.0207390e-02
  -2.0000000e-03  -6.0000000e-03   2.0000000e-03   9.9862953e-01  -3.8764069e-03   3.9305761e-02   3.4337778e-02
  -2.0000000e-03  -6.0000000e-03   4.0000000e-03   9.9984770e-01   1.0465999e-02   1.3812750e-02   2.0633253e-03
  -2.0000000e-03  -4.0000000e-03  -4.0000000e-03   9.9862953e-01   1.5720046e-02   4.5386715e-03  -4.9712503e-02
  -2.0000000e-03  -4.0000000e-03  -2.0000000e-03   9.9996192e-01   1.2364585e-04   6.4731664e-03  -5.8510896e-03
  -2.0000000e-03  -4.0000000e-03   0.0000000e+00   9.9862953e-01   9.5665033e-03  -4.8964978e-02   1.5810289e-02
  -2.0000000e-03  -4.0000000e-03   2.0000000e-03   9.9996192e-01   4.2084083e-03   5.1011518e-03   5.6938538e-03
  -2.0000000e-03  -4.0000000e-03   4.0000000e-03   9.9939083e-01   1.7750539e-02  -2.9253568e-02  -6.8645465e-03
  -2.0000000e-03  -2.0000000e-03  -4.0000000e-03   1.0000000e+00   0.0000000e+00   0.0000000e+00   0.0000000e+00
  -2.0000000e-03  -2.0000000e-03  -2.0000000e-03   9.9939083e-01   3.3958349e-03   5.3094994e-03  -3.4325681e-02
  -2.0000000e-03  -2.0000000e-03   0.0000000e+00   9.9984770e-01   1.0277372e-02   1.1580502e-02  -8.0532039e-03
  -2.0000000e-03  -2.0000000e-03   2.0000000e-03   1.0000000e+00   0.0000000e+00  -0.0000000e+00   0.0000000e+00
  -2.0000000e-03  -2.0000000e-03   4.0000000e-03   9.9965732e-01  -4.6416379e-03   2.1223154e-02   1.4603614e-02
  -2.0000000e-03   0.0000000e+00  -4.0000000e-03   9.9984770e-01   2.6499643e-03   6.5751978e-03  -1.5947757e-02
  -2.0000000e-03   0.0000000e+00  -2.0000000e-03   9.9965732e-01  -3.7207227e-03   1.0339606e-02   2.3758817e-02
  -2.0000000e-03   0.0000000e+00   0.0000000e+00   9.9939083e-01   1.5768963e-02  -2.9967106e-02  -8.4431759e-03
  -2.0000000e-03   0.0000000e+00   2.0000000e-03   9.9996192e-01  -6.7295396e-04  -7.4495530e-03  -4.4948543e-03
  -2.0000000e-03   0.0000000e+00   4.0000000e-03   9.9939083e-01  -2.2899199e-02   1.7195409e-02  -1.9947919e-02
  -2.0000000e-03   2.0000000e-03  -4.0000000e-03   9.9984770e-01   1.2675787e-05  -1.6915475e-02   4.2956999e-03
  -2.0000000e-03   2.0000000e-03  -2.0000000e-03   9.9904822e-01  -1.5356751e-02  -8.9346503e-03   3.9837083e-02
  -2.0000000e-03   2.0000000e-03   0.0000000e+00   9.9862953e-01   3.0492909e-02   4.2153030e-02   5.6883159e-03
  -2.0000000e-03   2.0000000e-03   2.0000000e-03   9.9939083e-01   1.0700524e-02   1.8348665e-03   3.3167860e-02
  -2.0000000e-03   2.0000000e-03   4.0000000e-03   9.9904822e-01  -3.1442538e-02   3.0204346e-02  -1.3096883e-03
  -2.0000000e-03   4.0000000e-03  -4.0000000e-03   9.9904822e-01  -4.5773887e-03   3.8196223e-02  -2.0560812e-02
  -2.0000000e-03   4.0000000e-03  -2.0000000e-03   9.9904822e-01   2.8363448e-02   3.3136743e-02   3.4929232e-04
  -2.0000000e-03   4.0000000e-03   0.0000000e+00   9.9965732e-01   2.5590425e-02  -5.0308121e-04  -5.4872303e-03
  -2.0000000e-03   4.0000000e-03   2.0000000e-03   9.9965732e-01  -2.4391016e-02   9.4511807e-03   9.9304157e-04
  -2.0000000e-03   4.0000000e-03   4.0000000e-03   9.9939083e-01  -3.3883142e-02  -6.9907636e-03   4.5865864e-03
  -2.0000000e-03   6.0000000e-03  -4.0000000e-03   9.9862953e-01   2.1653157e-02  -6.6737324e-03   4.7176842e-02
  -2.0000000e-03   6.0000000e-03  -2.0000000e-03   1.0000000e+00   0.0000000e+00   0.0000000e+00  -0.0000000e+00
  -2.0000000e-03   6.0000000e-03   0.0000000e+00   9.9965732e-01  -5.3427830e-03  -2.4836685e-02   6.3108147e-03
  -2.0000000e-03   6.0000000e-03   2.0000000e-03   9.9904822e-01   1.0659274e-02   3.7929320e-02   1.8718907e-02
  -2.0000000e-03   6.0000000e-03   4.0000000e-03   9.9939083e-01  -1.6646125e-02  -1.8969801e-02  -2.4104524e-02
  -2.0000000e-03   8.0000000e-03  -4.0000000e-03   9.9904822e-01   2.1664561e-02   3.7318033e-02   6.3766912e-03
  -2.0000000e-03   8.0000000e-03  -2.0000000e-03   9.9965732e-01   1.2105699e-02   4.4932856e-03   2.2770486e-02
  -2.0000000e-03   8.0000000e-03   0.0000000e+00   1.0000000e+00   0.0000000e+00  -0.0000000e+00   0.0000000e+00
  -2.0000000e-03   8.0000000e-03   2.0000000e-03   9.9862953e-01   9.5824969e-03   4.4844308e-02   2.5223325e-02
  -2.0000000e-03   8.0000000e-03   4.0000000e-03   9.9862953e-01   3.0840314e-02   3.5473561e-02   2.3012037e-02
  -2.0000000e-03   1.0000000e-02  -4.0000000e-03   9.9939083e-01   2.2978449e-02  -6.2881734e-03  -2.5503424e-02
  -2.0000000e-03   1.0000000e-02  -2.0000000e-03   9.9862953e-01  -4.7743765e-02  -2.9673159e-03  -2.1231586e-02
  -2.0000000e-03   1.0000000e-02   0.0000000e+00   1.0000000e+00  -0.0000000e+00  -0.0000000e+00  -0.0000000e+00
  -2.0000000e-03   1.0000000e-02   2.0000000e-03   9.9939083e-01   2.5043472e-02  -2.4028051e-02   3.6677151e-03
  -2.0000000e-03   1.0000000e-02   4.0000000e-03   9.9862953e-01   2.3416446e-02  -4.3961535e-02   1.6065672e-02
  -2.0000000e-03   1.2000000e-02  -4.0000000e-03   9.9965732e-01   1.1822345e-02   4.2612155e-03  -2.2963162e-02
  -2.0000000e-03   1.2000000e-02  -2.0000000e-03   9.9939083e-01  -1.9236242e-02  -9.1335892e-03   2.7649944e-02
  -2.0000000e-03   1.2000000e-02   0.0000000e+00   9.9904822e-01  -1.8240189e-02  -3.4021590e-02   2.0309551e-02
  -2.0000000e-03   1.2000000e-02   2.0000000e-03   9.9904822e-01   3.9529647e-02   8.8504294e-03  -1.6178006e-02
  -2.0000000e-03   1.2000000e-02   4.0000000e-03   9.9904822e-01  -4.0507241e-03   2.8435288e-02  -3.2827991e-02
   0.0000000e+00  -1.2000000e-02  -4.0000000e-03   1.0000000e+00   0.0000000e+00  -0.0000000e+00  -0.0000000e+00
   0.0000000e+00  -1.2000000e-02  -2.0000000e-03   9.9939083e-01   2.9861522e-02   1.6122534e-02  -8.1442169e-03
   0.0000000e+00  -1.2000000e-02   0.0000000e+00   9.9862953e-01  -7.9564833e-03   3.3977561e-02   3.9003487e-02
   0.0000000e+00  -1.2000000e-02   2.0000000e-03   9.9965732e-01   1.2581906e-02  -1.6604727e-02  -1.5849647e-02
   0.0000000e+00  -1.2000000e-02   4.0000000e-03   9.9939083e-01   1.8951211e-02  -2.6915406e-02  -1.1592559e-02
   0.0000000e+00  -1.0000000e-02  -4.0000000e-03   9.9939083e-01   3.0660693e-02   1.1284456e-02  -1.2270200e-02
   0.0000000e+00  -1.0000000e-02  -2.0000000e-03   9.9984770e-01   3.3357932e-03  -4.7224572e-03  -1.6466857e-02
   0.0000000e+00  -1.0000000e-02   0.0000000e+00   1.0000000e+00   0.0000000e+00   0.0000000e+00   0.0000000e+00
   0.0000000e+00  -1.0000000e-02   2.0000000e-03   9.9965732e-01   9.4313515e-03  -2.4417228e-02   2.8500296e-04
   0.0000000e+00  -1.0000000e-02   4.0000000e-03   9.9984770e-01   1.1524884e-02   9.9508915e-03   8.5289678e-03
   0.0000000e+00  -8.0000000e-03  -4.0000000e-03   9.9984770e-01  -3.7492839e-03   1.0642255e-02  -1.3314345e-02
   0.0000000e+00  -8.0000000e-03  -2.0000000e-03   9.9862953e-01  -3.3870559e-03   2.3145622e-02  -4.6817308e-02
   0.0000000e+00  -8.0000000e-03   0.0000000e+00   9.9904822e-01  -9.0647296e-03  -4.0134574e-02   1.4480940e-02
   0.0000000e+00  -8.0000000e-03   2.0000000e-03   9.9939083e-01   2.5357944e-02  -2.3828801e-02  -2.6716584e-03
   0.0000000e+00  -8.0000000e-03   4.0000000e-03   9.9996192e-01   5.0144372e-03   5.8955457e-03   4.0311763e-03
   0.0000000e+00  -6.0000000e-03  -4.0000000e-03   9.9965732e-01  -8.0107436e-03   5.1805078e-03  -2.4376689e-02
   0.0000000e+00  -6.0000000e-03  -2.0000000e-03   9.9862953e-01  -4.6992571e-02   2.1076322e-02  -9.3026469e-03
   0.0000000e+00  -6.0000000e-03   0.0000000e+00   9.9862953e-01  -3.5218580e-02  -3.4404691e-02  -1.7748835e-02
   0.0000000e+00  -6.0000000e-03   2.0000000e-03   9.9862953e-01  -1.3320533e-02  -2.7630167e-02  -4.2405066e-02
   0.0000000e+00  -6.0000000e-03   4.0000000e-03   9.9996192e-01   2.7679991e-03   8.1504969e-03   1.4352712e-03
   0.0000000e+00  -4.0000000e-03  -4.0000000e-03   9.9904822e-01  -9.8503815e-03   4.2023644e-02  -6.2955760e-03
   0.0000000e+00  -4.0000000e-03  -2.0000000e-03   9.9939083e-01  -3.3165880e-02  -6.5145711e-03   8.6925033e-03
   0.0000000e+00  -4.0000000e-03   0.0000000e+00   9.9862953e-01   6.2055416e-04  -2.3797248e-02   4.6608564e-02
   0.0000000e+00  -4.0000000e-03   2.0000000e-03   9.9939083e-01   2.8115505e-02   2.0672810e-02   3.5806962e-04
   0.0000000e+00  -4.0000000e-03   4.0000000e-03   9.9965732e-01  -1.1084616e-02   1.1824096e-02  -2.0556135e-02
   0.0000000e+00  -2.0000000e-03  -4.0000000e-03   9.9984770e-01   3.2773826e-03  -1.0701948e-02  -1.3390801e-02
   0.0000000e+00  -2.0000000e-03  -2.0000000e-03   9.9965732e-01  -1.6159183e-02  -1.8524969e-02  -8.9966083e-03
   0.0000000e+00  -2.0000000e-03   0.0000000e+00   9.9965732e-01  -1.6890985e-02   4.7558369e-03   1.9424451e-02
   0.0000000e+00  -2.0000000e-03   2.0000000e-03   9.9996192e-01  -6.4350332e-03   5.4016362e-03   2.3590454e-03
   0.0000000e+00  -2.0000000e-03   4.0000000e-03   1.0000000e+00  -0.0000000e+00   0.0000000e+00   0.0000000e+00
   0.0000000e+00   0.0000000e+00  -4.0000000e-03   1.0000000e+00   0.0000000e+00   0.0000000e+00   0.0000000e+00
   0.0000000e+00   0.0000000e+00  -2.0000000e-03   9.9984770e-01   1.7859806e-03  -9.4256175e-03   1.4579249e-02
   0.0000000e+00   0.0000000e+00   0.0000000e+00   9.9904822e-01   1.9072992e-02  -2.0420449e-03  -3.9175273e-02
   0.0000000e+00   0.0000000e+00   2.0000000e-03   9.9965732e-01  -1.0967688e-02  -1.2157077e-02   2.0424199e-02
   0.0000000e+00   0.0000000e+00   4.0000000e-03   9.9904822e-01   1.2188433e-02  -2.1408208e-02  -3.5996967e-02
   0.0000000e+00   2.0000000e-03  -4.0000000e-03   9.9939083e-01   4.6709186e-03   2.4706250e-02  -2.4202450e-02
   0.0000000e+00   2.0000000e-03  -2.0000000e-03   9.9996192e-01  -3.7574719e-03   5.7305294e-03  -5.4032268e-03
   0.0000000e+00   2.0000000e-03   0.0000000e+00   9.9996192e-01   2.4072959e-03  -7.3756573e-03  -3.9946249e-03
   0.0000000e+00   2.0000000e-03   2.0000000e-03   9.9939083e-01   1.4317630e-02   2.8824051e-02  -1.3496459e-02
   0.0000000e+00   2.0000000e-03   4.0000000e-03   9.9996192e-01  -5.9602655e-03  -6.3593449e-03  -4.3172929e-04
   0.0000000e+00   4.0000000e-03  -4.0000000e-03   9.9904822e-01   3.5120960e-03  -3.1439561e-02  -3.0031153e-02
   0.0000000e+00   4.0000000e-03  -2.0000000e-03   9.9939083e-01  -5.3655643e-03  -1.2949456e-02   3.1960869e-02
   0.0000000e+00   4.0000000e-03   0.0000000e+00   9.9984770e-01  -1.3167668e-03  -8.6152421e-03  -1.5120523e-02
   0.0000000e+00   4.0000000e-03   2.0000000e-03   9.9984770e-01  -4.0055621e-03  -1.2669935e-02   1.1314358e-02
   0.0000000e+00   4.0000000e-03   4.0000000e-03   9.9996192e-01  -2.3809072e-03  -5.2770871e-03  -6.5296290e-03
   0.0000000e+00   6.0000000e-03  -4.0000000e-03   9.9965732e-01   1.9943003e-02  -1.2622183e-02   1.1322092e-02
   0.0000000e+00   6.0000000e-03  -2.0000000e-03   9.9939083e-01  -2.9489520e-02  -1.8103760e-02   4.5383918e-03
   0.0000000e+00   6.0000000e-03   0.0000000e+00   9.9965732e-01  -1.2650389e-04   2.3741531e-02  -1.1025259e-02
   0.0000000e+00   6.0000000e-03   2.0000000e-03   9.9862953e-01  -9.1594093e-03  -4.1290451e-02   3.0826226e-02
   0.0000000e+00   6.0000000e-03   4.0000000e-03   9.9996192e-01  -3.1593422e-03   5.8431348e-03  -5.6593952e-03
   0.0000000e+00   8.0000000e-03  -4.0000000e-03   9.9965732e-01   4.7879235e-03  -2.5734812e-02  -1.6696404e-04
   0.0000000e+00   8.0000000e-03  -2.0000000e-03   1.0000000e+00   0.0000000e+00   0.0000000e+00   0.0000000e+00
   0.0000000e+00   8.0000000e-03   0.0000000e+00   9.9984770e-01  -3.7758583e-03   1.7020135e-02  -8.0274158e-04
   0.0000000e+00   8.0000000e-03   2.0000000e-03   9.9965732e-01   1.1447472e-02  -2.2636432e-02  -6.4637406e-03
   0.0000000e+00   8.0000000e-03   4.0000000e-03   9.9965732e-01   1.9111570e-02   1.7836787e-02   1.3525995e-03
   0.0000000e+00   1.0000000e-02  -4.0000000e-03   9.9862953e-01  -3.2327685e-02  -3.7725324e-02  -1.6455181e-02
   0.0000000e+00   1.0000000e-02  -2.0000000e-03   9.9996192e-01   6.6811622e-04   8.6568183e-03   8.7495160e-04
   0.0000000e+00   1.0000000e-02   0.0000000e+00   9.9996192e-01  -7.0296461e-04  -3.4996633e-03   7.9630785e-03
   0.0000000e+00   1.0000000e-02   2.0000000e-03   9.9939083e-01  -2.8820956e-02  -1.7353915e-03  -1.9603973e-02
   0.0000000e+00   1.0000000e-02   4.0000000e-03   9.9984770e-01  -6.5768948e-03   1.3432753e-02   8.9940036e-03
   0.0000000e+00   1.2000000e-02  -4.0000000e-03   9.9939083e-01   2.0571010e-02   1.1681701e-02  -2.5658260e-02
   0.0000000e+00   1.2000000e-02  -2.0000000e-03   1.0000000e+00  -0.0000000e+00  -0.0000000e+00   0.0000000e+00
   0.0000000e+00   1.2000000e-02   0.0000000e+00   9.9996192e-01  -7.8355014e-03  -2.6231147e-03   2.8065296e-03
   0.0000000e+00   1.2000000e-02   2.0000000e-03   9.9904822e-01   2.9209186e-02  -3.5936392e-03   3.2195655e-02
   0.0000000e+00   1.2000000e-02   4.0000000e-03   9.9904822e-01  -1.5097892e-02  -3.5348007e-02   2.0620937e-02
   2.0000000e-03  -1.2000000e-02  -4.0000000e-03   9.9904822e-01   2.6449034e-02  -1.6040239e-02   3.0754028e-02
   2.0000000e-03  -1.2000000e-02  -2.0000000e-03   9.9862953e-01   1.1328488e-02   1.0612133e-02  -4.9981000e-02
   2.0000000e-03  -1.2000000e-02   0.0000000e+00   9.9862953e-01   3.2142770e-02   4.1137295e-02   3.6902033e-03
   2.0000000e-03  -1.2000000e-02   2.0000000e-03   9.9862953e-01  -3.2700570e-02  -1.1246855e-02   3.9284008e-02
   2.0000000e-03  -1.2000000e-02   4.0000000e-03   9.9862953e-01   3.2098044e-02   4.9583226e-03   4.1038797e-02
   2.0000000e-03  -1.0000000e-02  -4.0000000e-03   9.9862953e-01  -3.0533470e-02   1.9615722e-02  -3.7709190e-02
   2.0000000e-03  -1.0000000e-02  -2.0000000e-03   9.9996192e-01   8.6459784e-04   6.1430842e-03   6.1373781e-03
   2.0000000e-03  -1.0000000e-02   0.0000000e+00   9.9904822e-01  -9.3510620e-03   2.5746655e-02  -3.3945815e-02
   2.0000000e-03  -1.0000000e-02   2.0000000e-03   9.9904822e-01   3.7341246e-02  -8.9405718e-04  -2.2527382e-02
   2.0000000e-03  -1.0000000e-02   4.0000000e-03   9.9939083e-01  -4.2034323e-03  -2.9949067e-02   1.7417217e-02
   2.0000000e-03  -8.0000000e-03  -4.0000000e-03   9.9996192e-01  -2.1903404e-03  -6.5610344e-03   5.3204942e-03
   2.0000000e-03  -8.0000000e-03  -2.0000000e-03   9.9965732e-01   5.1173302e-03  -4.3907396e-03   2.5293615e-02
   2.0000000e-03  -8.0000000e-03   0.0000000e+00   9.9996192e-01   7.5905723e-03  -3.1526475e-03  -2.9319699e-03
   2.0000000e-03  -8.0000000e-03   2.0000000e-03   9.9984770e-01  -6.9874746e-03  -1.1519764e-02  -1.1093094e-02
   2.0000000e-03  -8.0000000e-03   4.0000000e-03   9.9904822e-01   2.0971521e-02   3.7310119e-02  -8.4143506e-03
   2.0000000e-03  -6.0000000e-03  -4.0000000e-03   9.9904822e-01   1.0142382e-02  -4.2094584e-02  -5.2753231e-03
   2.0000000e-03  -6.0000000e-03  -2.0000000e-03   9.9984770e-01   9.3452377e-03   1.8923076e-03  -1.4617530e-02
   2.0000000e-03  -6.0000000e-03   0.0000000e+00   9.9904822e-01   2.1977230e-03  -2.6827850e-02   3.4323278e-02
   2.0000000e-03  -6.0000000e-03   2.0000000e-03   9.9984770e-01   1.3047049e-02  -5.9035493e-03  -9.9754253e-03
   2.0000000e-03  -6.0000000e-03   4.0000000e-03   9.9984770e-01   1.2256473e-02   3.3187143e-03   1.1972949e-02
   2.0000000e-03  -4.0000000e-03  -4.0000000e-03   9.9939083e-01  -2.8809819e-02   1.7408699e-02   9.2144676e-03
   2.0000000e-03  -4.0000000e-03  -2.0000000e-03   9.9939083e-01  -2.6667908e-02  -1.0443395e-02  -1.9943246e-02
   2.0000000e-03  -4.0000000e-03   0.0000000e+00   9.9939083e-01  -2.4169372e-02   2.5175345e-02  -1.3531698e-04
   2.0000000e-03  -4.0000000e-03   2.0000000e-03   9.9965732e-01   1.1857025e-02   1.6196904e-02  -1.6801902e-02
   2.0000000e-03  -4.0000000e-03   4.0000000e-03   9.9996192e-01  -1.8420927e-03  -6.7410540e-03  -5.2265962e-03
   2.0000000e-03  -2.0000000e-03  -4.0000000e-03   9.9904822e-01   9.6326010e-03   9.6592489e-03   4.1431424e-02
   2.0000000e-03  -2.0000000e-03  -2.0000000e-03   9.9862953e-01  -3.3072025e-02   7.9174100e-03   3.9782007e-02
   2.0000000e-03  -2.0000000e-03   0.0000000e+00   9.9965732e-01  -1.7817302e-02  -1.8381002e-02   5.4694724e-03
   2.0000000e-03  -2.0000000e-03   2.0000000e-03   9.9965732e-01   2.0724471e-02   1.1574524e-02   1.1034460e-02
   2.0000000e-03  -2.0000000e-03   4.0000000e-03   9.9996192e-01  -2.0414533e-03   6.1932216e-03   5.7990427e-03
   2.0000000e-03   0.0000000e+00  -4.0000000e-03   9.9904822e-01   1.8455471e-02  -2.8140000e-02   2.7752242e-02
   2.0000000e-03   0.0000000e+00  -2.0000000e-03   9.9965732e-01   1.0099343e-02   1.6974401e-02   1.7178638e-02
   2.0000000e-03   0.0000000e+00   0.0000000e+00   9.9965732e-01   1.9222566e-02  -2.3222476e-03   1.7616264e-02
   2.0000000e-03   0.0000000e+00   2.0000000e-03   9.9939083e-01   2.7442562e-02   5.0409428e-03  -2.0963530e-02
   2.0000000e-03   0.0000000e+00   4.0000000e-03   9.9984770e-01  -1.5835780e-02  -2.5907509e-03  -6.8631308e-03
   2.0000000e-03   2.0000000e-03  -4.0000000e-03   9.9996192e-01   5.8513545e-03   3.0371644e-03   5.7174911e-03
   2.0000000e-03   2.0000000e-03  -2.0000000e-03   9.9965732e-01  -1.4440681e-03   2.2681286e-02  -1.2988708e-02
   2.0000000e-03   2.0000000e-03   0.0000000e+00   9.9996192e-01   4.2010697e-03   5.7431860e-03   5.0516581e-03
   2.0000000e-03   2.0000000e-03   2.0000000e-03   9.9996192e-01   7.5138180e-03  -6.1472437e-04   4.3951194e-03
   2.0000000e-03   2.0000000e-03   4.0000000e-03   9.9939083e-01   1.2041749e-02   2.7931405e-02  -1.7111627e-02
   2.0000000e-03   4.0000000e-03  -4.0000000e-03   9.9965732e-01   3.0453863e-03  -1.1384667e-02   2.3374080e-02
   2.0000000e-03   4.0000000e-03  -2.0000000e-03   9.9996192e-01   6.4411611e-03   5.5301951e-03  -2.0201010e-03
   2.0000000e-03   4.0000000e-03   0.0000000e+00   9.9996192e-01  -3.7606664e-03   3.0121680e-03   7.2757580e-03
   2.0000000e-03   4.0000000e-03   2.0000000e-03   9.9965732e-01  -1.4303584e-02   1.2314649e-02  -1.8138069e-02
   2.0000000e-03   4.0000000e-03   4.0000000e-03   9.9996192e-01  -5.2082396e-03  -6.3328259e-03   2.9869682e-03
   2.0000000e-03   6.0000000e-03  -4.0000000e-03   9.9965732e-01   1.7177870e-02  -1.1271719e-02  -1.6220411e-02
   2.0000000e-03   6.0000000e-03  -2.0000000e-03   9.9939083e-01   1.0456864e-02   1.4844225e-02  -2.9803991e-02
   2.0000000e-03   6.0000000e-03   0.0000000e+00   9.9862953e-01  -9.9674894e-03   3.6259515e-02  -3.6399849e-02
   2.0000000e-03   6.0000000e-03   2.0000000e-03   9.9939083e-01  -1.4773623e-04  -3.3522010e-02   9.7071036e-03
   2.0000000e-03   6.0000000e-03   4.0000000e-03   9.9862953e-01   4.3243592e-02   1.5428554e-02   2.5119788e-02
   2.0000000e-03   8.0000000e-03  -4.0000000e-03   9.9939083e-01  -2.3016092e-02  -9.6677249e-03  -2.4387896e-02
   2.0000000e-03   8.0000000e-03  -2.0000000e-03   9.9996192e-01  -5.7265521e-03   6.4265954e-03  -1.4345364e-03
   2.0000000e-03   8.0000000e-03   0.0000000e+00   9.9939083e-01  -1.6280402e-02   2.6368078e-02   1.6051413e-02
   2.0000000e-03   8.0000000e-03   2.0000000e-03   9.9939083e-01   7.3941589e-03   2.9448538e-02  -1.7207117e-02
   2.0000000e-03   8.0000000e-03   4.0000000e-03   9.9939083e-01   1.6839422e-02  -7.5864762e-03  -2.9611722e-02
   2.0000000e-03   1.0000000e-02  -4.0000000e-03   9.9965732e-01   6.5054741e-03  -2.4170965e-02  -7.6600186e-03
   2.0000000e-03   1.0000000e-02  -2.0000000e-03   9.9862953e-01  -3.2634996e-02   3.6039239e-02   1.9369630e-02
   2.0000000e-03   1.0000000e-02   0.0000000e+00   9.9965732e-01   4.4098714e-03   1.8380210e-02  -1.8109487e-02
   2.0000000e-03   1.0000000e-02   2.0000000e-03   9.9939083e-01  -2.2488332e-02   1.8303690e-02   1.9422274e-02
   2.0000000e-03   1.0000000e-02   4.0000000e-03   9.9984770e-01   5.4342224e-03  -5.6136274e-03  -1.5605861e-02
   2.0000000e-03   1.2000000e-02  -4.0000000e-03   9.9965732e-01   2.3320353e-02  -1.0026038e-02  -6.3931459e-03
   2.0000000e-03   1.2000000e-02  -2.0000000e-03   9.9862953e-01   9.0608283e-03   4.3424861e-02  -2.7771121e-02
   2.0000000e-03   1.2000000e-02   0.0000000e+00   9.9984770e-01   2.4565355e-03   1.2884846e-02  -1.1512283e-02
   2.0000000e-03   1.2000000e-02   2.0000000e-03   1.0000000e+00   0.0000000e+00  -0.0000000e+00   0.0000000e+00
   2.0000000e-03   1.2000000e-02   4.0000000e-03   9.9904822e-01  -5.8539320e-03   2.7031241e-02  -3.3729726e-02
   4.0000000e-03  -1.2000000e-02  -4.0000000e-03   9.9984770e-01  -9.8857134e-03  -2.2442785e-03   1.4206420e-02
   4.0000000e-03  -1.2000000e-02  -2.0000000e-03   9.9939083e-01   2.6838170e-02   2.2857351e-03   2.2191506e-02
   4.0000000e-03  -1.2000000e-02   0.0000000e+00   9.9939083e-01   2.6154619e-02  -1.8292735e-02  -1.4116891e-02
   4.0000000e-03  -1.2000000e-02   2.0000000e-03   9.9965732e-01  -4.7907982e-03   1.8224162e-02   1.8170327e-02
   4.0000000e-03  -1.2000000e-02   4.0000000e-03   9.9984770e-01   1.5875862e-02  -4.3257164e-03   5.8165001e-03
   4.0000000e-03  -1.0000000e-02  -4.0000000e-03   9.9862953e-01   6.3527910e-03   4.6312020e-02   2.3534892e-02
   4.0000000e-03  -1.0000000e-02  -2.0000000e-03   1.0000000e+00   0.0000000e+00   0.0000000e+00  -0.0000000e+00
   4.0000000e-03  -1.0000000e-02   0.0000000e+00   9.9996192e-01  -8.1604896e-03   1.6190544e-03  -2.6339124e-03
   4.0000000e-03  -1.0000000e-02   2.0000000e-03   9.9904822e-01   3.3255895e-02   1.0282134e-02  -2.6286387e-02
   4.0000000e-03  -1.0000000e-02   4.0000000e-03   9.9862953e-01  -1.2835122e-02  -7.2977987e-03  -5.0210099e-02
   4.0000000e-03  -8.0000000e-03  -4.0000000e-03   9.9965732e-01   1.4625660e-02   2.0980855e-03  -2.1608349e-02
   4.0000000e-03  -8.0000000e-03  -2.0000000e-03   9.9862953e-01   4.1201639e-03  -4.8138547e-02   2.0118571e-02
   4.0000000e-03  -8.0000000e-03   0.0000000e+00   1.0000000e+00  -0.0000000e+00   0.0000000e+00  -0.0000000e+00
   4.0000000e-03  -8.0000000e-03   2.0000000e-03   9.9939083e-01   2.6497487e-02   1.2977737e-02   1.8639647e-02
   4.0000000e-03  -8.0000000e-03   4.0000000e-03   9.9984770e-01  -1.4151799e-02  -7.3253985e-03  -7.1169948e-03
   4.0000000e-03  -6.0000000e-03  -4.0000000e-03   9.9904822e-01  -8.6251652e-03   3.9650005e-02   1.6004204e-02
   4.0000000e-03  -6.0000000e-03  -2.0000000e-03   9.9939083e-01  -1.9062353e-02   2.3629313e-02   1.7212122e-02
   4.0000000e-03  -6.0000000e-03   0.0000000e+00   9.9862953e-01   8.0326000e-03   4.1435902e-02  -3.0945043e-02
   4.0000000e-03  -6.0000000e-03   2.0000000e-03   9.9939083e-01  -1.6967313e-02  -2.1910073e-02  -2.1214001e-02
   4.0000000e-03  -6.0000000e-03   4.0000000e-03   9.9996192e-01   8.5557130e-03  -2.5441613e-04   1.6992555e-03
   4.0000000e-03  -4.0000000e-03  -4.0000000e-03   9.9904822e-01   2.1482045e-02   2.6296709e-02  -2.7379843e-02
   4.0000000e-03  -4.0000000e-03  -2.0000000e-03   9.9939083e-01   1.1379528e-02   2.1089683e-02  -2.5371372e-02
   4.0000000e-03  -4.0000000e-03   0.0000000e+00   9.9939083e-01   2.5887903e-03  -2.9412944e-02  -1.8605154e-02
   4.0000000e-03  -4.0000000e-03   2.0000000e-03   9.9996192e-01   2.7461610e-03   7.2689083e-03  -3.9716488e-03
   4.0000000e-03  -4.0000000e-03   4.0000000e-03   1.0000000e+00  -0.0000000e+00  -0.0000000e+00  -0.0000000e+00
   4.0000000e-03  -2.0000000e-03  -4.0000000e-03   9.9965732e-01  -5.1622237e-03   1.7324549e-02  -1.8932619e-02
   4.0000000e-03  -2.0000000e-03  -2.0000000e-03   9.9939083e-01   2.2040514e-02   6.7460821e-03   2.6204598e-02
   4.0000000e-03  -2.0000000e-03   0.0000000e+00   9.9965732e-01  -1.4407343e-02   1.3414757e-02  -1.7254141e-02
   4.0000000e-03  -2.0000000e-03   2.0000000e-03   9.9965732e-01   1.2213376e-02  -1.6265962e-02   1.6476788e-02
   4.0000000e-03  -2.0000000e-03   4.0000000e-03   9.9996192e-01   2.8639611e-03   3.1587709e-03   7.6139553e-03
   4.0000000e-03   0.0000000e+00  -4.0000000e-03   9.9862953e-01  -4.4477916e-02  -4.0599338e-03  -2.7281574e-02
   4.0000000e-03   0.0000000e+00  -2.0000000e-03   9.9939083e-01  -3.0135518e-03  -1.4101342e-02  -3.1781213e-02
   4.0000000e-03   0.0000000e+00   0.0000000e+00   9.9996192e-01   5.8340308e-03   6.2288415e-03  -1.8215489e-03
   4.0000000e-03   0.0000000e+00   2.0000000e-03   9.9939083e-01   1.3082569e-02  -1.0585054e-02   3.0574137e-02
   4.0000000e-03   0.0000000e+00   4.0000000e-03   1.0000000e+00   0.0000000e+00  -0.0000000e+00  -0.0000000e+00
   4.0000000e-03   2.0000000e-03  -4.0000000e-03   9.9939083e-01   2.6695615e-02   1.8211214e-02  -1.3178418e-02
   4.0000000e-03   2.0000000e-03  -2.0000000e-03   9.9904822e-01  -3.0069824e-02  -2.4619915e-02   1.9806979e-02
   4.0000000e-03   2.0000000e-03   0.0000000e+00   9.9939083e-01   1.2633545e-02  -2.3262984e-02  -2.2742075e-02
   4.0000000e-03   2.0000000e-03   2.0000000e-03   9.9996192e-01   2.0824616e-03  -6.2036889e-03   5.7732157e-03
   4.0000000e-03   2.0000000e-03   4.0000000e-03   9.9939083e-01  -2.3564385e-02  -2.1697920e-02  -1.3852613e-02
   4.0000000e-03   4.0000000e-03  -4.0000000e-03   9.9965732e-01  -7.6450030e-03  -1.7596641e-02  -1.7808559e-02
   4.0000000e-03   4.0000000e-03  -2.0000000e-03   9.9965732e-01  -1.3104279e-02   1.0376561e-02  -2.0145408e-02
   4.0000000e-03   4.0000000e-03   0.0000000e+00   9.9904822e-01   2.8218984e-02   3.2342843e-02  -7.7640460e-03
   4.0000000e-03   4.0000000e-03   2.0000000e-03   9.9862953e-01  -2.9148455e-02  -2.0157458e-02  -3.8510996e-02
   4.0000000e-03   4.0000000e-03   4.0000000e-03   1.0000000e+00   0.0000000e+00   0.0000000e+00   0.0000000e+00
   4.0000000e-03   6.0000000e-03  -4.0000000e-03   9.9965732e-01  -1.8142098e-02   1.7670093e-02   6.6230448e-03
   4.0000000e-03   6.0000000e-03  -2.0000000e-03   9.9862953e-01  -1.5860454e-02  -2.2427448e-02  -4.4547816e-02
   4.0000000e-03   6.0000000e-03   0.0000000e+00   9.9904822e-01  -2.8149659e-02  -1.2964449e-02   3.0694800e-02
   4.0000000e-03   6.0000000e-03   2.0000000e-03   1.0000000e+00   0.0000000e+00   0.0000000e+00   0.0000000e+00
   4.0000000e-03   6.0000000e-03   4.0000000e-03   9.9862953e-01  -2.5528391e-03   4.2841735e-02  -2.9951980e-02
   4.0000000e-03   8.0000000e-03  -4.0000000e-03   9.9984770e-01  -1.3833478e-02   1.0131612e-02  -3.2514329e-03
   4.0000000e-03   8.0000000e-03  -2.0000000e-03   9.9862953e-01  -2.9741234e-02  -2.9334105e-02  -3.1528108e-02
   4.0000000e-03   8.0000000e-03   0.0000000e+00   9.9984770e-01   3.4672339e-03  -1.3568571e-02   1.0414349e-02
   4.0000000e-03   8.0000000e-03   2.0000000e-03   9.9984770e-01  -1.0578929e-02  -1.0601932e-02  -8.9594532e-03
   4.0000000e-03   8.0000000e-03   4.0000000e-03   9.9939083e-01  -2.5946781e-02  -1.6686544e-02  -1.6318661e-02
   4.0000000e-03   1.0000000e-02  -4.0000000e-03   9.9904822e-01  -3.3150201e-02  -1.8334900e-02  -2.1622824e-02
   4.0000000e-03   1.0000000e-02  -2.0000000e-03   9.9984770e-01   1.1938140e-03  -1.2738357e-02   1.1869943e-02
   4.0000000e-03   1.0000000e-02   0.0000000e+00   9.9904822e-01   2.0343430e-02   2.7740252e-02  -2.6819288e-02
   4.0000000e-03   1.0000000e-02   2.0000000e-03   9.9862953e-01  -4.8157732e-02  -4.1725456e-03   2.0061780e-02
   4.0000000e-03   1.0000000e-02   4.0000000e-03   9.9965732e-01  -2.4596818e-02  -5.6161626e-03   6.9776690e-03
   4.0000000e-03   1.2000000e-02  -4.0000000e-03   9.9965732e-01  -1.2659598e-02  -1.9876102e-02  -1.1397708e-02
   4.0000000e-03   1.2000000e-02  -2.0000000e-03   9.9996192e-01  -7.6039212e-03   4.2428545e-03  -5.7531726e-04
   4.0000000e-03   1.2000000e-02   0.0000000e+00   9.9862953e-01  -2.2218005e-02  -2.3907695e-02   4.0912525e-02
   4.0000000e-03   1.2000000e-02   2.0000000e-03   9.9862953e-01   2.8399514e-02  -1.2965767e-02   4.2004867e-02
   4.0000000e-03   1.2000000e-02   4.0000000e-03   9.9984770e-01   1.5575584e-02   8.8798674e-05   7.8727251e-03
   6.0000000e-03  -1.2000000e-02  -4.0000000e-03   9.9939083e-01  -1.9341921e-02   7.3151794e-03  -2.8113220e-02
   6.0000000e-03  -1.2000000e-02  -2.0000000e-03   1.0000000e+00   0.0000000e+00   0.0000000e+00  -0.0000000e+00
   6.0000000e-03  -1.2000000e-02   0.0000000e+00   9.9965732e-01  -8.9839010e-03  -2.4580200e-02  -5.7957448e-04
   6.0000000e-03  -1.2000000e-02   2.0000000e-03   9.9862953e-01  -2.9735383e-02  -3.8192134e-02  -1.9905281e-02
   6.0000000e-03  -1.2000000e-02   4.0000000e-03   9.9996192e-01   2.4541982e-03   5.8386123e-03  -6.0033273e-03
   6.0000000e-03  -1.0000000e-02  -4.0000000e-03   9.9904822e-01   1.4317395e-02   2.9950321e-02   2.8295608e-02
   6.0000000e-03  -1.0000000e-02  -2.0000000e-03   9.9904822e-01  -9.7867003e-03   2.2662634e-02   3.5962153e-02
   6.0000000e-03  -1.0000000e-02   0.0000000e+00   9.9862953e-01   2.6191944e-02  -6.1497570e-03  -4.4891145e-02
   6.0000000e-03  -1.0000000e-02   2.0000000e-03   9.9862953e-01  -3.3025436e-02   3.0112626e-02  -2.7232383e-02
   6.0000000e-03  -1.0000000e-02   4.0000000e-03   9.9939083e-01   2.6355541e-02  -2.2875123e-02   2.9846550e-04
   6.0000000e-03  -8.0000000e-03  -4.0000000e-03   9.9996192e-01   8.1061237e-03  -1.8670211e-03  -2.6376908e-03
   6.0000000e-03  -8.0000000e-03  -2.0000000e-03   9.9939083e-01  -1.4205268e-03  -3.4863167e-02   7.1872358e-04
   6.0000000e-03  -8.0000000e-03   0.0000000e+00   9.9965732e-01  -4.4856926e-03  -2.3559399e-02  -1.0491230e-02
   6.0000000e-03  -8.0000000e-03   2.0000000e-03   9.9939083e-01  -1.2059983e-02  -3.2737902e-02   8.7260187e-04
   6.0000000e-03  -8.0000000e-03   4.0000000e-03   9.9984770e-01  -1.0766476e-02  -1.1122638e-03  -1.3690594e-02
   6.0000000e-03  -6.0000000e-03  -4.0000000e-03   9.9939083e-01  -1.8556531e-02  -2.2487287e-02   1.9182074e-02
   6.0000000e-03  -6.0000000e-03  -2.0000000e-03   9.9984770e-01  -1.3502615e-02   1.1049063e-02   4.2903901e-04
   6.0000000e-03  -6.0000000e-03   0.0000000e+00   9.9996192e-01   2.0493943e-03   5.0143314e-03   6.8417019e-03
   6.0000000e-03  -6.0000000e-03   2.0000000e-03   9.9984770e-01   1.4342518e-02  -8.0759012e-03   5.8015924e-03
   6.0000000e-03  -6.0000000e-03   4.0000000e-03   9.9939083e-01  -9.3587872e-03   2.3945869e-02  -2.3600494e-02
   6.0000000e-03  -4.0000000e-03  -4.0000000e-03   9.9904822e-01  -2.6634976e-02   3.1966218e-02  -1.3091598e-02
   6.0000000e-03  -4.0000000e-03  -2.0000000e-03   9.9965732e-01  -3.2994640e-03  -6.3104018e-03   2.5189779e-02
   6.0000000e-03  -4.0000000e-03   0.0000000e+00   9.9996192e-01   1.3404673e-03   7.6912571e-03   3.8987348e-03
   6.0000000e-03  -4.0000000e-03   2.0000000e-03   9.9984770e-01  -1.3621757e-02   8.7350300e-03   6.5370851e-03
   6.0000000e-03  -4.0000000e-03   4.0000000e-03   9.9996192e-01  -3.2700316e-03   5.6021889e-03  -5.8373620e-03
   6.0000000e-03  -2.0000000e-03  -4.0000000e-03   9.9904822e-01   3.1202064e-03   3.8295881e-02  -2.0648021e-02
   6.0000000e-03  -2.0000000e-03  -2.0000000e-03   9.9965732e-01  -2.1833972e-02   1.3759028e-02   4.3817178e-03
   6.0000000e-03  -2.0000000e-03   0.0000000e+00   9.9904822e-01   6.1717087e-03   4.2339438e-02  -8.4813304e-03
   6.0000000e-03  -2.0000000e-03   2.0000000e-03   9.9984770e-01   3.8919610e-04   8.6246295e-03  -1.5167425e-02
   6.0000000e-03  -2.0000000e-03   4.0000000e-03   1.0000000e+00  -0.0000000e+00  -0.0000000e+00   0.0000000e+00
   6.0000000e-03   0.0000000e+00  -4.0000000e-03   9.9996192e-01   5.7245397e-03  -6.4099012e-03  -1.5150030e-03
   6.0000000e-03   0.0000000e+00  -2.0000000e-03   9.9984770e-01   1.2261631e-02   1.2380607e-02  -9.7952092e-04
   6.0000000e-03   0.0000000e+00   0.0000000e+00   9.9996192e-01  -3.4932114e-03   6.2183399e-03  -5.0281353e-03
   6.0000000e-03   0.0000000e+00   2.0000000e-03   9.9984770e-01  -1.0709987e-02   1.0564191e-02  -8.8476291e-03
   6.0000000e-03   0.0000000e+00   4.0000000e-03   9.9996192e-01   6.2583316e-04  -4.9094781e-03  -7.1873346e-03
   6.0000000e-03   2.0000000e-03  -4.0000000e-03   9.9939083e-01   1.7694111e-02  -5.2744458e-03  -2.9615427e-02
   6.0000000e-03   2.0000000e-03  -2.0000000e-03   9.9996192e-01  -7.1173408e-03   4.9934822e-03   7.4901034e-04
   6.0000000e-03   2.0000000e-03   0.0000000e+00   9.9965732e-01  -1.7472814e-02  -1.0817197e-02  -1.6214858e-02
   6.0000000e-03   2.0000000e-03   2.0000000e-03   9.9862953e-01   3.7502232e-02  -2.8093351e-02  -2.3310911e-02
   6.0000000e-03   2.0000000e-03   4.0000000e-03   9.9939083e-01   4.9612046e-04  -1.9419027e-02   2.8993622e-02
   6.0000000e-03   4.0000000e-03  -4.0000000e-03   9.9904822e-01   2.8117763e-02   3.8838803e-03  -3.3120354e-02
   6.0000000e-03   4.0000000e-03  -2.0000000e-03   9.9965732e-01  -7.5377999e-03   4.3094834e-03   2.4694990e-02
   6.0000000e-03   4.0000000e-03   0.0000000e+00   9.9939083e-01   2.0718472e-02   2.2807187e-02   1.6387558e-02
   6.0000000e-03   4.0000000e-03   2.0000000e-03   9.9862953e-01   3.7759551e-02   3.1347757e-02   1.8182046e-02
   6.0000000e-03   4.0000000e-03   4.0000000e-03   9.9862953e-01   2.1959976e-02   4.5975119e-02  -1.1962448e-02
   6.0000000e-03   6.0000000e-03  -4.0000000e-03   9.9862953e-01  -2.3817631e-02  -1.9138591e-02   4.2491023e-02
   6.0000000e-03   6.0000000e-03  -2.0000000e-03   9.9984770e-01   1.2428629e-02  -2.6785240e-04  -1.2249242e-02
   6.0000000e-03   6.0000000e-03   0.0000000e+00   9.9984770e-01  -1.4290521e-02  -9.3403273e-03   3.6229534e-03
   6.0000000e-03   6.0000000e-03   2.0000000e-03   1.0000000e+00   0.0000000e+00  -0.0000000e+00  -0.0000000e+00
   6.0000000e-03   6.0000000e-03   4.0000000e-03   9.9996192e-01  -1.9650925e-03  -8.4740813e-03   6.9338198e-04
   6.0000000e-03   8.0000000e-03  -4.0000000e-03   9.9996192e-01  -4.9050284e-03   6.3935704e-04  -7.1891822e-03
   6.0000000e-03   8.0000000e-03  -2.0000000e-03   1.0000000e+00  -0.0000000e+00  -0.0000000e+00  -0.0000000e+00
   6.0000000e-03   8.0000000e-03   0.0000000e+00   9.9904822e-01   2.9499373e-02  -2.6483697e-02   1.8194828e-02
   6.0000000e-03   8.0000000e-03   2.0000000e-03   9.9904822e-01   1.5068529e-02   2.6531943e-02   3.1171243e-02
   6.0000000e-03   8.0000000e-03   4.0000000e-03   9.9904822e-01   9.0215641e-03  -4.0861774e-02  -1.2311691e-02
   6.0000000e-03   1.0000000e-02  -4.0000000e-03   9.9904822e-01  -1.5455037e-03  -4.2261570e-02   1.0687471e-02
   6.0000000e-03   1.0000000e-02  -2.0000000e-03   9.9965732e-01  -2.8631248e-03  -2.3481116e-02  -1.1210368e-02
   6.0000000e-03   1.0000000e-02   0.0000000e+00   9.9996192e-01  -2.1221461e-03  -8.1559559e-03  -2.2647961e-03
   6.0000000e-03   1.0000000e-02   2.0000000e-03   9.9862953e-01  -9.1758244e-03  -3.8616467e-02   3.4111948e-02
   6.0000000e-03   1.0000000e-02   4.0000000e-03   9.9862953e-01  -2.9987620e-02   1.9647686e-02   3.8128249e-02
   6.0000000e-03   1.2000000e-02  -4.0000000e-03   9.9939083e-01  -1.8973581e-02   2.0048443e-02  -2.1355047e-02
   6.0000000e-03   1.2000000e-02  -2.0000000e-03   9.9984770e-01  -7.7638319e-03  -7.0791255e-03  -1.3935401e-02
   6.0000000e-03   1.2000000e-02   0.0000000e+00   9.9984770e-01  -2.6154580e-03  -1.4140517e-02   9.8889662e-03
   6.0000000e-03   1.2000000e-02   2.0000000e-03   9.9965732e-01  -6.9289624e-03  -1.6457813e-02   1.9140598e-02
   6.0000000e-03   1.2000000e-02   4.0000000e-03   9.9862953e-01  -3.6770450e-02   2.6322138e-02   2.6346372e-02
   8.0000000e-03  -1.2000000e-02  -4.0000000e-03   9.9862953e-01  -5.0033728e-03  -4.8322665e-02   1.9466345e-02
   8.0000000e-03  -1.2000000e-02  -2.0000000e-03   9.9939083e-01   8.2571210e-03   2.3584424e-02   2.4363288e-02
   8.0000000e-03  -1.2000000e-02   0.0000000e+00   9.9862953e-01   4.2685358e-02  -3.0213644e-02   2.0367274e-03
   8.0000000e-03  -1.2000000e-02   2.0000000e-03   9.9862953e-01   3.9801033e-02   1.0866227e-02  -3.2200237e-02
   8.0000000e-03  -1.2000000e-02   4.0000000e-03   9.9965732e-01  -2.0153267e-02   2.7735044e-03  -1.6473802e-02
   8.0000000e-03  -1.0000000e-02  -4.0000000e-03   9.9904822e-01  -2.1925773e-02   2.8802246e-02  -2.4338078e-02
   8.0000000e-03  -1.0000000e-02  -2.0000000e-03   9.9904822e-01   2.1086962e-03  -3.3223410e-02  -2.8185269e-02
   8.0000000e-03  -1.0000000e-02   0.0000000e+00   9.9965732e-01   1.3842376e-02  -1.9432067e-02   1.0771074e-02
   8.0000000e-03  -1.0000000e-02   2.0000000e-03   9.9862953e-01  -3.1432355e-02   2.7654424e-02  -3.1405290e-02
   8.0000000e-03  -1.0000000e-02   4.0000000e-03   9.9939083e-01  -2.3503920e-02  -1.8321024e-02   1.8162618e-02
   8.0000000e-03  -8.0000000e-03  -4.0000000e-03   9.9996192e-01  -1.0910458e-03  -5.6342316e-03  -6.5739999e-03
   8.0000000e-03  -8.0000000e-03  -2.0000000e-03   1.0000000e+00  -0.0000000e+00  -0.0000000e+00  -0.0000000e+00
   8.0000000e-03  -8.0000000e-03   0.0000000e+00   9.9939083e-01   9.4975904e-03  -1.8634668e-02   2.7937785e-02
   8.0000000e-03  -8.0000000e-03   2.0000000e-03   9.9984770e-01  -2.9537863e-03  -3.4607061e-03  -1.6848892e-02
   8.0000000e-03  -8.0000000e-03   4.0000000e-03   9.9939083e-01  -1.5305412e-02   3.0367183e-02  -7.8456012e-03
   8.0000000e-03  -6.0000000e-03  -4.0000000e-03   9.9862953e-01   2.0874194e-02   1.7443173e-02   4.4710805e-02
   8.0000000e-03  -6.0000000e-03  -2.0000000e-03   9.9939083e-01   5.8987414e-03   2.4530998e-02  -2.4112441e-02
   8.0000000e-03  -6.0000000e-03   0.0000000e+00   9.9965732e-01  -2.2823947e-02  -1.2765742e-02   1.1558151e-03
   8.0000000e-03  -6.0000000e-03   2.0000000e-03   9.9984770e-01  -4.5066188e-03  -6.5023809e-03  -1.5556218e-02
   8.0000000e-03  -6.0000000e-03   4.0000000e-03   9.9984770e-01   1.6425297e-02   9.6662461e-04   5.8190845e-03
   8.0000000e-03  -4.0000000e-03  -4.0000000e-03   9.9862953e-01   8.0032550e-03   4.9988806e-02  -1.3271002e-02
   8.0000000e-03  -4.0000000e-03  -2.0000000e-03   1.0000000e+00   0.0000000e+00   0.0000000e+00   0.0000000e+00
   8.0000000e-03  -4.0000000e-03   0.0000000e+00   9.9862953e-01   2.3580446e-02   6.6522399e-03   4.6246758e-02
   8.0000000e-03  -4.0000000e-03   2.0000000e-03   9.9939083e-01   3.2264022e-02   1.0273319e-02  -8.4537973e-03
   8.0000000e-03  -4.0000000e-03   4.0000000e-03   1.0000000e+00   0.0000000e+00  -0.0000000e+00  -0.0000000e+00
   8.0000000e-03  -2.0000000e-03  -4.0000000e-03   1.0000000e+00   0.0000000e+00  -0.0000000e+00   0.0000000e+00
   8.0000000e-03  -2.0000000e-03  -2.0000000e-03   9.9904822e-01  -3.7648283e-02  -6.0013604e-03  -2.1195315e-02
   8.0000000e-03  -2.0000000e-03   0.0000000e+00   9.9862953e-01   1.2497355e-02  -2.8296434e-02  -4.2215877e-02
   8.0000000e-03  -2.0000000e-03   2.0000000e-03   9.9996192e-01   4.9635101e-03   5.1028492e-03   5.0474666e-03
   8.0000000e-03  -2.0000000e-03   4.0000000e-03   9.9939083e-01  -2.8976339e-03  -2.4459771e-02   2.4724446e-02
   8.0000000e-03   0.0000000e+00  -4.0000000e-03   9.9904822e-01   2.6959836e-02  -1.9026429e-02  -2.8527411e-02
   8.0000000e-03   0.0000000e+00  -2.0000000e-03   1.0000000e+00   0.0000000e+00  -0.0000000e+00  -0.0000000e+00
   8.0000000e-03   0.0000000e+00   0.0000000e+00   1.0000000e+00  -0.0000000e+00  -0.0000000e+00   0.0000000e+00
   8.0000000e-03   0.0000000e+00   2.0000000e-03   9.9996192e-01  -3.3075612e-03   5.1410981e-03  -6.2274851e-03
   8.0000000e-03   0.0000000e+00   4.0000000e-03   9.9996192e-01  -6.6489413e-03   4.8174561e-03   2.9556925e-03
   8.0000000e-03   2.0000000e-03  -4.0000000e-03   1.0000000e+00   0.0000000e+00   0.0000000e+00  -0.0000000e+00
   8.0000000e-03   2.0000000e-03  -2.0000000e-03   9.9965732e-01   8.0481024e-03  -2.4329918e-02   5.3400170e-03
   8.0000000e-03   2.0000000e-03   0.0000000e+00   9.9965732e-01  -6.2219173e-03   1.3122189e-03  -2.5392882e-02
   8.0000000e-03   2.0000000e-03   2.0000000e-03   9.9862953e-01   3.6848178e-02   2.4215898e-02   2.8193162e-02
   8.0000000e-03   2.0000000e-03   4.0000000e-03   9.9904822e-01  -2.7911588e-02  -1.0534496e-02  -3.1821669e-02
   8.0000000e-03   4.0000000e-03  -4.0000000e-03   9.9939083e-01   8.5230934e-04  -1.5341657e-02  -3.1334997e-02
   8.0000000e-03   4.0000000e-03  -2.0000000e-03   1.0000000e+00  -0.0000000e+00  -0.0000000e+00  -0.0000000e+00
   8.0000000e-03   4.0000000e-03   0.0000000e+00   9.9862953e-01   1.2057771e-02   5.0354899e-02   7.6188314e-03
   8.0000000e-03   4.0000000e-03   2.0000000e-03   9.9904822e-01  -1.5462882e-02  -4.0127774e-02   7.3015056e-03
   8.0000000e-03   4.0000000e-03   4.0000000e-03   9.9904822e-01  -1.0997959e-02  -3.3270155e-02  -2.5976771e-02
   8.0000000e-03   6.0000000e-03  -4.0000000e-03   9.9862953e-01  -4.2422501e-02   7.6678126e-03  -2.9674710e-02
   8.0000000e-03   6.0000000e-03  -2.0000000e-03   9.9965732e-01   4.6074391e-03   8.3095558e-03   2.4391708e-02
   8.0000000e-03   6.0000000e-03   0.0000000e+00   9.9984770e-01   1.2594388e-02  -1.0897401e-03  -1.2032471e-02
   8.0000000e-03   6.0000000e-03   2.0000000e-03   9.9862953e-01  -3.3494086e-02   3.0018951e-02  -2.6759318e-02
   8.0000000e-03   6.0000000e-03   4.0000000e-03   9.9984770e-01   2.4926543e-03   1.7269164e-02   3.8620511e-04
   8.0000000e-03   8.0000000e-03  -4.0000000e-03   1.0000000e+00  -0.0000000e+00   0.0000000e+00  -0.0000000e+00
   8.0000000e-03   8.0000000e-03  -2.0000000e-03   9.9904822e-01   2.4324917e-02  -1.7327781e-02  -3.1791467e-02
   8.0000000e-03   8.0000000e-03   0.0000000e+00   9.9862953e-01  -3.7744321e-02   3.4499419e-02   1.1144896e-02
   8.0000000e-03   8.0000000e-03   2.0000000e-03   9.9996192e-01  -5.7732835e-04   2.5046128e-04  -8.7038143e-03
   8.0000000e-03   8.0000000e-03   4.0000000e-03   9.9965732e-01  -9.2532554e-03  -1.9174411e-02   1.5229966e-02
   8.0000000e-03   1.0000000e-02  -4.0000000e-03   9.9996192e-01  -4.1745863e-03   4.8618881e-03   5.9234530e-03
   8.0000000e-03   1.0000000e-02  -2.0000000e-03   9.9904822e-01   2.2675647e-02   3.0113165e-02   2.1946828e-02
   8.0000000e-03   1.0000000e-02   0.0000000e+00   9.9862953e-01  -4.6794347e-03  -5.2113589e-02  -1.1528452e-03
   8.0000000e-03   1.0000000e-02   2.0000000e-03   9.9904822e-01  -2.4179896e-02   2.7429560e-02   2.3782405e-02
   8.0000000e-03   1.0000000e-02   4.0000000e-03   9.9996192e-01  -2.1184330e-03  -5.0120471e-03   6.8223198e-03
   8.0000000e-03   1.2000000e-02  -4.0000000e-03   9.9862953e-01   1.4862049e-02  -4.9880721e-02  -5.4850235e-03
   8.0000000e-03   1.2000000e-02  -2.0000000e-03   1.0000000e+00  -0.0000000e+00  -0.0000000e+00   0.0000000e+00
   8.0000000e-03   1.2000000e-02   0.0000000e+00   9.9862953e-01   1.4347381e-03   5.2107350e-02  -4.6709607e-03
   8.0000000e-03   1.2000000e-02   2.0000000e-03   9.9996192e-01   4.6709688e-03   4.9961504e-03  -5.4196820e-03
   8.0000000e-03   1.2000000e-02   4.0000000e-03   9.9965732e-01   2.3550136e-03   2.6053843e-02   9.4011751e-04
   1.0000000e-02  -1.2000000e-02  -4.0000000e-03   9.9996192e-01  -5.3644690e-03   1.6431329e-03  -6.6839366e-03
   1.0000000e-02  -1.2000000e-02  -2.0000000e-03   9.9862953e-01  -2.7246204e-02  -1.6135876e-02   4.1669295e-02
   1.0000000e-02  -1.2000000e-02   0.0000000e+00   9.9996192e-01  -2.8463066e-03  -1.2118001e-03   8.1598101e-03
   1.0000000e-02  -1.2000000e-02   2.0000000e-03   9.9939083e-01   3.4430488e-02   5.6466989e-03   7.9447541e-04
   1.0000000e-02  -1.2000000e-02   4.0000000e-03   9.9939083e-01  -9.1506306e-03   2.6440723e-02   2.0859746e-02
   1.0000000e-02  -1.0000000e-02  -4.0000000e-03   9.9862953e-01   3.7269669e-02  -3.6739549e-02  -4.7918411e-04
   1.0000000e-02  -1.0000000e-02  -2.0000000e-03   9.9904822e-01  -2.1341207e-02   2.7744332e-02   2.6027983e-02
   1.0000000e-02  -1.0000000e-02   0.0000000e+00   9.9984770e-01  -1.3313300e-02  -3.2169429e-03   1.0816367e-02
   1.0000000e-02  -1.0000000e-02   2.0000000e-03   9.9984770e-01  -6.7553490e-03   7.3561904e-03  -1.4312170e-02
   1.0000000e-02  -1.0000000e-02   4.0000000e-03   9.9996192e-01   6.6365780e-03   4.8174245e-03  -2.9833999e-03
   1.0000000e-02  -8.0000000e-03  -4.0000000e-03   9.9984770e-01  -3.7746798e-03   1.2954971e-02  -1.1068288e-02
   1.0000000e-02  -8.0000000e-03  -2.0000000e-03   9.9965732e-01  -1.5666972e-02   2.0911844e-02  -1.5727005e-03
   1.0000000e-02  -8.0000000e-03   0.0000000e+00   9.9939083e-01   1.9156735e-02  -2.8743297e-02  -4.9816896e-03
   1.0000000e-02  -8.0000000e-03   2.0000000e-03   9.9984770e-01   1.0268659e-03  -4.1740059e-03   1.6914778e-02
   1.0000000e-02  -8.0000000e-03   4.0000000e-03   9.9904822e-01   1.6484939e-02  -3.9633727e-02   7.7501900e-03
   1.0000000e-02  -6.0000000e-03  -4.0000000e-03   9.9862953e-01   4.3546128e-02   2.8562000e-02  -5.1960776e-03
   1.0000000e-02  -6.0000000e-03  -2.0000000e-03   9.9965732e-01  -5.7177712e-03   2.0737834e-02   1.4915828e-02
   1.0000000e-02  -6.0000000e-03   0.0000000e+00   9.9904822e-01   2.6036669e-02   1.9911028e-02   2.8780094e-02
   1.0000000e-02  -6.0000000e-03   2.0000000e-03   9.9939083e-01  -1.4150551e-03  -1.0245596e-02  -3.3331670e-02
   1.0000000e-02  -6.0000000e-03   4.0000000e-03   9.9984770e-01  -4.6796419e-03   1.0136072e-02   1.3414451e-02
   1.0000000e-02  -4.0000000e-03  -4.0000000e-03   9.9996192e-01  -4.8837751e-03   4.9703299e-03  -5.2532831e-03
   1.0000000e-02  -4.0000000e-03  -2.0000000e-03   1.0000000e+00  -0.0000000e+00  -0.0000000e+00   0.0000000e+00
   1.0000000e-02  -4.0000000e-03   0.0000000e+00   9.9965732e-01  -2.2072720e-02  -1.2209720e-02   6.9964540e-03
   1.0000000e-02  -4.0000000e-03   2.0000000e-03   9.9965732e-01   1.1175573e-02  -1.2084344e-02   2.0354553e-02
   1.0000000e-02  -4.0000000e-03   4.0000000e-03   9.9984770e-01   3.8128871e-03   7.8200475e-03   1.5129284e-02
   1.0000000e-02  -2.0000000e-03  -4.0000000e-03   9.9984770e-01   7.7224951e-03  -1.2156275e-02  -9.8577146e-03
   1.0000000e-02  -2.0000000e-03  -2.0000000e-03   9.9996192e-01   6.8800355e-03  -1.0810034e-03   5.2582283e-03
   1.0000000e-02  -2.0000000e-03   0.0000000e+00   1.0000000e+00  -0.0000000e+00  -0.0000000e+00   0.0000000e+00
   1.0000000e-02  -2.0000000e-03   2.0000000e-03   1.0000000e+00   0.0000000e+00  -0.0000000e+00   0.0000000e+00
   1.0000000e-02  -2.0000000e-03   4.0000000e-03   9.9862953e-01  -2.7798048e-02  -1.6481790e-02  -4.1166387e-02
   1.0000000e-02   0.0000000e+00  -4.0000000e-03   9.9904822e-01  -4.1977885e-02  -1.0229388e-03  -1.1809392e-02
   1.0000000e-02   0.0000000e+00  -2.0000000e-03   9.9984770e-01   1.1273801e-02  -9.3553516e-03   9.4850039e-03
   1.0000000e-02   0.0000000e+00   0.0000000e+00   9.9984770e-01  -4.1664095e-03  -1.6937500e-02  -5.9042336e-04
   1.0000000e-02   0.0000000e+00   2.0000000e-03   9.9862953e-01  -4.0672190e-02  -1.5169562e-02   2.9235417e-02
   1.0000000e-02   0.0000000e+00   4.0000000e-03   9.9862953e-01  -3.1948900e-02   1.0268523e-02  -4.0160646e-02
   1.0000000e-02   2.0000000e-03  -4.0000000e-03   9.9984770e-01   5.6121073e-03  -1.5076206e-02  -6.7674786e-03
   1.0000000e-02   2.0000000e-03  -2.0000000e-03   9.9996192e-01   7.2257265e-03  -4.2226900e-03  -2.4718795e-03
   1.0000000e-02   2.0000000e-03   0.0000000e+00   9.9862953e-01   3.2391588e-02  -4.1106724e-02   2.7318588e-04
   1.0000000e-02   2.0000000e-03   2.0000000e-03   9.9862953e-01   3.3603803e-02   2.7048094e-02  -2.9635070e-02
   1.0000000e-02   2.0000000e-03   4.0000000e-03   1.0000000e+00   0.0000000e+00  -0.0000000e+00  -0.0000000e+00
   1.0000000e-02   4.0000000e-03  -4.0000000e-03   9.9904822e-01  -2.8205471e-02  -3.0809245e-02   1.2565540e-02
   1.0000000e-02   4.0000000e-03  -2.0000000e-03   1.0000000e+00  -0.0000000e+00   0.0000000e+00   0.0000000e+00
   1.0000000e-02   4.0000000e-03   0.0000000e+00   9.9984770e-01  -1.0210336e-02  -1.3861667e-02  -2.8617688e-03
   1.0000000e-02   4.0000000e-03   2.0000000e-03   9.9862953e-01  -4.0063520e-02  -1.1724792e-02   3.1567324e-02
   1.0000000e-02   4.0000000e-03   4.0000000e-03   1.0000000e+00  -0.0000000e+00   0.0000000e+00  -0.0000000e+00
   1.0000000e-02   6.0000000e-03  -4.0000000e-03   9.9996192e-01   2.5212086e-03   6.8023893e-03  -4.8500958e-03
   1.0000000e-02   6.0000000e-03  -2.0000000e-03   9.9904822e-01   3.7117802e-03   3.8449765e-02  -2.0260533e-02
   1.0000000e-02   6.0000000e-03   0.0000000e+00   9.9862953e-01  -3.5188094e-02  -1.8775403e-02  -3.3887086e-02
   1.0000000e-02   6.0000000e-03   2.0000000e-03   1.0000000e+00  -0.0000000e+00  -0.0000000e+00   0.0000000e+00
   1.0000000e-02   6.0000000e-03   4.0000000e-03   9.9862953e-01  -1.5419969e-02   2.7210165e-02  -4.1962886e-02
   1.0000000e-02   8.0000000e-03  -4.0000000e-03   9.9996192e-01  -1.7853471e-03   5.9349172e-03  -6.1434286e-03
   1.0000000e-02   8.0000000e-03  -2.0000000e-03   9.9904822e-01   5.3909829e-03  -1.5399531e-02   4.0452969e-02
   1.0000000e-02   8.0000000e-03   0.0000000e+00   9.9996192e-01  -3.2508127e-03  -6.9843175e-03   4.0992619e-03
   1.0000000e-02   8.0000000e-03   2.0000000e-03   9.9996192e-01  -6.6465205e-03  -3.4696699e-03   4.4651516e-03
   1.0000000e-02   8.0000000e-03   4.0000000e-03   9.9965732e-01  -9.4252279e-03  -1.0033233e-02  -2.2265038e-02
   1.0000000e-02   1.0000000e-02  -4.0000000e-03   9.9984770e-01   3.7529214e-03   1.1645550e-02   1.2445209e-02
   1.0000000e-02   1.0000000e-02  -2.0000000e-03   9.9965732e-01  -1.9869064e-02  -1.6388623e-02   4.6761047e-03
   1.0000000e-02   1.0000000e-02   0.0000000e+00   1.0000000e+00   0.0000000e+00  -0.0000000e+00  -0.0000000e+00
   1.0000000e-02   1.0000000e-02   2.0000000e-03   9.9862953e-01  -2.4698459e-02   2.8237993e-02  -3.6491837e-02
   1.0000000e-02   1.0000000e-02   4.0000000e-03   9.9984770e-01  -9.9043635e-03  -5.7482418e-03   1.3169958e-02
   1.0000000e-02   1.2000000e-02  -4.0000000e-03   9.9862953e-01   8.5690689e-03  -4.9229107e-02   1.5560154e-02
   1.0000000e-02   1.2000000e-02  -2.0000000e-03   9.9904822e-01   4.3128234e-02  -1.9071419e-03  -6.2425312e-03
   1.0000000e-02   1.2000000e-02   0.0000000e+00   9.9984770e-01   1.2307662e-02  -7.0242413e-03   1.0186657e-02
   1.0000000e-02   1.2000000e-02   2.0000000e-03   9.9984770e-01   2.9149458e-03  -1.0792124e-02   1.3402225e-02
   1.0000000e-02   1.2000000e-02   4.0000000e-03   9.9939083e-01  -2.2571120e-02  -2.6589241e-02  -1.2376042e-03
   1.2000000e-02  -1.2000000e-02  -4.0000000e-03   9.9965732e-01  -1.2373188e-02  -1.1804834e-02   1.9818747e-02
   1.2000000e-02  -1.2000000e-02  -2.0000000e-03   9.9996192e-01  -2.6534420e-03   6.3448117e-03   5.3716881e-03
   1.2000000e-02  -1.2000000e-02   0.0000000e+00   9.9939083e-01   2.6568329e-02  -1.1293059e-02  -1.9610344e-02
   1.2000000e-02  -1.2000000e-02   2.0000000e-03   9.9904822e-01   4.1654236e-02  -8.8729324e-03  -9.4258482e-03
   1.2000000e-02  -1.2000000e-02   4.0000000e-03   1.0000000e+00  -0.0000000e+00   0.0000000e+00   0.0000000e+00
   1.2000000e-02  -1.0000000e-02  -4.0000000e-03   9.9904822e-01  -3.4628181e-02  -1.3022220e-02  -2.3107613e-02
   1.2000000e-02  -1.0000000e-02  -2.0000000e-03   9.9996192e-01   2.6172234e-03  -4.6246827e-03   6.9220570e-03
   1.2000000e-02  -1.0000000e-02   0.0000000e+00   9.9939083e-01   1.7915404e-02  -9.4902355e-03  -2.8406840e-02
   1.2000000e-02  -1.0000000e-02   2.0000000e-03   9.9965732e-01   1.8135448e-02  -1.2417908e-02  -1.4217373e-02
   1.2000000e-02  -1.0000000e-02   4.0000000e-03   9.9904822e-01  -1.7052600e-03   3.2705662e-02   2.8811156e-02
   1.2000000e-02  -8.0000000e-03  -4.0000000e-03   9.9939083e-01   1.6838487e-02   2.9694546e-02  -7.2576941e-03
   1.2000000e-02  -8.0000000e-03  -2.0000000e-03   9.9939083e-01   5.6709222e-04  -2.4205269e-02   2.5134801e-02
   1.2000000e-02  -8.0000000e-03   0.0000000e+00   1.0000000e+00  -0.0000000e+00  -0.0000000e+00   0.0000000e+00
   1.2000000e-02  -8.0000000e-03   2.0000000e-03   9.9996192e-01   4.8545811e-03  -6.7016694e-03  -2.7700345e-03
   1.2000000e-02  -8.0000000e-03   4.0000000e-03   9.9904822e-01  -3.4218354e-02   1.5823473e-02   2.1940211e-02
   1.2000000e-02  -6.0000000e-03  -4.0000000e-03   9.9862953e-01  -5.1927727e-02   4.4576531e-04  -6.5088268e-03
   1.2000000e-02  -6.0000000e-03  -2.0000000e-03   9.9904822e-01   2.2843568e-02   1.7230394e-02  -3.2923181e-02
   1.2000000e-02  -6.0000000e-03   0.0000000e+00   9.9996192e-01   7.1399044e-03   1.4908082e-03   4.7907909e-03
   1.2000000e-02  -6.0000000e-03   2.0000000e-03   9.9862953e-01   3.0196482e-02  -2.2390693e-02  -3.6412658e-02
   1.2000000e-02  -6.0000000e-03   4.0000000e-03   9.9996192e-01   6.3915629e-03   3.4559342e-04  -5.9313498e-03
   1.2000000e-02  -4.0000000e-03  -4.0000000e-03   9.9965732e-01   8.3398753e-03   5.0347878e-03  -2.4296708e-02
   1.2000000e-02  -4.0000000e-03  -2.0000000e-03   9.9939083e-01  -3.6878553e-03  -9.3715703e-03   3.3414791e-02
   1.2000000e-02  -4.0000000e-03   0.0000000e+00   9.9965732e-01   1.2287033e-02   2.3108196e-02   5.2221441e-04
   1.2000000e-02  -4.0000000e-03   2.0000000e-03   9.9939083e-01  -4.5221749e-03   3.3018049e-02  -1.0360176e-02
   1.2000000e-02  -4.0000000e-03   4.0000000e-03   9.9965732e-01   2.5867987e-02   1.2650104e-03  -3.8052127e-03
   1.2000000e-02  -2.0000000e-03  -4.0000000e-03   9.9939083e-01   1.3844422e-02   3.0505769e-02   9.7828885e-03
   1.2000000e-02  -2.0000000e-03  -2.0000000e-03   9.9984770e-01   7.7478196e-03  -1.5560862e-02  -1.5547824e-03
   1.2000000e-02  -2.0000000e-03   0.0000000e+00   1.0000000e+00   0.0000000e+00  -0.0000000e+00   0.0000000e+00
   1.2000000e-02  -2.0000000e-03   2.0000000e-03   9.9984770e-01   7.0976223e-03  -3.2023112e-03  -1.5619073e-02
   1.2000000e-02  -2.0000000e-03   4.0000000e-03   9.9939083e-01  -1.1339148e-02  -2.6421571e-02   1.9781283e-02
   1.2000000e-02   0.0000000e+00  -4.0000000e-03   9.9965732e-01   2.3360731e-04  -2.6175734e-02  -9.4966724e-05
   1.2000000e-02   0.0000000e+00  -2.0000000e-03   9.9965732e-01  -7.4415463e-03  -1.6270940e-02   1.9107918e-02
   1.2000000e-02   0.0000000e+00   0.0000000e+00   9.9862953e-01  -4.5143971e-02  -1.5021996e-03   2.6435159e-02
   1.2000000e-02   0.0000000e+00   2.0000000e-03   9.9862953e-01   1.7516738e-02   3.2916490e-02   3.6724935e-02
   1.2000000e-02   0.0000000e+00   4.0000000e-03   9.9939083e-01  -7.8185863e-03  -3.2753697e-02  -9.1673278e-03
   1.2000000e-02   2.0000000e-03  -4.0000000e-03   9.9939083e-01  -2.0824439e-02   2.5647345e-02  -1.1248615e-02
   1.2000000e-02   2.0000000e-03  -2.0000000e-03   9.9984770e-01   8.8033114e-03  -7.9535437e-03   1.2799584e-02
   1.2000000e-02   2.0000000e-03   0.0000000e+00   9.9862953e-01  -4.0256746e-02  -2.5152840e-02   2.2040448e-02
   1.2000000e-02   2.0000000e-03   2.0000000e-03   9.9904822e-01  -1.0921202e-03  -1.9998560e-02  -3.8749398e-02
   1.2000000e-02   2.0000000e-03   4.0000000e-03   9.9965732e-01   1.7550027e-02  -6.5101314e-03  -1.8298835e-02
   1.2000000e-02   4.0000000e-03  -4.0000000e-03   1.0000000e+00  -0.0000000e+00   0.0000000e+00   0.0000000e+00
   1.2000000e-02   4.0000000e-03  -2.0000000e-03   9.9939083e-01   2.9172772e-02  -3.0668784e-03  -1.8908159e-02
   1.2000000e-02   4.0000000e-03   0.0000000e+00   9.9984770e-01   1.3134031e-02   7.2821274e-03   8.8912506e-03
   1.2000000e-02   4.0000000e-03   2.0000000e-03   9.9965732e-01   9.2338393e-03   2.4492204e-02  -3.1747200e-04
   1.2000000e-02   4.0000000e-03   4.0000000e-03   9.9904822e-01  -2.5020353e-02   2.7138742e-02  -2.3240515e-02
   1.2000000e-02   6.0000000e-03  -4.0000000e-03   9.9996192e-01  -1.8300268e-03  -7.4113820e-03   4.2278648e-03
   1.2000000e-02   6.0000000e-03  -2.0000000e-03   9.9996192e-01   5.7973060e-03   1.3648880e-03   6.3781459e-03
   1.2000000e-02   6.0000000e-03   0.0000000e+00   9.9996192e-01   6.6927361e-03   5.5988012e-03   1.1458610e-04
   1.2000000e-02   6.0000000e-03   2.0000000e-03   9.9939083e-01  -2.5123637e-03   3.0629925e-02  -1.6536945e-02
   1.2000000e-02   6.0000000e-03   4.0000000e-03   9.9862953e-01  -2.1379285e-02  -4.1176855e-02   2.4216629e-02
   1.2000000e-02   8.0000000e-03  -4.0000000e-03   9.9939083e-01   2.6876822e-02  -1.1007857e-02   1.9350411e-02
   1.2000000e-02   8.0000000e-03  -2.0000000e-03   1.0000000e+00  -0.0000000e+00   0.0000000e+00   0.0000000e+00
   1.2000000e-02   8.0000000e-03   0.0000000e+00   9.9862953e-01  -3.1009840e-02   3.9391607e-02   1.5024760e-02
   1.2000000e-02   8.0000000e-03   2.0000000e-03   9.9965732e-01  -1.4150139e-02  -2.1080685e-02  -6.3726689e-03
   1.2000000e-02   8.0000000e-03   4.0000000e-03   9.9965732e-01   2.3763639e-02   1.0315231e-02   3.7574042e-03
   1.2000000e-02   1.0000000e-02  -4.0000000e-03   9.9984770e-01  -1.1028969e-02   1.1208598e-02   7.5707104e-03
   1.2000000e-02   1.0000000e-02  -2.0000000e-03   9.9984770e-01   1.3394011e-03  -1.4469386e-04  -1.7400332e-02
   1.2000000e-02   1.0000000e-02   0.0000000e+00   9.9939083e-01   3.1629062e-02  -1.4526501e-02   2.5608680e-03
   1.2000000e-02   1.0000000e-02   2.0000000e-03   9.9965732e-01  -3.5615276e-03  -1.6928834e-02   1.9645934e-02
   1.2000000e-02   1.0000000e-02   4.0000000e-03   9.9996192e-01   8.5898525e-03  -1.3065839e-03  -8.1221548e-04
   1.2000000e-02   1.2000000e-02  -4.0000000e-03   9.9965732e-01  -2.4616960e-02   8.0573328e-03  -3.7838211e-03
   1.2000000e-02   1.2000000e-02  -2.0000000e-03   9.9904822e-01   2.6408770e-02  -2.3992572e-02  -2.5091519e-02
   1.2000000e-02   1.2000000e-02   0.0000000e+00   9.9965732e-01  -1.9683204e-02   8.7774676e-03   1.4858000e-02
   1.2000000e-02   1.2000000e-02   2.0000000e-03   9.9984770e-01  -1.1224938e-02  -9.5651348e-03  -9.3324945e-03
   1.2000000e-02   1.2000000e-02   4.0000000e-03   9.9862953e-01   1.4351005e-02  -4.5854866e-02   2.0746860e-02
