allow_base_reference = 0
0 0 0 1 0 0 0
-1.0000000e-02  -1.0000000e-02  -5.0000000e-03   9.9965732e-01   1.5417694e-02  -1.4172296e-02   1.5705838e-02
  -1.0000000e-02  -1.0000000e-02   0.0000000e+00   9.9996192e-01  -7.6056312e-03  -4.1859130e-03   8.8596111e-04
  -1.0000000e-02  -1.0000000e-02   5.0000000e-03   9.9904822e-01   2.7224327e-02  -2.0050512e-02   2.7558373e-02
  -1.0000000e-02  -5.0000000e-03  -5.0000000e-03   9.9904822e-01  -1.3642804e-03   2.8012646e-02  -3.3407804e-02
  -1.0000000e-02  -5.0000000e-03   0.0000000e+00   9.9996192e-01  -5.2955190e-03  -3.7220525e-03  -5.8528818e-03
  -1.0000000e-02  -5.0000000e-03   5.0000000e-03   9.9984770e-01  -1.1174567e-02   8.4029009e-03   1.0445420e-02
  -1.0000000e-02   0.0000000e+00  -5.0000000e-03   9.9984770e-01   1.2145801e-02   1.1457427e-02  -5.0787172e-03
  -1.0000000e-02   0.0000000e+00   0.0000000e+00   9.9984770e-01  -9.4373153e-03   5.9137566e-03  -1.3436929e-02
  -1.0000000e-02   0.0000000e+00   5.0000000e-03   9.9984770e-01   1.1517758e-02   1.0224430e-02  -8.2090662e-03
  -1.0000000e-02   5.0000000e-03  -5.0000000e-03   9.9984770e-01  -4.7432114e-03   1.1675737e-02  -1.2073343e-02
  -1.0000000e-02   5.0000000e-03   0.0000000e+00   9.9996192e-01   2.4945834e-03  -5.5922419e-03  -6.2174195e-03
  -1.0000000e-02   5.0000000e-03   5.0000000e-03   9.9965732e-01   1.7127255e-03   9.1050711e-03  -2.4482583e-02
  -1.0000000e-02   1.0000000e-02  -5.0000000e-03   9.9984770e-01   1.1580468e-02  -1.0184020e-02   8.1709848e-03
  -1.0000000e-02   1.0000000e-02   0.0000000e+00   9.9984770e-01  -1.1570138e-02  -1.3065805e-02  -5.6101962e-05
  -1.0000000e-02   1.0000000e-02   5.0000000e-03   9.9904822e-01  -2.1085503e-02   1.1264114e-02  -3.6485234e-02
  -5.0000000e-03  -1.0000000e-02  -5.0000000e-03   9.9965732e-01  -2.0308964e-02   4.9399402e-04   1.6508621e-02
  -5.0000000e-03  -1.0000000e-02   0.0000000e+00   9.9939083e-01   2.7338418e-02   2.8104115e-03  -2.1510169e-02
  -5.0000000e-03  -1.0000000e-02   5.0000000e-03   9.9939083e-01   1.7447569e-02  -2.4515011e-02   1.7679689e-02
  -5.0000000e-03  -5.0000000e-03  -5.0000000e-03   9.9965732e-01  -1.2859964e-02   2.1523791e-02  -7.5219931e-03
  -5.0000000e-03  -5.0000000e-03   0.0000000e+00   9.9965732e-01   2.3613927e-02  -1.1008810e-02   2.5340067e-03
  -5.0000000e-03  -5.0000000e-03   5.0000000e-03   9.9984770e-01  -1.6723937e-02  -4.3102415e-03  -2.5136110e-03
  -5.0000000e-03   0.0000000e+00  -5.0000000e-03   9.9904822e-01  -2.2242129e-02   2.6712059e-02   2.6351557e-02
  -5.0000000e-03   0.0000000e+00   0.0000000e+00   9.9996192e-01  -9.5576297e-04   5.9771890e-03   6.2858691e-03
  -5.0000000e-03   0.0000000e+00   5.0000000e-03   1.0000000e+00   0.0000000e+00   0.0000000e+00  -0.0000000e+00
  -5.0000000e-03   5.0000000e-03  -5.0000000e-03   9.9996192e-01  -5.1819805e-04  -8.2632046e-03  -2.7574157e-03
  -5.0000000e-03   5.0000000e-03   0.0000000e+00   9.9939083e-01  -2.9277429e-02   1.8781613e-02  -2.8386705e-03
  -5.0000000e-03   5.0000000e-03   5.0000000e-03   9.9939083e-01  -1.1842477e-02   2.7524551e-02  -1.7892169e-02
  -5.0000000e-03   1.0000000e-02  -5.0000000e-03   9.9984770e-01   8.8917571e-03  -1.7721913e-03  -1.4912494e-02
  -5.0000000e-03   1.0000000e-02   0.0000000e+00   9.9965732e-01  -1.7154041e-02   1.4426767e-02  -1.3521831e-02
  -5.0000000e-03   1.0000000e-02   5.0000000e-03   1.0000000e+00   0.0000000e+00  -0.0000000e+00  -0.0000000e+00
   0.0000000e+00  -1.0000000e-02  -5.0000000e-03   9.9939083e-01  -2.2052992e-02   2.3650883e-02  -1.3125402e-02
   0.0000000e+00  -1.0000000e-02   0.0000000e+00   9.9965732e-01   1.7096743e-02  -1.9270126e-02  -4.6471789e-03
   0.0000000e+00  -1.0000000e-02   5.0000000e-03   9.9965732e-01  -1.5305615e-02   3.4983800e-03  -2.0945933e-02
   0.0000000e+00  -5.0000000e-03  -5.0000000e-03   9.9965732e-01   1.1036040e-02   1.6561788e-02   1.7004283e-02
   0.0000000e+00  -5.0000000e-03   0.0000000e+00   9.9939083e-01   7.5736114e-03   4.7377673e-03  -3.3736758e-02
   0.0000000e+00  -5.0000000e-03   5.0000000e-03   9.9939083e-01   2.2059187e-02  -2.6937576e-02   2.3946071e-03
   0.0000000e+00   0.0000000e+00  -5.0000000e-03   9.9996192e-01   5.9303358e-03   3.6374136e-03   5.2680890e-03
   0.0000000e+00   0.0000000e+00   0.0000000e+00   9.9965732e-01   1.2927423e-02   4.1128012e-03   2.2387479e-02
   0.0000000e+00   0.0000000e+00   5.0000000e-03   9.9939083e-01   3.4881960e-02  -7.1647379e-04  -8.4285035e-04
   0.0000000e+00   5.0000000e-03  -5.0000000e-03   9.9984770e-01  -1.2185307e-02   3.9826343e-03   1.1842441e-02
   0.0000000e+00   5.0000000e-03   0.0000000e+00   9.9965732e-01  -9.7234333e-03  -2.2779077e-02  -8.4735533e-03
   0.0000000e+00   5.0000000e-03   5.0000000e-03   9.9939083e-01   1.7496047e-02  -2.1015154e-02  -2.1684707e-02
   0.0000000e+00   1.0000000e-02  -5.0000000e-03   9.9996192e-01  -7.1871774e-03  -4.3300664e-03  -2.3973793e-03
   0.0000000e+00   1.0000000e-02   0.0000000e+00   9.9939083e-01  -2.2737732e-02  -2.1441759e-02  -1.5531303e-02
   0.0000000e+00   1.0000000e-02   5.0000000e-03   9.9984770e-01   1.4486507e-02   9.2365825e-03  -3.0680854e-03
   5.0000000e-03  -1.0000000e-02  -5.0000000e-03   9.9996192e-01  -3.9933436e-03   4.7974584e-03  -6.0983622e-03
   5.0000000e-03  -1.0000000e-02   0.0000000e+00   9.9984770e-01  -1.5131917e-02  -6.2879946e-03   6.0060557e-03
   5.0000000e-03  -1.0000000e-02   5.0000000e-03   9.9965732e-01  -1.6608730e-02   1.7025529e-02   1.0932249e-02
   5.0000000e-03  -5.0000000e-03  -5.0000000e-03   1.0000000e+00  -0.0000000e+00  -0.0000000e+00  -0.0000000e+00
   5.0000000e-03  -5.0000000e-03   0.0000000e+00   1.0000000e+00   0.0000000e+00   0.0000000e+00   0.0000000e+00
   5.0000000e-03  -5.0000000e-03   5.0000000e-03   9.9984770e-01  -6.3052449e-03   1.6184044e-02   1.7050196e-03
   5.0000000e-03   0.0000000e+00  -5.0000000e-03   9.9984770e-01  -1.3206357e-02  -1.1309378e-02  -1.5088387e-03
   5.0000000e-03   0.0000000e+00   0.0000000e+00   9.9996192e-01   2.0868225e-03  -7.0066290e-03  -4.7649495e-03
   5.0000000e-03   0.0000000e+00   5.0000000e-03   1.0000000e+00  -0.0000000e+00   0.0000000e+00  -0.0000000e+00
   5.0000000e-03   5.0000000e-03  -5.0000000e-03   9.9965732e-01   1.9947467e-02   1.6497237e-02   3.8951707e-03
   5.0000000e-03   5.0000000e-03   0.0000000e+00   9.9984770e-01  -1.3878349e-02   2.2877958e-03   1.0331694e-02
   5.0000000e-03   5.0000000e-03   5.0000000e-03   9.9939083e-01   2.6979419e-02  -3.4377450e-03  -2.1869334e-02
   5.0000000e-03   1.0000000e-02  -5.0000000e-03   9.9965732e-01   8.7908368e-03  -9.1390720e-03   2.2900462e-02
   5.0000000e-03   1.0000000e-02   0.0000000e+00   9.9996192e-01   3.5577213e-03  -4.6869015e-03  -6.4442219e-03
   5.0000000e-03   1.0000000e-02   5.0000000e-03   9.9984770e-01   1.6086804e-02   6.7316138e-03  -6.9756926e-04
   1.0000000e-02  -1.0000000e-02  -5.0000000e-03   9.9904822e-01   1.7063331e-02  -2.1624959e-02   3.3820923e-02
   1.0000000e-02  -1.0000000e-02   0.0000000e+00   9.9904822e-01   4.1240863e-02  -2.0395693e-03   1.4059954e-02
   1.0000000e-02  -1.0000000e-02   5.0000000e-03   9.9965732e-01   2.3053632e-03  -2.5943059e-02  -2.6221411e-03
   1.0000000e-02  -5.0000000e-03  -5.0000000e-03   1.0000000e+00  -0.0000000e+00  -0.0000000e+00   0.0000000e+00
   1.0000000e-02  -5.0000000e-03   0.0000000e+00   9.9984770e-01  -3.5315456e-03  -4.4805904e-03   1.6493604e-02
   1.0000000e-02  -5.0000000e-03   5.0000000e-03   9.9904822e-01  -2.6338666e-02  -2.8261495e-02  -2.0253728e-02
   1.0000000e-02   0.0000000e+00  -5.0000000e-03   9.9939083e-01   2.4388621e-02   1.6862385e-02  -1.8407335e-02
   1.0000000e-02   0.0000000e+00   0.0000000e+00   9.9939083e-01  -1.6197045e-02   2.8790706e-02  -1.1257257e-02
   1.0000000e-02   0.0000000e+00   5.0000000e-03   1.0000000e+00   0.0000000e+00   0.0000000e+00   0.0000000e+00
   1.0000000e-02   5.0000000e-03  -5.0000000e-03   9.9939083e-01  -1.4545599e-02   1.7432045e-02  -2.6505173e-02
   1.0000000e-02   5.0000000e-03   0.0000000e+00   9.9904822e-01  -4.3472548e-02  -3.9960472e-06   3.5761070e-03
   1.0000000e-02   5.0000000e-03   5.0000000e-03   9.9939083e-01   9.7355026e-03   1.0426653e-02   3.1850899e-02
   1.0000000e-02   1.0000000e-02  -5.0000000e-03   9.9965732e-01   4.8137891e-03  -1.9894607e-02  -1.6317619e-02
   1.0000000e-02   1.0000000e-02   0.0000000e+00   9.9939083e-01  -2.8525283e-02  -6.1118173e-04  -2.0097502e-02
   1.0000000e-02   1.0000000e-02   5.0000000e-03   9.9904822e-01   4.3221804e-02   9.5839100e-05  -5.8751532e-03
