allow_base_reference = 0
/*0 0 0 1 0 0 0
  -1.2000000e-02   0.0000000e+00   0.0000000e+00   1.0000000e+00   0.0000000e+00   0.0000000e+00  -0.0000000e+00
  -1.1750000e-02   0.0000000e+00   0.0000000e+00   1.0000000e+00   0.0000000e+00   0.0000000e+00  -0.0000000e+00
  -1.1500000e-02   0.0000000e+00   0.0000000e+00   1.0000000e+00  -0.0000000e+00   0.0000000e+00   0.0000000e+00
  -1.1250000e-02   0.0000000e+00   0.0000000e+00   1.0000000e+00   0.0000000e+00   0.0000000e+00   0.0000000e+00
  -1.1000000e-02   0.0000000e+00   0.0000000e+00   1.0000000e+00  -0.0000000e+00  -0.0000000e+00  -0.0000000e+00
  -1.0750000e-02   0.0000000e+00   0.0000000e+00   1.0000000e+00  -0.0000000e+00   0.0000000e+00   0.0000000e+00
  -1.0500000e-02   0.0000000e+00   0.0000000e+00   1.0000000e+00   0.0000000e+00  -0.0000000e+00   0.0000000e+00
  -1.0250000e-02   0.0000000e+00   0.0000000e+00   1.0000000e+00   0.0000000e+00  -0.0000000e+00   0.0000000e+00
  -1.0000000e-02   0.0000000e+00   0.0000000e+00   1.0000000e+00  -0.0000000e+00   0.0000000e+00   0.0000000e+00
  -9.7500000e-03   0.0000000e+00   0.0000000e+00   1.0000000e+00   0.0000000e+00   0.0000000e+00   0.0000000e+00
  -9.5000000e-03   0.0000000e+00   0.0000000e+00   1.0000000e+00   0.0000000e+00   0.0000000e+00  -0.0000000e+00
  -9.2500000e-03   0.0000000e+00   0.0000000e+00   1.0000000e+00   0.0000000e+00  -0.0000000e+00   0.0000000e+00
  -9.0000000e-03   0.0000000e+00   0.0000000e+00   1.0000000e+00  -0.0000000e+00  -0.0000000e+00  -0.0000000e+00
  -8.7500000e-03   0.0000000e+00   0.0000000e+00   1.0000000e+00   0.0000000e+00  -0.0000000e+00   0.0000000e+00
  -8.5000000e-03   0.0000000e+00   0.0000000e+00   1.0000000e+00   0.0000000e+00  -0.0000000e+00  -0.0000000e+00
  -8.2500000e-03   0.0000000e+00   0.0000000e+00   1.0000000e+00   0.0000000e+00   0.0000000e+00  -0.0000000e+00
  -8.0000000e-03   0.0000000e+00   0.0000000e+00   1.0000000e+00   0.0000000e+00  -0.0000000e+00   0.0000000e+00
  -7.7500000e-03   0.0000000e+00   0.0000000e+00   1.0000000e+00   0.0000000e+00   0.0000000e+00  -0.0000000e+00
  -7.5000000e-03   0.0000000e+00   0.0000000e+00   1.0000000e+00  -0.0000000e+00   0.0000000e+00  -0.0000000e+00
  -7.2500000e-03   0.0000000e+00   0.0000000e+00   1.0000000e+00  -0.0000000e+00  -0.0000000e+00  -0.0000000e+00
  -7.0000000e-03   0.0000000e+00   0.0000000e+00   1.0000000e+00   0.0000000e+00  -0.0000000e+00   0.0000000e+00
  -6.7500000e-03   0.0000000e+00   0.0000000e+00   1.0000000e+00   0.0000000e+00  -0.0000000e+00  -0.0000000e+00
  -6.5000000e-03   0.0000000e+00   0.0000000e+00   1.0000000e+00   0.0000000e+00  -0.0000000e+00   0.0000000e+00
  -6.2500000e-03   0.0000000e+00   0.0000000e+00   1.0000000e+00  -0.0000000e+00  -0.0000000e+00   0.0000000e+00
  -6.0000000e-03   0.0000000e+00   0.0000000e+00   1.0000000e+00   0.0000000e+00  -0.0000000e+00   0.0000000e+00
  -5.7500000e-03   0.0000000e+00   0.0000000e+00   1.0000000e+00   0.0000000e+00  -0.0000000e+00  -0.0000000e+00
  -5.5000000e-03   0.0000000e+00   0.0000000e+00   1.0000000e+00   0.0000000e+00   0.0000000e+00   0.0000000e+00
  -5.2500000e-03   0.0000000e+00   0.0000000e+00   1.0000000e+00  -0.0000000e+00   0.0000000e+00  -0.0000000e+00
  -5.0000000e-03   0.0000000e+00   0.0000000e+00   1.0000000e+00  -0.0000000e+00   0.0000000e+00  -0.0000000e+00
  -4.7500000e-03   0.0000000e+00   0.0000000e+00   1.0000000e+00   0.0000000e+00   0.0000000e+00   0.0000000e+00
  -4.5000000e-03   0.0000000e+00   0.0000000e+00   1.0000000e+00  -0.0000000e+00   0.0000000e+00  -0.0000000e+00
  -4.2500000e-03   0.0000000e+00   0.0000000e+00   1.0000000e+00  -0.0000000e+00  -0.0000000e+00  -0.0000000e+00
  -4.0000000e-03   0.0000000e+00   0.0000000e+00   1.0000000e+00   0.0000000e+00  -0.0000000e+00  -0.0000000e+00
  -3.7500000e-03   0.0000000e+00   0.0000000e+00   1.0000000e+00  -0.0000000e+00  -0.0000000e+00  -0.0000000e+00
  -3.5000000e-03   0.0000000e+00   0.0000000e+00   1.0000000e+00  -0.0000000e+00   0.0000000e+00   0.0000000e+00
  -3.2500000e-03   0.0000000e+00   0.0000000e+00   1.0000000e+00   0.0000000e+00   0.0000000e+00  -0.0000000e+00
  -3.0000000e-03   0.0000000e+00   0.0000000e+00   1.0000000e+00   0.0000000e+00  -0.0000000e+00  -0.0000000e+00
  -2.7500000e-03   0.0000000e+00   0.0000000e+00   1.0000000e+00   0.0000000e+00   0.0000000e+00  -0.0000000e+00
  -2.5000000e-03   0.0000000e+00   0.0000000e+00   1.0000000e+00  -0.0000000e+00  -0.0000000e+00  -0.0000000e+00
  -2.2500000e-03   0.0000000e+00   0.0000000e+00   1.0000000e+00   0.0000000e+00  -0.0000000e+00   0.0000000e+00
  -2.0000000e-03   0.0000000e+00   0.0000000e+00   1.0000000e+00   0.0000000e+00   0.0000000e+00  -0.0000000e+00
  -1.7500000e-03   0.0000000e+00   0.0000000e+00   1.0000000e+00   0.0000000e+00   0.0000000e+00  -0.0000000e+00
  -1.5000000e-03   0.0000000e+00   0.0000000e+00   1.0000000e+00  -0.0000000e+00   0.0000000e+00   0.0000000e+00
  -1.2500000e-03   0.0000000e+00   0.0000000e+00   1.0000000e+00   0.0000000e+00   0.0000000e+00   0.0000000e+00
  -1.0000000e-03   0.0000000e+00   0.0000000e+00   1.0000000e+00   0.0000000e+00  -0.0000000e+00   0.0000000e+00
  -7.5000000e-04   0.0000000e+00   0.0000000e+00   1.0000000e+00  -0.0000000e+00  -0.0000000e+00  -0.0000000e+00
  -5.0000000e-04   0.0000000e+00   0.0000000e+00   1.0000000e+00  -0.0000000e+00   0.0000000e+00   0.0000000e+00
  -2.5000000e-04   0.0000000e+00   0.0000000e+00   1.0000000e+00  -0.0000000e+00  -0.0000000e+00   0.0000000e+00
   2.5000000e-04   0.0000000e+00   0.0000000e+00   1.0000000e+00  -0.0000000e+00  -0.0000000e+00  -0.0000000e+00
   5.0000000e-04   0.0000000e+00   0.0000000e+00   1.0000000e+00  -0.0000000e+00   0.0000000e+00  -0.0000000e+00
   7.5000000e-04   0.0000000e+00   0.0000000e+00   1.0000000e+00   0.0000000e+00   0.0000000e+00  -0.0000000e+00
   1.0000000e-03   0.0000000e+00   0.0000000e+00   1.0000000e+00  -0.0000000e+00   0.0000000e+00  -0.0000000e+00
   1.2500000e-03   0.0000000e+00   0.0000000e+00   1.0000000e+00   0.0000000e+00  -0.0000000e+00   0.0000000e+00
   1.5000000e-03   0.0000000e+00   0.0000000e+00   1.0000000e+00   0.0000000e+00  -0.0000000e+00   0.0000000e+00
   1.7500000e-03   0.0000000e+00   0.0000000e+00   1.0000000e+00  -0.0000000e+00  -0.0000000e+00  -0.0000000e+00
   2.0000000e-03   0.0000000e+00   0.0000000e+00   1.0000000e+00   0.0000000e+00  -0.0000000e+00  -0.0000000e+00
   2.2500000e-03   0.0000000e+00   0.0000000e+00   1.0000000e+00   0.0000000e+00   0.0000000e+00   0.0000000e+00
   2.5000000e-03   0.0000000e+00   0.0000000e+00   1.0000000e+00   0.0000000e+00  -0.0000000e+00   0.0000000e+00
   2.7500000e-03   0.0000000e+00   0.0000000e+00   1.0000000e+00   0.0000000e+00   0.0000000e+00  -0.0000000e+00
   3.0000000e-03   0.0000000e+00   0.0000000e+00   1.0000000e+00  -0.0000000e+00   0.0000000e+00  -0.0000000e+00
   3.2500000e-03   0.0000000e+00   0.0000000e+00   1.0000000e+00   0.0000000e+00   0.0000000e+00  -0.0000000e+00
   3.5000000e-03   0.0000000e+00   0.0000000e+00   1.0000000e+00   0.0000000e+00  -0.0000000e+00  -0.0000000e+00
   3.7500000e-03   0.0000000e+00   0.0000000e+00   1.0000000e+00   0.0000000e+00  -0.0000000e+00  -0.0000000e+00
   4.0000000e-03   0.0000000e+00   0.0000000e+00   1.0000000e+00  -0.0000000e+00   0.0000000e+00   0.0000000e+00
   4.2500000e-03   0.0000000e+00   0.0000000e+00   1.0000000e+00  -0.0000000e+00  -0.0000000e+00  -0.0000000e+00
   4.5000000e-03   0.0000000e+00   0.0000000e+00   1.0000000e+00  -0.0000000e+00  -0.0000000e+00   0.0000000e+00
   4.7500000e-03   0.0000000e+00   0.0000000e+00   1.0000000e+00  -0.0000000e+00   0.0000000e+00  -0.0000000e+00
   5.0000000e-03   0.0000000e+00   0.0000000e+00   1.0000000e+00  -0.0000000e+00  -0.0000000e+00   0.0000000e+00
   5.2500000e-03   0.0000000e+00   0.0000000e+00   1.0000000e+00   0.0000000e+00  -0.0000000e+00  -0.0000000e+00
   5.5000000e-03   0.0000000e+00   0.0000000e+00   1.0000000e+00  -0.0000000e+00  -0.0000000e+00   0.0000000e+00
   5.7500000e-03   0.0000000e+00   0.0000000e+00   1.0000000e+00  -0.0000000e+00   0.0000000e+00   0.0000000e+00
   6.0000000e-03   0.0000000e+00   0.0000000e+00   1.0000000e+00   0.0000000e+00   0.0000000e+00   0.0000000e+00
   6.2500000e-03   0.0000000e+00   0.0000000e+00   1.0000000e+00  -0.0000000e+00   0.0000000e+00   0.0000000e+00
   6.5000000e-03   0.0000000e+00   0.0000000e+00   1.0000000e+00   0.0000000e+00  -0.0000000e+00   0.0000000e+00
   6.7500000e-03   0.0000000e+00   0.0000000e+00   1.0000000e+00  -0.0000000e+00  -0.0000000e+00   0.0000000e+00
   7.0000000e-03   0.0000000e+00   0.0000000e+00   1.0000000e+00  -0.0000000e+00  -0.0000000e+00   0.0000000e+00
   7.2500000e-03   0.0000000e+00   0.0000000e+00   1.0000000e+00   0.0000000e+00  -0.0000000e+00  -0.0000000e+00
   7.5000000e-03   0.0000000e+00   0.0000000e+00   1.0000000e+00  -0.0000000e+00  -0.0000000e+00   0.0000000e+00
   7.7500000e-03   0.0000000e+00   0.0000000e+00   1.0000000e+00   0.0000000e+00  -0.0000000e+00  -0.0000000e+00
   8.0000000e-03   0.0000000e+00   0.0000000e+00   1.0000000e+00   0.0000000e+00  -0.0000000e+00  -0.0000000e+00
   8.2500000e-03   0.0000000e+00   0.0000000e+00   1.0000000e+00   0.0000000e+00   0.0000000e+00  -0.0000000e+00
   8.5000000e-03   0.0000000e+00   0.0000000e+00   1.0000000e+00  -0.0000000e+00   0.0000000e+00   0.0000000e+00
   8.7500000e-03   0.0000000e+00   0.0000000e+00   1.0000000e+00  -0.0000000e+00   0.0000000e+00  -0.0000000e+00
   9.0000000e-03   0.0000000e+00   0.0000000e+00   1.0000000e+00   0.0000000e+00  -0.0000000e+00   0.0000000e+00
   9.2500000e-03   0.0000000e+00   0.0000000e+00   1.0000000e+00  -0.0000000e+00   0.0000000e+00  -0.0000000e+00
   9.5000000e-03   0.0000000e+00   0.0000000e+00   1.0000000e+00   0.0000000e+00   0.0000000e+00  -0.0000000e+00
   9.7500000e-03   0.0000000e+00   0.0000000e+00   1.0000000e+00   0.0000000e+00   0.0000000e+00   0.0000000e+00
   1.0000000e-02   0.0000000e+00   0.0000000e+00   1.0000000e+00   0.0000000e+00  -0.0000000e+00  -0.0000000e+00
   1.0250000e-02   0.0000000e+00   0.0000000e+00   1.0000000e+00  -0.0000000e+00  -0.0000000e+00  -0.0000000e+00
   1.0500000e-02   0.0000000e+00   0.0000000e+00   1.0000000e+00  -0.0000000e+00   0.0000000e+00  -0.0000000e+00
   1.0750000e-02   0.0000000e+00   0.0000000e+00   1.0000000e+00   0.0000000e+00  -0.0000000e+00  -0.0000000e+00
   1.1000000e-02   0.0000000e+00   0.0000000e+00   1.0000000e+00   0.0000000e+00  -0.0000000e+00  -0.0000000e+00
   1.1250000e-02   0.0000000e+00   0.0000000e+00   1.0000000e+00   0.0000000e+00   0.0000000e+00  -0.0000000e+00
   1.1500000e-02   0.0000000e+00   0.0000000e+00   1.0000000e+00   0.0000000e+00  -0.0000000e+00  -0.0000000e+00
   1.1750000e-02   0.0000000e+00   0.0000000e+00   1.0000000e+00  -0.0000000e+00  -0.0000000e+00   0.0000000e+00
   1.2000000e-02   0.0000000e+00   0.0000000e+00   1.0000000e+00   0.0000000e+00  -0.0000000e+00   0.0000000e+00
   0.0000000e+00  -1.2000000e-02   0.0000000e+00   1.0000000e+00   0.0000000e+00   0.0000000e+00  -0.0000000e+00
   0.0000000e+00  -1.1750000e-02   0.0000000e+00   1.0000000e+00  -0.0000000e+00   0.0000000e+00  -0.0000000e+00
   0.0000000e+00  -1.1500000e-02   0.0000000e+00   1.0000000e+00   0.0000000e+00   0.0000000e+00   0.0000000e+00
   0.0000000e+00  -1.1250000e-02   0.0000000e+00   1.0000000e+00  -0.0000000e+00  -0.0000000e+00   0.0000000e+00
   0.0000000e+00  -1.1000000e-02   0.0000000e+00   1.0000000e+00   0.0000000e+00   0.0000000e+00   0.0000000e+00
   0.0000000e+00  -1.0750000e-02   0.0000000e+00   1.0000000e+00   0.0000000e+00   0.0000000e+00  -0.0000000e+00
   0.0000000e+00  -1.0500000e-02   0.0000000e+00   1.0000000e+00  -0.0000000e+00  -0.0000000e+00   0.0000000e+00
   0.0000000e+00  -1.0250000e-02   0.0000000e+00   1.0000000e+00   0.0000000e+00  -0.0000000e+00   0.0000000e+00
   0.0000000e+00  -1.0000000e-02   0.0000000e+00   1.0000000e+00   0.0000000e+00  -0.0000000e+00  -0.0000000e+00
   0.0000000e+00  -9.7500000e-03   0.0000000e+00   1.0000000e+00   0.0000000e+00   0.0000000e+00  -0.0000000e+00
   0.0000000e+00  -9.5000000e-03   0.0000000e+00   1.0000000e+00   0.0000000e+00   0.0000000e+00  -0.0000000e+00
   0.0000000e+00  -9.2500000e-03   0.0000000e+00   1.0000000e+00   0.0000000e+00   0.0000000e+00   0.0000000e+00
   0.0000000e+00  -9.0000000e-03   0.0000000e+00   1.0000000e+00   0.0000000e+00  -0.0000000e+00   0.0000000e+00
   0.0000000e+00  -8.7500000e-03   0.0000000e+00   1.0000000e+00  -0.0000000e+00   0.0000000e+00  -0.0000000e+00
   0.0000000e+00  -8.5000000e-03   0.0000000e+00   1.0000000e+00  -0.0000000e+00  -0.0000000e+00   0.0000000e+00
   0.0000000e+00  -8.2500000e-03   0.0000000e+00   1.0000000e+00  -0.0000000e+00   0.0000000e+00  -0.0000000e+00
   0.0000000e+00  -8.0000000e-03   0.0000000e+00   1.0000000e+00   0.0000000e+00   0.0000000e+00   0.0000000e+00
   0.0000000e+00  -7.7500000e-03   0.0000000e+00   1.0000000e+00   0.0000000e+00  -0.0000000e+00  -0.0000000e+00
   0.0000000e+00  -7.5000000e-03   0.0000000e+00   1.0000000e+00   0.0000000e+00  -0.0000000e+00   0.0000000e+00
   0.0000000e+00  -7.2500000e-03   0.0000000e+00   1.0000000e+00  -0.0000000e+00  -0.0000000e+00  -0.0000000e+00
   0.0000000e+00  -7.0000000e-03   0.0000000e+00   1.0000000e+00  -0.0000000e+00  -0.0000000e+00   0.0000000e+00
   0.0000000e+00  -6.7500000e-03   0.0000000e+00   1.0000000e+00  -0.0000000e+00   0.0000000e+00  -0.0000000e+00
   0.0000000e+00  -6.5000000e-03   0.0000000e+00   1.0000000e+00   0.0000000e+00  -0.0000000e+00  -0.0000000e+00
   0.0000000e+00  -6.2500000e-03   0.0000000e+00   1.0000000e+00   0.0000000e+00  -0.0000000e+00   0.0000000e+00
   0.0000000e+00  -6.0000000e-03   0.0000000e+00   1.0000000e+00   0.0000000e+00  -0.0000000e+00  -0.0000000e+00
   0.0000000e+00  -5.7500000e-03   0.0000000e+00   1.0000000e+00  -0.0000000e+00   0.0000000e+00   0.0000000e+00
   0.0000000e+00  -5.5000000e-03   0.0000000e+00   1.0000000e+00  -0.0000000e+00  -0.0000000e+00  -0.0000000e+00
   0.0000000e+00  -5.2500000e-03   0.0000000e+00   1.0000000e+00   0.0000000e+00   0.0000000e+00   0.0000000e+00
   0.0000000e+00  -5.0000000e-03   0.0000000e+00   1.0000000e+00   0.0000000e+00   0.0000000e+00  -0.0000000e+00
   0.0000000e+00  -4.7500000e-03   0.0000000e+00   1.0000000e+00  -0.0000000e+00  -0.0000000e+00   0.0000000e+00
   0.0000000e+00  -4.5000000e-03   0.0000000e+00   1.0000000e+00   0.0000000e+00   0.0000000e+00  -0.0000000e+00
   0.0000000e+00  -4.2500000e-03   0.0000000e+00   1.0000000e+00  -0.0000000e+00  -0.0000000e+00  -0.0000000e+00
   0.0000000e+00  -4.0000000e-03   0.0000000e+00   1.0000000e+00  -0.0000000e+00  -0.0000000e+00   0.0000000e+00
   0.0000000e+00  -3.7500000e-03   0.0000000e+00   1.0000000e+00  -0.0000000e+00   0.0000000e+00  -0.0000000e+00
   0.0000000e+00  -3.5000000e-03   0.0000000e+00   1.0000000e+00  -0.0000000e+00  -0.0000000e+00  -0.0000000e+00
   0.0000000e+00  -3.2500000e-03   0.0000000e+00   1.0000000e+00   0.0000000e+00   0.0000000e+00  -0.0000000e+00
   0.0000000e+00  -3.0000000e-03   0.0000000e+00   1.0000000e+00   0.0000000e+00  -0.0000000e+00  -0.0000000e+00
   0.0000000e+00  -2.7500000e-03   0.0000000e+00   1.0000000e+00   0.0000000e+00   0.0000000e+00  -0.0000000e+00
   0.0000000e+00  -2.5000000e-03   0.0000000e+00   1.0000000e+00   0.0000000e+00  -0.0000000e+00   0.0000000e+00
   0.0000000e+00  -2.2500000e-03   0.0000000e+00   1.0000000e+00   0.0000000e+00  -0.0000000e+00  -0.0000000e+00
   0.0000000e+00  -2.0000000e-03   0.0000000e+00   1.0000000e+00   0.0000000e+00   0.0000000e+00  -0.0000000e+00
   0.0000000e+00  -1.7500000e-03   0.0000000e+00   1.0000000e+00  -0.0000000e+00  -0.0000000e+00   0.0000000e+00
   0.0000000e+00  -1.5000000e-03   0.0000000e+00   1.0000000e+00   0.0000000e+00  -0.0000000e+00  -0.0000000e+00
   0.0000000e+00  -1.2500000e-03   0.0000000e+00   1.0000000e+00   0.0000000e+00   0.0000000e+00  -0.0000000e+00
   0.0000000e+00  -1.0000000e-03   0.0000000e+00   1.0000000e+00  -0.0000000e+00  -0.0000000e+00  -0.0000000e+00
   0.0000000e+00  -7.5000000e-04   0.0000000e+00   1.0000000e+00  -0.0000000e+00  -0.0000000e+00   0.0000000e+00
   0.0000000e+00  -5.0000000e-04   0.0000000e+00   1.0000000e+00   0.0000000e+00   0.0000000e+00  -0.0000000e+00
   0.0000000e+00  -2.5000000e-04   0.0000000e+00   1.0000000e+00   0.0000000e+00  -0.0000000e+00  -0.0000000e+00
   0.0000000e+00   2.5000000e-04   0.0000000e+00   1.0000000e+00  -0.0000000e+00  -0.0000000e+00   0.0000000e+00
   0.0000000e+00   5.0000000e-04   0.0000000e+00   1.0000000e+00   0.0000000e+00   0.0000000e+00   0.0000000e+00
   0.0000000e+00   7.5000000e-04   0.0000000e+00   1.0000000e+00  -0.0000000e+00  -0.0000000e+00  -0.0000000e+00
   0.0000000e+00   1.0000000e-03   0.0000000e+00   1.0000000e+00  -0.0000000e+00   0.0000000e+00   0.0000000e+00
   0.0000000e+00   1.2500000e-03   0.0000000e+00   1.0000000e+00   0.0000000e+00  -0.0000000e+00   0.0000000e+00
   0.0000000e+00   1.5000000e-03   0.0000000e+00   1.0000000e+00  -0.0000000e+00  -0.0000000e+00   0.0000000e+00
   0.0000000e+00   1.7500000e-03   0.0000000e+00   1.0000000e+00   0.0000000e+00  -0.0000000e+00  -0.0000000e+00
   0.0000000e+00   2.0000000e-03   0.0000000e+00   1.0000000e+00  -0.0000000e+00  -0.0000000e+00  -0.0000000e+00
   0.0000000e+00   2.2500000e-03   0.0000000e+00   1.0000000e+00  -0.0000000e+00  -0.0000000e+00  -0.0000000e+00
   0.0000000e+00   2.5000000e-03   0.0000000e+00   1.0000000e+00  -0.0000000e+00   0.0000000e+00   0.0000000e+00
   0.0000000e+00   2.7500000e-03   0.0000000e+00   1.0000000e+00  -0.0000000e+00  -0.0000000e+00  -0.0000000e+00
   0.0000000e+00   3.0000000e-03   0.0000000e+00   1.0000000e+00  -0.0000000e+00   0.0000000e+00   0.0000000e+00
   0.0000000e+00   3.2500000e-03   0.0000000e+00   1.0000000e+00  -0.0000000e+00   0.0000000e+00  -0.0000000e+00
   0.0000000e+00   3.5000000e-03   0.0000000e+00   1.0000000e+00  -0.0000000e+00  -0.0000000e+00  -0.0000000e+00
   0.0000000e+00   3.7500000e-03   0.0000000e+00   1.0000000e+00   0.0000000e+00  -0.0000000e+00   0.0000000e+00
   0.0000000e+00   4.0000000e-03   0.0000000e+00   1.0000000e+00   0.0000000e+00  -0.0000000e+00   0.0000000e+00
   0.0000000e+00   4.2500000e-03   0.0000000e+00   1.0000000e+00   0.0000000e+00  -0.0000000e+00  -0.0000000e+00
   0.0000000e+00   4.5000000e-03   0.0000000e+00   1.0000000e+00   0.0000000e+00   0.0000000e+00   0.0000000e+00
   0.0000000e+00   4.7500000e-03   0.0000000e+00   1.0000000e+00   0.0000000e+00   0.0000000e+00  -0.0000000e+00
   0.0000000e+00   5.0000000e-03   0.0000000e+00   1.0000000e+00   0.0000000e+00   0.0000000e+00   0.0000000e+00
   0.0000000e+00   5.2500000e-03   0.0000000e+00   1.0000000e+00   0.0000000e+00   0.0000000e+00   0.0000000e+00
   0.0000000e+00   5.5000000e-03   0.0000000e+00   1.0000000e+00   0.0000000e+00   0.0000000e+00   0.0000000e+00
   0.0000000e+00   5.7500000e-03   0.0000000e+00   1.0000000e+00  -0.0000000e+00   0.0000000e+00   0.0000000e+00
   0.0000000e+00   6.0000000e-03   0.0000000e+00   1.0000000e+00  -0.0000000e+00  -0.0000000e+00   0.0000000e+00
   0.0000000e+00   6.2500000e-03   0.0000000e+00   1.0000000e+00   0.0000000e+00   0.0000000e+00  -0.0000000e+00
   0.0000000e+00   6.5000000e-03   0.0000000e+00   1.0000000e+00  -0.0000000e+00  -0.0000000e+00   0.0000000e+00
   0.0000000e+00   6.7500000e-03   0.0000000e+00   1.0000000e+00   0.0000000e+00   0.0000000e+00  -0.0000000e+00
   0.0000000e+00   7.0000000e-03   0.0000000e+00   1.0000000e+00   0.0000000e+00   0.0000000e+00  -0.0000000e+00
   0.0000000e+00   7.2500000e-03   0.0000000e+00   1.0000000e+00   0.0000000e+00  -0.0000000e+00   0.0000000e+00
   0.0000000e+00   7.5000000e-03   0.0000000e+00   1.0000000e+00   0.0000000e+00  -0.0000000e+00  -0.0000000e+00
   0.0000000e+00   7.7500000e-03   0.0000000e+00   1.0000000e+00   0.0000000e+00   0.0000000e+00  -0.0000000e+00
   0.0000000e+00   8.0000000e-03   0.0000000e+00   1.0000000e+00  -0.0000000e+00  -0.0000000e+00   0.0000000e+00
   0.0000000e+00   8.2500000e-03   0.0000000e+00   1.0000000e+00   0.0000000e+00  -0.0000000e+00   0.0000000e+00
   0.0000000e+00   8.5000000e-03   0.0000000e+00   1.0000000e+00  -0.0000000e+00   0.0000000e+00  -0.0000000e+00
   0.0000000e+00   8.7500000e-03   0.0000000e+00   1.0000000e+00   0.0000000e+00  -0.0000000e+00   0.0000000e+00
   0.0000000e+00   9.0000000e-03   0.0000000e+00   1.0000000e+00  -0.0000000e+00   0.0000000e+00  -0.0000000e+00
   0.0000000e+00   9.2500000e-03   0.0000000e+00   1.0000000e+00   0.0000000e+00  -0.0000000e+00  -0.0000000e+00
   0.0000000e+00   9.5000000e-03   0.0000000e+00   1.0000000e+00   0.0000000e+00  -0.0000000e+00   0.0000000e+00
   0.0000000e+00   9.7500000e-03   0.0000000e+00   1.0000000e+00   0.0000000e+00  -0.0000000e+00  -0.0000000e+00
   0.0000000e+00   1.0000000e-02   0.0000000e+00   1.0000000e+00  -0.0000000e+00  -0.0000000e+00  -0.0000000e+00
   0.0000000e+00   1.0250000e-02   0.0000000e+00   1.0000000e+00  -0.0000000e+00  -0.0000000e+00  -0.0000000e+00
   0.0000000e+00   1.0500000e-02   0.0000000e+00   1.0000000e+00  -0.0000000e+00  -0.0000000e+00  -0.0000000e+00
   0.0000000e+00   1.0750000e-02   0.0000000e+00   1.0000000e+00   0.0000000e+00  -0.0000000e+00  -0.0000000e+00
   0.0000000e+00   1.1000000e-02   0.0000000e+00   1.0000000e+00   0.0000000e+00  -0.0000000e+00  -0.0000000e+00
   0.0000000e+00   1.1250000e-02   0.0000000e+00   1.0000000e+00   0.0000000e+00   0.0000000e+00  -0.0000000e+00
   0.0000000e+00   1.1500000e-02   0.0000000e+00   1.0000000e+00  -0.0000000e+00   0.0000000e+00   0.0000000e+00
   0.0000000e+00   1.1750000e-02   0.0000000e+00   1.0000000e+00   0.0000000e+00   0.0000000e+00  -0.0000000e+00
   0.0000000e+00   1.2000000e-02   0.0000000e+00   1.0000000e+00  -0.0000000e+00  -0.0000000e+00   0.0000000e+00
   0.0000000e+00   0.0000000e+00  -4.0000000e-03   1.0000000e+00   0.0000000e+00   0.0000000e+00  -0.0000000e+00
   0.0000000e+00   0.0000000e+00  -3.9000000e-03   1.0000000e+00  -0.0000000e+00  -0.0000000e+00   0.0000000e+00
   0.0000000e+00   0.0000000e+00  -3.8000000e-03   1.0000000e+00   0.0000000e+00   0.0000000e+00  -0.0000000e+00
   0.0000000e+00   0.0000000e+00  -3.7000000e-03   1.0000000e+00  -0.0000000e+00   0.0000000e+00   0.0000000e+00
   0.0000000e+00   0.0000000e+00  -3.6000000e-03   1.0000000e+00   0.0000000e+00  -0.0000000e+00  -0.0000000e+00
   0.0000000e+00   0.0000000e+00  -3.5000000e-03   1.0000000e+00   0.0000000e+00  -0.0000000e+00  -0.0000000e+00
   0.0000000e+00   0.0000000e+00  -3.4000000e-03   1.0000000e+00   0.0000000e+00  -0.0000000e+00   0.0000000e+00
   0.0000000e+00   0.0000000e+00  -3.3000000e-03   1.0000000e+00   0.0000000e+00   0.0000000e+00  -0.0000000e+00
   0.0000000e+00   0.0000000e+00  -3.2000000e-03   1.0000000e+00  -0.0000000e+00  -0.0000000e+00   0.0000000e+00
   0.0000000e+00   0.0000000e+00  -3.1000000e-03   1.0000000e+00  -0.0000000e+00   0.0000000e+00  -0.0000000e+00
   0.0000000e+00   0.0000000e+00  -3.0000000e-03   1.0000000e+00  -0.0000000e+00   0.0000000e+00  -0.0000000e+00
   0.0000000e+00   0.0000000e+00  -2.9000000e-03   1.0000000e+00  -0.0000000e+00  -0.0000000e+00   0.0000000e+00
   0.0000000e+00   0.0000000e+00  -2.8000000e-03   1.0000000e+00  -0.0000000e+00   0.0000000e+00  -0.0000000e+00
   0.0000000e+00   0.0000000e+00  -2.7000000e-03   1.0000000e+00  -0.0000000e+00   0.0000000e+00   0.0000000e+00
   0.0000000e+00   0.0000000e+00  -2.6000000e-03   1.0000000e+00   0.0000000e+00   0.0000000e+00  -0.0000000e+00
   0.0000000e+00   0.0000000e+00  -2.5000000e-03   1.0000000e+00  -0.0000000e+00   0.0000000e+00  -0.0000000e+00
   0.0000000e+00   0.0000000e+00  -2.4000000e-03   1.0000000e+00  -0.0000000e+00  -0.0000000e+00  -0.0000000e+00
   0.0000000e+00   0.0000000e+00  -2.3000000e-03   1.0000000e+00   0.0000000e+00  -0.0000000e+00   0.0000000e+00
   0.0000000e+00   0.0000000e+00  -2.2000000e-03   1.0000000e+00   0.0000000e+00   0.0000000e+00  -0.0000000e+00
   0.0000000e+00   0.0000000e+00  -2.1000000e-03   1.0000000e+00   0.0000000e+00   0.0000000e+00   0.0000000e+00
   0.0000000e+00   0.0000000e+00  -2.0000000e-03   1.0000000e+00  -0.0000000e+00  -0.0000000e+00  -0.0000000e+00
   0.0000000e+00   0.0000000e+00  -1.9000000e-03   1.0000000e+00  -0.0000000e+00  -0.0000000e+00  -0.0000000e+00
   0.0000000e+00   0.0000000e+00  -1.8000000e-03   1.0000000e+00   0.0000000e+00   0.0000000e+00   0.0000000e+00
   0.0000000e+00   0.0000000e+00  -1.7000000e-03   1.0000000e+00  -0.0000000e+00   0.0000000e+00   0.0000000e+00
   0.0000000e+00   0.0000000e+00  -1.6000000e-03   1.0000000e+00  -0.0000000e+00   0.0000000e+00   0.0000000e+00
   0.0000000e+00   0.0000000e+00  -1.5000000e-03   1.0000000e+00   0.0000000e+00   0.0000000e+00   0.0000000e+00
   0.0000000e+00   0.0000000e+00  -1.4000000e-03   1.0000000e+00  -0.0000000e+00  -0.0000000e+00   0.0000000e+00
   0.0000000e+00   0.0000000e+00  -1.3000000e-03   1.0000000e+00   0.0000000e+00   0.0000000e+00  -0.0000000e+00
   0.0000000e+00   0.0000000e+00  -1.2000000e-03   1.0000000e+00  -0.0000000e+00  -0.0000000e+00   0.0000000e+00
   0.0000000e+00   0.0000000e+00  -1.1000000e-03   1.0000000e+00   0.0000000e+00   0.0000000e+00   0.0000000e+00
   0.0000000e+00   0.0000000e+00  -1.0000000e-03   1.0000000e+00  -0.0000000e+00  -0.0000000e+00  -0.0000000e+00
   0.0000000e+00   0.0000000e+00  -9.0000000e-04   1.0000000e+00   0.0000000e+00  -0.0000000e+00  -0.0000000e+00
   0.0000000e+00   0.0000000e+00  -8.0000000e-04   1.0000000e+00  -0.0000000e+00  -0.0000000e+00   0.0000000e+00
   0.0000000e+00   0.0000000e+00  -7.0000000e-04   1.0000000e+00  -0.0000000e+00   0.0000000e+00   0.0000000e+00
   0.0000000e+00   0.0000000e+00  -6.0000000e-04   1.0000000e+00  -0.0000000e+00   0.0000000e+00  -0.0000000e+00
   0.0000000e+00   0.0000000e+00  -5.0000000e-04   1.0000000e+00  -0.0000000e+00  -0.0000000e+00  -0.0000000e+00
   0.0000000e+00   0.0000000e+00  -4.0000000e-04   1.0000000e+00  -0.0000000e+00  -0.0000000e+00  -0.0000000e+00
   0.0000000e+00   0.0000000e+00  -3.0000000e-04   1.0000000e+00  -0.0000000e+00   0.0000000e+00   0.0000000e+00
   0.0000000e+00   0.0000000e+00  -2.0000000e-04   1.0000000e+00   0.0000000e+00   0.0000000e+00  -0.0000000e+00
   0.0000000e+00   0.0000000e+00  -1.0000000e-04   1.0000000e+00  -0.0000000e+00  -0.0000000e+00  -0.0000000e+00
   0.0000000e+00   0.0000000e+00   0.0000000e+00   1.0000000e+00  -0.0000000e+00   0.0000000e+00   0.0000000e+00
   0.0000000e+00   0.0000000e+00   1.0000000e-04   1.0000000e+00  -0.0000000e+00  -0.0000000e+00   0.0000000e+00
   0.0000000e+00   0.0000000e+00   2.0000000e-04   1.0000000e+00  -0.0000000e+00   0.0000000e+00  -0.0000000e+00
   0.0000000e+00   0.0000000e+00   3.0000000e-04   1.0000000e+00   0.0000000e+00   0.0000000e+00   0.0000000e+00
   0.0000000e+00   0.0000000e+00   4.0000000e-04   1.0000000e+00  -0.0000000e+00  -0.0000000e+00   0.0000000e+00
   0.0000000e+00   0.0000000e+00   5.0000000e-04   1.0000000e+00  -0.0000000e+00  -0.0000000e+00  -0.0000000e+00
   0.0000000e+00   0.0000000e+00   6.0000000e-04   1.0000000e+00  -0.0000000e+00  -0.0000000e+00   0.0000000e+00
   0.0000000e+00   0.0000000e+00   7.0000000e-04   1.0000000e+00  -0.0000000e+00  -0.0000000e+00  -0.0000000e+00
   0.0000000e+00   0.0000000e+00   8.0000000e-04   1.0000000e+00  -0.0000000e+00   0.0000000e+00   0.0000000e+00
   0.0000000e+00   0.0000000e+00   9.0000000e-04   1.0000000e+00  -0.0000000e+00   0.0000000e+00  -0.0000000e+00
   0.0000000e+00   0.0000000e+00   1.0000000e-03   1.0000000e+00   0.0000000e+00  -0.0000000e+00  -0.0000000e+00
   0.0000000e+00   0.0000000e+00   1.1000000e-03   1.0000000e+00   0.0000000e+00  -0.0000000e+00  -0.0000000e+00
   0.0000000e+00   0.0000000e+00   1.2000000e-03   1.0000000e+00  -0.0000000e+00   0.0000000e+00   0.0000000e+00
   0.0000000e+00   0.0000000e+00   1.3000000e-03   1.0000000e+00   0.0000000e+00   0.0000000e+00  -0.0000000e+00
   0.0000000e+00   0.0000000e+00   1.4000000e-03   1.0000000e+00   0.0000000e+00  -0.0000000e+00  -0.0000000e+00
   0.0000000e+00   0.0000000e+00   1.5000000e-03   1.0000000e+00   0.0000000e+00  -0.0000000e+00   0.0000000e+00
   0.0000000e+00   0.0000000e+00   1.6000000e-03   1.0000000e+00   0.0000000e+00   0.0000000e+00  -0.0000000e+00
   0.0000000e+00   0.0000000e+00   1.7000000e-03   1.0000000e+00   0.0000000e+00   0.0000000e+00  -0.0000000e+00
   0.0000000e+00   0.0000000e+00   1.8000000e-03   1.0000000e+00  -0.0000000e+00   0.0000000e+00  -0.0000000e+00
   0.0000000e+00   0.0000000e+00   1.9000000e-03   1.0000000e+00   0.0000000e+00  -0.0000000e+00  -0.0000000e+00
   0.0000000e+00   0.0000000e+00   2.0000000e-03   1.0000000e+00  -0.0000000e+00   0.0000000e+00   0.0000000e+00
   0.0000000e+00   0.0000000e+00   2.1000000e-03   1.0000000e+00  -0.0000000e+00   0.0000000e+00  -0.0000000e+00
   0.0000000e+00   0.0000000e+00   2.2000000e-03   1.0000000e+00   0.0000000e+00   0.0000000e+00   0.0000000e+00
   0.0000000e+00   0.0000000e+00   2.3000000e-03   1.0000000e+00   0.0000000e+00   0.0000000e+00   0.0000000e+00
   0.0000000e+00   0.0000000e+00   2.4000000e-03   1.0000000e+00  -0.0000000e+00   0.0000000e+00   0.0000000e+00
   0.0000000e+00   0.0000000e+00   2.5000000e-03   1.0000000e+00   0.0000000e+00  -0.0000000e+00  -0.0000000e+00
   0.0000000e+00   0.0000000e+00   2.6000000e-03   1.0000000e+00   0.0000000e+00   0.0000000e+00  -0.0000000e+00
   0.0000000e+00   0.0000000e+00   2.7000000e-03   1.0000000e+00   0.0000000e+00   0.0000000e+00   0.0000000e+00
   0.0000000e+00   0.0000000e+00   2.8000000e-03   1.0000000e+00   0.0000000e+00  -0.0000000e+00  -0.0000000e+00
   0.0000000e+00   0.0000000e+00   2.9000000e-03   1.0000000e+00   0.0000000e+00  -0.0000000e+00   0.0000000e+00
   0.0000000e+00   0.0000000e+00   3.0000000e-03   1.0000000e+00   0.0000000e+00  -0.0000000e+00   0.0000000e+00
   0.0000000e+00   0.0000000e+00   3.1000000e-03   1.0000000e+00   0.0000000e+00  -0.0000000e+00  -0.0000000e+00
   0.0000000e+00   0.0000000e+00   3.2000000e-03   1.0000000e+00  -0.0000000e+00   0.0000000e+00   0.0000000e+00
   0.0000000e+00   0.0000000e+00   3.3000000e-03   1.0000000e+00   0.0000000e+00   0.0000000e+00   0.0000000e+00
   0.0000000e+00   0.0000000e+00   3.4000000e-03   1.0000000e+00  -0.0000000e+00   0.0000000e+00   0.0000000e+00
   0.0000000e+00   0.0000000e+00   3.5000000e-03   1.0000000e+00   0.0000000e+00   0.0000000e+00  -0.0000000e+00
   0.0000000e+00   0.0000000e+00   3.6000000e-03   1.0000000e+00   0.0000000e+00   0.0000000e+00  -0.0000000e+00
   0.0000000e+00   0.0000000e+00   3.7000000e-03   1.0000000e+00  -0.0000000e+00  -0.0000000e+00  -0.0000000e+00
   0.0000000e+00   0.0000000e+00   3.8000000e-03   1.0000000e+00   0.0000000e+00   0.0000000e+00   0.0000000e+00
   0.0000000e+00   0.0000000e+00   3.9000000e-03   1.0000000e+00   0.0000000e+00  -0.0000000e+00   0.0000000e+00
   0.0000000e+00   0.0000000e+00   4.0000000e-03   1.0000000e+00   0.0000000e+00  -0.0000000e+00   0.0000000e+00
   0.0000000e+00   0.0000000e+00   4.1000000e-03   1.0000000e+00  -0.0000000e+00   0.0000000e+00  -0.0000000e+00
   0.0000000e+00   0.0000000e+00   4.2000000e-03   1.0000000e+00  -0.0000000e+00  -0.0000000e+00   0.0000000e+00
   0.0000000e+00   0.0000000e+00   4.3000000e-03   1.0000000e+00   0.0000000e+00   0.0000000e+00  -0.0000000e+00
   0.0000000e+00   0.0000000e+00   4.4000000e-03   1.0000000e+00  -0.0000000e+00  -0.0000000e+00  -0.0000000e+00
   0.0000000e+00   0.0000000e+00   4.5000000e-03   1.0000000e+00   0.0000000e+00  -0.0000000e+00   0.0000000e+00
   0.0000000e+00   0.0000000e+00   4.6000000e-03   1.0000000e+00  -0.0000000e+00  -0.0000000e+00   0.0000000e+00
   0.0000000e+00   0.0000000e+00   4.7000000e-03   1.0000000e+00   0.0000000e+00  -0.0000000e+00   0.0000000e+00
   0.0000000e+00   0.0000000e+00   4.8000000e-03   1.0000000e+00  -0.0000000e+00  -0.0000000e+00   0.0000000e+00
   0.0000000e+00   0.0000000e+00   4.9000000e-03   1.0000000e+00  -0.0000000e+00  -0.0000000e+00   0.0000000e+00
   0.0000000e+00   0.0000000e+00   5.0000000e-03   1.0000000e+00   0.0000000e+00   0.0000000e+00   0.0000000e+00
   0.0000000e+00   0.0000000e+00   5.1000000e-03   1.0000000e+00  -0.0000000e+00   0.0000000e+00   0.0000000e+00
   0.0000000e+00   0.0000000e+00   5.2000000e-03   1.0000000e+00   0.0000000e+00   0.0000000e+00   0.0000000e+00
   0.0000000e+00   0.0000000e+00   5.3000000e-03   1.0000000e+00   0.0000000e+00   0.0000000e+00   0.0000000e+00
   0.0000000e+00   0.0000000e+00   5.4000000e-03   1.0000000e+00   0.0000000e+00  -0.0000000e+00   0.0000000e+00
   0.0000000e+00   0.0000000e+00   5.5000000e-03   1.0000000e+00   0.0000000e+00  -0.0000000e+00   0.0000000e+00
   0.0000000e+00   0.0000000e+00   5.6000000e-03   1.0000000e+00  -0.0000000e+00   0.0000000e+00   0.0000000e+00
   0.0000000e+00   0.0000000e+00   5.7000000e-03   1.0000000e+00   0.0000000e+00  -0.0000000e+00   0.0000000e+00
   0.0000000e+00   0.0000000e+00   5.8000000e-03   1.0000000e+00  -0.0000000e+00   0.0000000e+00  -0.0000000e+00
   0.0000000e+00   0.0000000e+00   5.9000000e-03   1.0000000e+00  -0.0000000e+00  -0.0000000e+00   0.0000000e+00
   0.0000000e+00   0.0000000e+00   6.0000000e-03   1.0000000e+00   0.0000000e+00  -0.0000000e+00  -0.0000000e+0
   0.0000000e+00   0.0000000e+00   0.0000000e+00   9.9862953e-01  -5.2335956e-02  -0.0000000e+00  -0.0000000e+00
   0.0000000e+00   0.0000000e+00   0.0000000e+00   9.9867483e-01  -5.1464468e-02  -0.0000000e+00  -0.0000000e+00
   0.0000000e+00   0.0000000e+00   0.0000000e+00   9.9871936e-01  -5.0592940e-02  -0.0000000e+00  -0.0000000e+00
   0.0000000e+00   0.0000000e+00   0.0000000e+00   9.9876313e-01  -4.9721374e-02  -0.0000000e+00  -0.0000000e+00
   0.0000000e+00   0.0000000e+00   0.0000000e+00   9.9880614e-01  -4.8849770e-02  -0.0000000e+00  -0.0000000e+00
   0.0000000e+00   0.0000000e+00   0.0000000e+00   9.9884839e-01  -4.7978129e-02  -0.0000000e+00  -0.0000000e+00
   0.0000000e+00   0.0000000e+00   0.0000000e+00   9.9888987e-01  -4.7106451e-02  -0.0000000e+00  -0.0000000e+00
   0.0000000e+00   0.0000000e+00   0.0000000e+00   9.9893060e-01  -4.6234737e-02  -0.0000000e+00  -0.0000000e+00
   0.0000000e+00   0.0000000e+00   0.0000000e+00   9.9897057e-01  -4.5362988e-02  -0.0000000e+00  -0.0000000e+00
   0.0000000e+00   0.0000000e+00   0.0000000e+00   9.9900978e-01  -4.4491205e-02  -0.0000000e+00  -0.0000000e+00
   0.0000000e+00   0.0000000e+00   0.0000000e+00   9.9904822e-01  -4.3619387e-02  -0.0000000e+00  -0.0000000e+00
   0.0000000e+00   0.0000000e+00   0.0000000e+00   9.9908591e-01  -4.2747537e-02  -0.0000000e+00  -0.0000000e+00
   0.0000000e+00   0.0000000e+00   0.0000000e+00   9.9912283e-01  -4.1875654e-02  -0.0000000e+00  -0.0000000e+00
   0.0000000e+00   0.0000000e+00   0.0000000e+00   9.9915899e-01  -4.1003739e-02  -0.0000000e+00  -0.0000000e+00
   0.0000000e+00   0.0000000e+00   0.0000000e+00   9.9919440e-01  -4.0131793e-02  -0.0000000e+00  -0.0000000e+00
   0.0000000e+00   0.0000000e+00   0.0000000e+00   9.9922904e-01  -3.9259816e-02  -0.0000000e+00  -0.0000000e+00
   0.0000000e+00   0.0000000e+00   0.0000000e+00   9.9926292e-01  -3.8387809e-02  -0.0000000e+00  -0.0000000e+00
   0.0000000e+00   0.0000000e+00   0.0000000e+00   9.9929604e-01  -3.7515773e-02  -0.0000000e+00  -0.0000000e+00
   0.0000000e+00   0.0000000e+00   0.0000000e+00   9.9932839e-01  -3.6643709e-02  -0.0000000e+00  -0.0000000e+00
   0.0000000e+00   0.0000000e+00   0.0000000e+00   9.9935999e-01  -3.5771616e-02  -0.0000000e+00  -0.0000000e+00
   0.0000000e+00   0.0000000e+00   0.0000000e+00   9.9939083e-01  -3.4899497e-02  -0.0000000e+00  -0.0000000e+00
   0.0000000e+00   0.0000000e+00   0.0000000e+00   9.9942090e-01  -3.4027351e-02  -0.0000000e+00  -0.0000000e+00
   0.0000000e+00   0.0000000e+00   0.0000000e+00   9.9945022e-01  -3.3155178e-02  -0.0000000e+00  -0.0000000e+00
   0.0000000e+00   0.0000000e+00   0.0000000e+00   9.9947877e-01  -3.2282981e-02  -0.0000000e+00  -0.0000000e+00
   0.0000000e+00   0.0000000e+00   0.0000000e+00   9.9950656e-01  -3.1410759e-02  -0.0000000e+00  -0.0000000e+00
   0.0000000e+00   0.0000000e+00   0.0000000e+00   9.9953359e-01  -3.0538513e-02  -0.0000000e+00  -0.0000000e+00
   0.0000000e+00   0.0000000e+00   0.0000000e+00   9.9955986e-01  -2.9666244e-02  -0.0000000e+00  -0.0000000e+00
   0.0000000e+00   0.0000000e+00   0.0000000e+00   9.9958537e-01  -2.8793952e-02  -0.0000000e+00  -0.0000000e+00
   0.0000000e+00   0.0000000e+00   0.0000000e+00   9.9961012e-01  -2.7921639e-02  -0.0000000e+00  -0.0000000e+00
   0.0000000e+00   0.0000000e+00   0.0000000e+00   9.9963410e-01  -2.7049304e-02  -0.0000000e+00  -0.0000000e+00
   0.0000000e+00   0.0000000e+00   0.0000000e+00   9.9965732e-01  -2.6176948e-02  -0.0000000e+00  -0.0000000e+00
   0.0000000e+00   0.0000000e+00   0.0000000e+00   9.9967979e-01  -2.5304573e-02  -0.0000000e+00  -0.0000000e+00
   0.0000000e+00   0.0000000e+00   0.0000000e+00   9.9970149e-01  -2.4432178e-02  -0.0000000e+00  -0.0000000e+00
   0.0000000e+00   0.0000000e+00   0.0000000e+00   9.9972243e-01  -2.3559765e-02  -0.0000000e+00  -0.0000000e+00
   0.0000000e+00   0.0000000e+00   0.0000000e+00   9.9974261e-01  -2.2687334e-02  -0.0000000e+00  -0.0000000e+00
   0.0000000e+00   0.0000000e+00   0.0000000e+00   9.9976203e-01  -2.1814885e-02  -0.0000000e+00  -0.0000000e+00
   0.0000000e+00   0.0000000e+00   0.0000000e+00   9.9978068e-01  -2.0942420e-02  -0.0000000e+00  -0.0000000e+00
   0.0000000e+00   0.0000000e+00   0.0000000e+00   9.9979858e-01  -2.0069939e-02  -0.0000000e+00  -0.0000000e+00
   0.0000000e+00   0.0000000e+00   0.0000000e+00   9.9981571e-01  -1.9197442e-02  -0.0000000e+00  -0.0000000e+00
   0.0000000e+00   0.0000000e+00   0.0000000e+00   9.9983208e-01  -1.8324931e-02  -0.0000000e+00  -0.0000000e+00
   0.0000000e+00   0.0000000e+00   0.0000000e+00   9.9984770e-01  -1.7452406e-02  -0.0000000e+00  -0.0000000e+00
   0.0000000e+00   0.0000000e+00   0.0000000e+00   9.9986254e-01  -1.6579868e-02  -0.0000000e+00  -0.0000000e+00
   0.0000000e+00   0.0000000e+00   0.0000000e+00   9.9987663e-01  -1.5707317e-02  -0.0000000e+00  -0.0000000e+00
   0.0000000e+00   0.0000000e+00   0.0000000e+00   9.9988996e-01  -1.4834754e-02  -0.0000000e+00  -0.0000000e+00
   0.0000000e+00   0.0000000e+00   0.0000000e+00   9.9990252e-01  -1.3962180e-02  -0.0000000e+00  -0.0000000e+00
   0.0000000e+00   0.0000000e+00   0.0000000e+00   9.9991433e-01  -1.3089596e-02  -0.0000000e+00  -0.0000000e+00
   0.0000000e+00   0.0000000e+00   0.0000000e+00   9.9992537e-01  -1.2217001e-02  -0.0000000e+00  -0.0000000e+00
   0.0000000e+00   0.0000000e+00   0.0000000e+00   9.9993565e-01  -1.1344397e-02  -0.0000000e+00  -0.0000000e+00
   0.0000000e+00   0.0000000e+00   0.0000000e+00   9.9994517e-01  -1.0471784e-02  -0.0000000e+00  -0.0000000e+00
   0.0000000e+00   0.0000000e+00   0.0000000e+00   9.9995393e-01  -9.5991635e-03  -0.0000000e+00  -0.0000000e+00
   0.0000000e+00   0.0000000e+00   0.0000000e+00   9.9996192e-01  -8.7265355e-03  -0.0000000e+00  -0.0000000e+00
   0.0000000e+00   0.0000000e+00   0.0000000e+00   9.9996916e-01  -7.8539009e-03  -0.0000000e+00  -0.0000000e+00
   0.0000000e+00   0.0000000e+00   0.0000000e+00   9.9997563e-01  -6.9812603e-03  -0.0000000e+00  -0.0000000e+00
   0.0000000e+00   0.0000000e+00   0.0000000e+00   9.9998134e-01  -6.1086144e-03  -0.0000000e+00  -0.0000000e+00
   0.0000000e+00   0.0000000e+00   0.0000000e+00   9.9998629e-01  -5.2359638e-03  -0.0000000e+00  -0.0000000e+00
   0.0000000e+00   0.0000000e+00   0.0000000e+00   9.9999048e-01  -4.3633093e-03  -0.0000000e+00  -0.0000000e+00
   0.0000000e+00   0.0000000e+00   0.0000000e+00   9.9999391e-01  -3.4906514e-03  -0.0000000e+00  -0.0000000e+00
   0.0000000e+00   0.0000000e+00   0.0000000e+00   9.9999657e-01  -2.6179909e-03  -0.0000000e+00  -0.0000000e+00
   0.0000000e+00   0.0000000e+00   0.0000000e+00   9.9999848e-01  -1.7453284e-03  -0.0000000e+00  -0.0000000e+00
   0.0000000e+00   0.0000000e+00   0.0000000e+00   9.9999962e-01  -8.7266452e-04  -0.0000000e+00  -0.0000000e+00
   0.0000000e+00   0.0000000e+00   0.0000000e+00   1.0000000e+00   0.0000000e+00   0.0000000e+00   0.0000000e+00
   0.0000000e+00   0.0000000e+00   0.0000000e+00   9.9999962e-01   8.7266452e-04   0.0000000e+00   0.0000000e+00
   0.0000000e+00   0.0000000e+00   0.0000000e+00   9.9999848e-01   1.7453284e-03   0.0000000e+00   0.0000000e+00
   0.0000000e+00   0.0000000e+00   0.0000000e+00   9.9999657e-01   2.6179909e-03   0.0000000e+00   0.0000000e+00
   0.0000000e+00   0.0000000e+00   0.0000000e+00   9.9999391e-01   3.4906514e-03   0.0000000e+00   0.0000000e+00
   0.0000000e+00   0.0000000e+00   0.0000000e+00   9.9999048e-01   4.3633093e-03   0.0000000e+00   0.0000000e+00
   0.0000000e+00   0.0000000e+00   0.0000000e+00   9.9998629e-01   5.2359638e-03   0.0000000e+00   0.0000000e+00
   0.0000000e+00   0.0000000e+00   0.0000000e+00   9.9998134e-01   6.1086144e-03   0.0000000e+00   0.0000000e+00
   0.0000000e+00   0.0000000e+00   0.0000000e+00   9.9997563e-01   6.9812603e-03   0.0000000e+00   0.0000000e+00
   0.0000000e+00   0.0000000e+00   0.0000000e+00   9.9996916e-01   7.8539009e-03   0.0000000e+00   0.0000000e+00
   0.0000000e+00   0.0000000e+00   0.0000000e+00   9.9996192e-01   8.7265355e-03   0.0000000e+00   0.0000000e+00
   0.0000000e+00   0.0000000e+00   0.0000000e+00   9.9995393e-01   9.5991635e-03   0.0000000e+00   0.0000000e+00
   0.0000000e+00   0.0000000e+00   0.0000000e+00   9.9994517e-01   1.0471784e-02   0.0000000e+00   0.0000000e+00
   0.0000000e+00   0.0000000e+00   0.0000000e+00   9.9993565e-01   1.1344397e-02   0.0000000e+00   0.0000000e+00
   0.0000000e+00   0.0000000e+00   0.0000000e+00   9.9992537e-01   1.2217001e-02   0.0000000e+00   0.0000000e+00
   0.0000000e+00   0.0000000e+00   0.0000000e+00   9.9991433e-01   1.3089596e-02   0.0000000e+00   0.0000000e+00
   0.0000000e+00   0.0000000e+00   0.0000000e+00   9.9990252e-01   1.3962180e-02   0.0000000e+00   0.0000000e+00
   0.0000000e+00   0.0000000e+00   0.0000000e+00   9.9988996e-01   1.4834754e-02   0.0000000e+00   0.0000000e+00
   0.0000000e+00   0.0000000e+00   0.0000000e+00   9.9987663e-01   1.5707317e-02   0.0000000e+00   0.0000000e+00
   0.0000000e+00   0.0000000e+00   0.0000000e+00   9.9986254e-01   1.6579868e-02   0.0000000e+00   0.0000000e+00
   0.0000000e+00   0.0000000e+00   0.0000000e+00   9.9984770e-01   1.7452406e-02   0.0000000e+00   0.0000000e+00
   0.0000000e+00   0.0000000e+00   0.0000000e+00   9.9983208e-01   1.8324931e-02   0.0000000e+00   0.0000000e+00
   0.0000000e+00   0.0000000e+00   0.0000000e+00   9.9981571e-01   1.9197442e-02   0.0000000e+00   0.0000000e+00
   0.0000000e+00   0.0000000e+00   0.0000000e+00   9.9979858e-01   2.0069939e-02   0.0000000e+00   0.0000000e+00
   0.0000000e+00   0.0000000e+00   0.0000000e+00   9.9978068e-01   2.0942420e-02   0.0000000e+00   0.0000000e+00
   0.0000000e+00   0.0000000e+00   0.0000000e+00   9.9976203e-01   2.1814885e-02   0.0000000e+00   0.0000000e+00
   0.0000000e+00   0.0000000e+00   0.0000000e+00   9.9974261e-01   2.2687334e-02   0.0000000e+00   0.0000000e+00
   0.0000000e+00   0.0000000e+00   0.0000000e+00   9.9972243e-01   2.3559765e-02   0.0000000e+00   0.0000000e+00
   0.0000000e+00   0.0000000e+00   0.0000000e+00   9.9970149e-01   2.4432178e-02   0.0000000e+00   0.0000000e+00
   0.0000000e+00   0.0000000e+00   0.0000000e+00   9.9967979e-01   2.5304573e-02   0.0000000e+00   0.0000000e+00
   0.0000000e+00   0.0000000e+00   0.0000000e+00   9.9965732e-01   2.6176948e-02   0.0000000e+00   0.0000000e+00
   0.0000000e+00   0.0000000e+00   0.0000000e+00   9.9963410e-01   2.7049304e-02   0.0000000e+00   0.0000000e+00
   0.0000000e+00   0.0000000e+00   0.0000000e+00   9.9961012e-01   2.7921639e-02   0.0000000e+00   0.0000000e+00
   0.0000000e+00   0.0000000e+00   0.0000000e+00   9.9958537e-01   2.8793952e-02   0.0000000e+00   0.0000000e+00
   0.0000000e+00   0.0000000e+00   0.0000000e+00   9.9955986e-01   2.9666244e-02   0.0000000e+00   0.0000000e+00
   0.0000000e+00   0.0000000e+00   0.0000000e+00   9.9953359e-01   3.0538513e-02   0.0000000e+00   0.0000000e+00
   0.0000000e+00   0.0000000e+00   0.0000000e+00   9.9950656e-01   3.1410759e-02   0.0000000e+00   0.0000000e+00
   0.0000000e+00   0.0000000e+00   0.0000000e+00   9.9947877e-01   3.2282981e-02   0.0000000e+00   0.0000000e+00
   0.0000000e+00   0.0000000e+00   0.0000000e+00   9.9945022e-01   3.3155178e-02   0.0000000e+00   0.0000000e+00
   0.0000000e+00   0.0000000e+00   0.0000000e+00   9.9942090e-01   3.4027351e-02   0.0000000e+00   0.0000000e+00
   0.0000000e+00   0.0000000e+00   0.0000000e+00   9.9939083e-01   3.4899497e-02   0.0000000e+00   0.0000000e+00
   0.0000000e+00   0.0000000e+00   0.0000000e+00   9.9935999e-01   3.5771616e-02   0.0000000e+00   0.0000000e+00
   0.0000000e+00   0.0000000e+00   0.0000000e+00   9.9932839e-01   3.6643709e-02   0.0000000e+00   0.0000000e+00
   0.0000000e+00   0.0000000e+00   0.0000000e+00   9.9929604e-01   3.7515773e-02   0.0000000e+00   0.0000000e+00
   0.0000000e+00   0.0000000e+00   0.0000000e+00   9.9926292e-01   3.8387809e-02   0.0000000e+00   0.0000000e+00
   0.0000000e+00   0.0000000e+00   0.0000000e+00   9.9922904e-01   3.9259816e-02   0.0000000e+00   0.0000000e+00
   0.0000000e+00   0.0000000e+00   0.0000000e+00   9.9919440e-01   4.0131793e-02   0.0000000e+00   0.0000000e+00
   0.0000000e+00   0.0000000e+00   0.0000000e+00   9.9915899e-01   4.1003739e-02   0.0000000e+00   0.0000000e+00
   0.0000000e+00   0.0000000e+00   0.0000000e+00   9.9912283e-01   4.1875654e-02   0.0000000e+00   0.0000000e+00
   0.0000000e+00   0.0000000e+00   0.0000000e+00   9.9908591e-01   4.2747537e-02   0.0000000e+00   0.0000000e+00
   0.0000000e+00   0.0000000e+00   0.0000000e+00   9.9904822e-01   4.3619387e-02   0.0000000e+00   0.0000000e+00
   0.0000000e+00   0.0000000e+00   0.0000000e+00   9.9900978e-01   4.4491205e-02   0.0000000e+00   0.0000000e+00
   0.0000000e+00   0.0000000e+00   0.0000000e+00   9.9897057e-01   4.5362988e-02   0.0000000e+00   0.0000000e+00
   0.0000000e+00   0.0000000e+00   0.0000000e+00   9.9893060e-01   4.6234737e-02   0.0000000e+00   0.0000000e+00
   0.0000000e+00   0.0000000e+00   0.0000000e+00   9.9888987e-01   4.7106451e-02   0.0000000e+00   0.0000000e+00
   0.0000000e+00   0.0000000e+00   0.0000000e+00   9.9884839e-01   4.7978129e-02   0.0000000e+00   0.0000000e+00
   0.0000000e+00   0.0000000e+00   0.0000000e+00   9.9880614e-01   4.8849770e-02   0.0000000e+00   0.0000000e+00
   0.0000000e+00   0.0000000e+00   0.0000000e+00   9.9876313e-01   4.9721374e-02   0.0000000e+00   0.0000000e+00
   0.0000000e+00   0.0000000e+00   0.0000000e+00   9.9871936e-01   5.0592940e-02   0.0000000e+00   0.0000000e+00
   0.0000000e+00   0.0000000e+00   0.0000000e+00   9.9867483e-01   5.1464468e-02   0.0000000e+00   0.0000000e+00
   0.0000000e+00   0.0000000e+00   0.0000000e+00   9.9862953e-01   5.2335956e-02   0.0000000e+00   0.0000000e+00
   0.0000000e+00   0.0000000e+00   0.0000000e+00   9.9862953e-01  -0.0000000e+00  -5.2335956e-02  -0.0000000e+00
   0.0000000e+00   0.0000000e+00   0.0000000e+00   9.9867483e-01  -0.0000000e+00  -5.1464468e-02  -0.0000000e+00
   0.0000000e+00   0.0000000e+00   0.0000000e+00   9.9871936e-01  -0.0000000e+00  -5.0592940e-02  -0.0000000e+00
   0.0000000e+00   0.0000000e+00   0.0000000e+00   9.9876313e-01  -0.0000000e+00  -4.9721374e-02  -0.0000000e+00
   0.0000000e+00   0.0000000e+00   0.0000000e+00   9.9880614e-01  -0.0000000e+00  -4.8849770e-02  -0.0000000e+00
   0.0000000e+00   0.0000000e+00   0.0000000e+00   9.9884839e-01  -0.0000000e+00  -4.7978129e-02  -0.0000000e+00
   0.0000000e+00   0.0000000e+00   0.0000000e+00   9.9888987e-01  -0.0000000e+00  -4.7106451e-02  -0.0000000e+00
   0.0000000e+00   0.0000000e+00   0.0000000e+00   9.9893060e-01  -0.0000000e+00  -4.6234737e-02  -0.0000000e+00
   0.0000000e+00   0.0000000e+00   0.0000000e+00   9.9897057e-01  -0.0000000e+00  -4.5362988e-02  -0.0000000e+00
   0.0000000e+00   0.0000000e+00   0.0000000e+00   9.9900978e-01  -0.0000000e+00  -4.4491205e-02  -0.0000000e+00
   0.0000000e+00   0.0000000e+00   0.0000000e+00   9.9904822e-01  -0.0000000e+00  -4.3619387e-02  -0.0000000e+00
   0.0000000e+00   0.0000000e+00   0.0000000e+00   9.9908591e-01  -0.0000000e+00  -4.2747537e-02  -0.0000000e+00
   0.0000000e+00   0.0000000e+00   0.0000000e+00   9.9912283e-01  -0.0000000e+00  -4.1875654e-02  -0.0000000e+00
   0.0000000e+00   0.0000000e+00   0.0000000e+00   9.9915899e-01  -0.0000000e+00  -4.1003739e-02  -0.0000000e+00
   0.0000000e+00   0.0000000e+00   0.0000000e+00   9.9919440e-01  -0.0000000e+00  -4.0131793e-02  -0.0000000e+00
   0.0000000e+00   0.0000000e+00   0.0000000e+00   9.9922904e-01  -0.0000000e+00  -3.9259816e-02  -0.0000000e+00
   0.0000000e+00   0.0000000e+00   0.0000000e+00   9.9926292e-01  -0.0000000e+00  -3.8387809e-02  -0.0000000e+00
   0.0000000e+00   0.0000000e+00   0.0000000e+00   9.9929604e-01  -0.0000000e+00  -3.7515773e-02  -0.0000000e+00
   0.0000000e+00   0.0000000e+00   0.0000000e+00   9.9932839e-01  -0.0000000e+00  -3.6643709e-02  -0.0000000e+00
   0.0000000e+00   0.0000000e+00   0.0000000e+00   9.9935999e-01  -0.0000000e+00  -3.5771616e-02  -0.0000000e+00
   0.0000000e+00   0.0000000e+00   0.0000000e+00   9.9939083e-01  -0.0000000e+00  -3.4899497e-02  -0.0000000e+00
   0.0000000e+00   0.0000000e+00   0.0000000e+00   9.9942090e-01  -0.0000000e+00  -3.4027351e-02  -0.0000000e+00
   0.0000000e+00   0.0000000e+00   0.0000000e+00   9.9945022e-01  -0.0000000e+00  -3.3155178e-02  -0.0000000e+00
   0.0000000e+00   0.0000000e+00   0.0000000e+00   9.9947877e-01  -0.0000000e+00  -3.2282981e-02  -0.0000000e+00
   0.0000000e+00   0.0000000e+00   0.0000000e+00   9.9950656e-01  -0.0000000e+00  -3.1410759e-02  -0.0000000e+00
   0.0000000e+00   0.0000000e+00   0.0000000e+00   9.9953359e-01  -0.0000000e+00  -3.0538513e-02  -0.0000000e+00
   0.0000000e+00   0.0000000e+00   0.0000000e+00   9.9955986e-01  -0.0000000e+00  -2.9666244e-02  -0.0000000e+00
   0.0000000e+00   0.0000000e+00   0.0000000e+00   9.9958537e-01  -0.0000000e+00  -2.8793952e-02  -0.0000000e+00
   0.0000000e+00   0.0000000e+00   0.0000000e+00   9.9961012e-01  -0.0000000e+00  -2.7921639e-02  -0.0000000e+00
   0.0000000e+00   0.0000000e+00   0.0000000e+00   9.9963410e-01  -0.0000000e+00  -2.7049304e-02  -0.0000000e+00
   0.0000000e+00   0.0000000e+00   0.0000000e+00   9.9965732e-01  -0.0000000e+00  -2.6176948e-02  -0.0000000e+00
   0.0000000e+00   0.0000000e+00   0.0000000e+00   9.9967979e-01  -0.0000000e+00  -2.5304573e-02  -0.0000000e+00
   0.0000000e+00   0.0000000e+00   0.0000000e+00   9.9970149e-01  -0.0000000e+00  -2.4432178e-02  -0.0000000e+00
   0.0000000e+00   0.0000000e+00   0.0000000e+00   9.9972243e-01  -0.0000000e+00  -2.3559765e-02  -0.0000000e+00
   0.0000000e+00   0.0000000e+00   0.0000000e+00   9.9974261e-01  -0.0000000e+00  -2.2687334e-02  -0.0000000e+00
   0.0000000e+00   0.0000000e+00   0.0000000e+00   9.9976203e-01  -0.0000000e+00  -2.1814885e-02  -0.0000000e+00
   0.0000000e+00   0.0000000e+00   0.0000000e+00   9.9978068e-01  -0.0000000e+00  -2.0942420e-02  -0.0000000e+00
   0.0000000e+00   0.0000000e+00   0.0000000e+00   9.9979858e-01  -0.0000000e+00  -2.0069939e-02  -0.0000000e+00
   0.0000000e+00   0.0000000e+00   0.0000000e+00   9.9981571e-01  -0.0000000e+00  -1.9197442e-02  -0.0000000e+00
   0.0000000e+00   0.0000000e+00   0.0000000e+00   9.9983208e-01  -0.0000000e+00  -1.8324931e-02  -0.0000000e+00 */
   0.0000000e+00   0.0000000e+00   0.0000000e+00   9.9984770e-01  -0.0000000e+00  -1.7452406e-02  -0.0000000e+00
   0.0000000e+00   0.0000000e+00   0.0000000e+00   9.9986254e-01  -0.0000000e+00  -1.6579868e-02  -0.0000000e+00
   0.0000000e+00   0.0000000e+00   0.0000000e+00   9.9987663e-01  -0.0000000e+00  -1.5707317e-02  -0.0000000e+00
   0.0000000e+00   0.0000000e+00   0.0000000e+00   9.9988996e-01  -0.0000000e+00  -1.4834754e-02  -0.0000000e+00
   0.0000000e+00   0.0000000e+00   0.0000000e+00   9.9990252e-01  -0.0000000e+00  -1.3962180e-02  -0.0000000e+00
   0.0000000e+00   0.0000000e+00   0.0000000e+00   9.9991433e-01  -0.0000000e+00  -1.3089596e-02  -0.0000000e+00
   0.0000000e+00   0.0000000e+00   0.0000000e+00   9.9992537e-01  -0.0000000e+00  -1.2217001e-02  -0.0000000e+00
   0.0000000e+00   0.0000000e+00   0.0000000e+00   9.9993565e-01  -0.0000000e+00  -1.1344397e-02  -0.0000000e+00
   0.0000000e+00   0.0000000e+00   0.0000000e+00   9.9994517e-01  -0.0000000e+00  -1.0471784e-02  -0.0000000e+00
   0.0000000e+00   0.0000000e+00   0.0000000e+00   9.9995393e-01  -0.0000000e+00  -9.5991635e-03  -0.0000000e+00
   0.0000000e+00   0.0000000e+00   0.0000000e+00   9.9996192e-01  -0.0000000e+00  -8.7265355e-03  -0.0000000e+00
   0.0000000e+00   0.0000000e+00   0.0000000e+00   9.9996916e-01  -0.0000000e+00  -7.8539009e-03  -0.0000000e+00
   0.0000000e+00   0.0000000e+00   0.0000000e+00   9.9997563e-01  -0.0000000e+00  -6.9812603e-03  -0.0000000e+00
   0.0000000e+00   0.0000000e+00   0.0000000e+00   9.9998134e-01  -0.0000000e+00  -6.1086144e-03  -0.0000000e+00
   0.0000000e+00   0.0000000e+00   0.0000000e+00   9.9998629e-01  -0.0000000e+00  -5.2359638e-03  -0.0000000e+00
   0.0000000e+00   0.0000000e+00   0.0000000e+00   9.9999048e-01  -0.0000000e+00  -4.3633093e-03  -0.0000000e+00
   0.0000000e+00   0.0000000e+00   0.0000000e+00   9.9999391e-01  -0.0000000e+00  -3.4906514e-03  -0.0000000e+00
   0.0000000e+00   0.0000000e+00   0.0000000e+00   9.9999657e-01  -0.0000000e+00  -2.6179909e-03  -0.0000000e+00
   0.0000000e+00   0.0000000e+00   0.0000000e+00   9.9999848e-01  -0.0000000e+00  -1.7453284e-03  -0.0000000e+00
   0.0000000e+00   0.0000000e+00   0.0000000e+00   9.9999962e-01  -0.0000000e+00  -8.7266452e-04  -0.0000000e+00
   0.0000000e+00   0.0000000e+00   0.0000000e+00   1.0000000e+00   0.0000000e+00   0.0000000e+00   0.0000000e+00
   0.0000000e+00   0.0000000e+00   0.0000000e+00   9.9999962e-01   0.0000000e+00   8.7266452e-04   0.0000000e+00
   0.0000000e+00   0.0000000e+00   0.0000000e+00   9.9999848e-01   0.0000000e+00   1.7453284e-03   0.0000000e+00
   0.0000000e+00   0.0000000e+00   0.0000000e+00   9.9999657e-01   0.0000000e+00   2.6179909e-03   0.0000000e+00
   0.0000000e+00   0.0000000e+00   0.0000000e+00   9.9999391e-01   0.0000000e+00   3.4906514e-03   0.0000000e+00
   0.0000000e+00   0.0000000e+00   0.0000000e+00   9.9999048e-01   0.0000000e+00   4.3633093e-03   0.0000000e+00
   0.0000000e+00   0.0000000e+00   0.0000000e+00   9.9998629e-01   0.0000000e+00   5.2359638e-03   0.0000000e+00
   0.0000000e+00   0.0000000e+00   0.0000000e+00   9.9998134e-01   0.0000000e+00   6.1086144e-03   0.0000000e+00
   0.0000000e+00   0.0000000e+00   0.0000000e+00   9.9997563e-01   0.0000000e+00   6.9812603e-03   0.0000000e+00
   0.0000000e+00   0.0000000e+00   0.0000000e+00   9.9996916e-01   0.0000000e+00   7.8539009e-03   0.0000000e+00
   0.0000000e+00   0.0000000e+00   0.0000000e+00   9.9996192e-01   0.0000000e+00   8.7265355e-03   0.0000000e+00
   0.0000000e+00   0.0000000e+00   0.0000000e+00   9.9995393e-01   0.0000000e+00   9.5991635e-03   0.0000000e+00
   0.0000000e+00   0.0000000e+00   0.0000000e+00   9.9994517e-01   0.0000000e+00   1.0471784e-02   0.0000000e+00
   0.0000000e+00   0.0000000e+00   0.0000000e+00   9.9993565e-01   0.0000000e+00   1.1344397e-02   0.0000000e+00
   0.0000000e+00   0.0000000e+00   0.0000000e+00   9.9992537e-01   0.0000000e+00   1.2217001e-02   0.0000000e+00
   0.0000000e+00   0.0000000e+00   0.0000000e+00   9.9991433e-01   0.0000000e+00   1.3089596e-02   0.0000000e+00
   0.0000000e+00   0.0000000e+00   0.0000000e+00   9.9990252e-01   0.0000000e+00   1.3962180e-02   0.0000000e+00
   0.0000000e+00   0.0000000e+00   0.0000000e+00   9.9988996e-01   0.0000000e+00   1.4834754e-02   0.0000000e+00
   0.0000000e+00   0.0000000e+00   0.0000000e+00   9.9987663e-01   0.0000000e+00   1.5707317e-02   0.0000000e+00
   0.0000000e+00   0.0000000e+00   0.0000000e+00   9.9986254e-01   0.0000000e+00   1.6579868e-02   0.0000000e+00
   0.0000000e+00   0.0000000e+00   0.0000000e+00   9.9984770e-01   0.0000000e+00   1.7452406e-02   0.0000000e+00
   0.0000000e+00   0.0000000e+00   0.0000000e+00   9.9983208e-01   0.0000000e+00   1.8324931e-02   0.0000000e+00
   0.0000000e+00   0.0000000e+00   0.0000000e+00   9.9981571e-01   0.0000000e+00   1.9197442e-02   0.0000000e+00
   0.0000000e+00   0.0000000e+00   0.0000000e+00   9.9979858e-01   0.0000000e+00   2.0069939e-02   0.0000000e+00
   0.0000000e+00   0.0000000e+00   0.0000000e+00   9.9978068e-01   0.0000000e+00   2.0942420e-02   0.0000000e+00
   0.0000000e+00   0.0000000e+00   0.0000000e+00   9.9976203e-01   0.0000000e+00   2.1814885e-02   0.0000000e+00
   0.0000000e+00   0.0000000e+00   0.0000000e+00   9.9974261e-01   0.0000000e+00   2.2687334e-02   0.0000000e+00
   0.0000000e+00   0.0000000e+00   0.0000000e+00   9.9972243e-01   0.0000000e+00   2.3559765e-02   0.0000000e+00
   0.0000000e+00   0.0000000e+00   0.0000000e+00   9.9970149e-01   0.0000000e+00   2.4432178e-02   0.0000000e+00
   0.0000000e+00   0.0000000e+00   0.0000000e+00   9.9967979e-01   0.0000000e+00   2.5304573e-02   0.0000000e+00
   0.0000000e+00   0.0000000e+00   0.0000000e+00   9.9965732e-01   0.0000000e+00   2.6176948e-02   0.0000000e+00
   0.0000000e+00   0.0000000e+00   0.0000000e+00   9.9963410e-01   0.0000000e+00   2.7049304e-02   0.0000000e+00
   0.0000000e+00   0.0000000e+00   0.0000000e+00   9.9961012e-01   0.0000000e+00   2.7921639e-02   0.0000000e+00
   0.0000000e+00   0.0000000e+00   0.0000000e+00   9.9958537e-01   0.0000000e+00   2.8793952e-02   0.0000000e+00
   0.0000000e+00   0.0000000e+00   0.0000000e+00   9.9955986e-01   0.0000000e+00   2.9666244e-02   0.0000000e+00
   0.0000000e+00   0.0000000e+00   0.0000000e+00   9.9953359e-01   0.0000000e+00   3.0538513e-02   0.0000000e+00
   0.0000000e+00   0.0000000e+00   0.0000000e+00   9.9950656e-01   0.0000000e+00   3.1410759e-02   0.0000000e+00
   0.0000000e+00   0.0000000e+00   0.0000000e+00   9.9947877e-01   0.0000000e+00   3.2282981e-02   0.0000000e+00
   0.0000000e+00   0.0000000e+00   0.0000000e+00   9.9945022e-01   0.0000000e+00   3.3155178e-02   0.0000000e+00
   0.0000000e+00   0.0000000e+00   0.0000000e+00   9.9942090e-01   0.0000000e+00   3.4027351e-02   0.0000000e+00
   0.0000000e+00   0.0000000e+00   0.0000000e+00   9.9939083e-01   0.0000000e+00   3.4899497e-02   0.0000000e+00
   0.0000000e+00   0.0000000e+00   0.0000000e+00   9.9935999e-01   0.0000000e+00   3.5771616e-02   0.0000000e+00
   0.0000000e+00   0.0000000e+00   0.0000000e+00   9.9932839e-01   0.0000000e+00   3.6643709e-02   0.0000000e+00
   0.0000000e+00   0.0000000e+00   0.0000000e+00   9.9929604e-01   0.0000000e+00   3.7515773e-02   0.0000000e+00
   0.0000000e+00   0.0000000e+00   0.0000000e+00   9.9926292e-01   0.0000000e+00   3.8387809e-02   0.0000000e+00
   0.0000000e+00   0.0000000e+00   0.0000000e+00   9.9922904e-01   0.0000000e+00   3.9259816e-02   0.0000000e+00
   0.0000000e+00   0.0000000e+00   0.0000000e+00   9.9919440e-01   0.0000000e+00   4.0131793e-02   0.0000000e+00
   0.0000000e+00   0.0000000e+00   0.0000000e+00   9.9915899e-01   0.0000000e+00   4.1003739e-02   0.0000000e+00
   0.0000000e+00   0.0000000e+00   0.0000000e+00   9.9912283e-01   0.0000000e+00   4.1875654e-02   0.0000000e+00
   0.0000000e+00   0.0000000e+00   0.0000000e+00   9.9908591e-01   0.0000000e+00   4.2747537e-02   0.0000000e+00
   0.0000000e+00   0.0000000e+00   0.0000000e+00   9.9904822e-01   0.0000000e+00   4.3619387e-02   0.0000000e+00
   0.0000000e+00   0.0000000e+00   0.0000000e+00   9.9900978e-01   0.0000000e+00   4.4491205e-02   0.0000000e+00
   0.0000000e+00   0.0000000e+00   0.0000000e+00   9.9897057e-01   0.0000000e+00   4.5362988e-02   0.0000000e+00
   0.0000000e+00   0.0000000e+00   0.0000000e+00   9.9893060e-01   0.0000000e+00   4.6234737e-02   0.0000000e+00
   0.0000000e+00   0.0000000e+00   0.0000000e+00   9.9888987e-01   0.0000000e+00   4.7106451e-02   0.0000000e+00
   0.0000000e+00   0.0000000e+00   0.0000000e+00   9.9884839e-01   0.0000000e+00   4.7978129e-02   0.0000000e+00
   0.0000000e+00   0.0000000e+00   0.0000000e+00   9.9880614e-01   0.0000000e+00   4.8849770e-02   0.0000000e+00
   0.0000000e+00   0.0000000e+00   0.0000000e+00   9.9876313e-01   0.0000000e+00   4.9721374e-02   0.0000000e+00
   0.0000000e+00   0.0000000e+00   0.0000000e+00   9.9871936e-01   0.0000000e+00   5.0592940e-02   0.0000000e+00
   0.0000000e+00   0.0000000e+00   0.0000000e+00   9.9867483e-01   0.0000000e+00   5.1464468e-02   0.0000000e+00
   0.0000000e+00   0.0000000e+00   0.0000000e+00   9.9862953e-01   0.0000000e+00   5.2335956e-02   0.0000000e+00
   0.0000000e+00   0.0000000e+00   0.0000000e+00   9.9862953e-01  -0.0000000e+00  -0.0000000e+00  -5.2335956e-02
   0.0000000e+00   0.0000000e+00   0.0000000e+00   9.9867483e-01  -0.0000000e+00  -0.0000000e+00  -5.1464468e-02
   0.0000000e+00   0.0000000e+00   0.0000000e+00   9.9871936e-01  -0.0000000e+00  -0.0000000e+00  -5.0592940e-02
   0.0000000e+00   0.0000000e+00   0.0000000e+00   9.9876313e-01  -0.0000000e+00  -0.0000000e+00  -4.9721374e-02
   0.0000000e+00   0.0000000e+00   0.0000000e+00   9.9880614e-01  -0.0000000e+00  -0.0000000e+00  -4.8849770e-02
   0.0000000e+00   0.0000000e+00   0.0000000e+00   9.9884839e-01  -0.0000000e+00  -0.0000000e+00  -4.7978129e-02
   0.0000000e+00   0.0000000e+00   0.0000000e+00   9.9888987e-01  -0.0000000e+00  -0.0000000e+00  -4.7106451e-02
   0.0000000e+00   0.0000000e+00   0.0000000e+00   9.9893060e-01  -0.0000000e+00  -0.0000000e+00  -4.6234737e-02
   0.0000000e+00   0.0000000e+00   0.0000000e+00   9.9897057e-01  -0.0000000e+00  -0.0000000e+00  -4.5362988e-02
   0.0000000e+00   0.0000000e+00   0.0000000e+00   9.9900978e-01  -0.0000000e+00  -0.0000000e+00  -4.4491205e-02
   0.0000000e+00   0.0000000e+00   0.0000000e+00   9.9904822e-01  -0.0000000e+00  -0.0000000e+00  -4.3619387e-02
   0.0000000e+00   0.0000000e+00   0.0000000e+00   9.9908591e-01  -0.0000000e+00  -0.0000000e+00  -4.2747537e-02
   0.0000000e+00   0.0000000e+00   0.0000000e+00   9.9912283e-01  -0.0000000e+00  -0.0000000e+00  -4.1875654e-02
   0.0000000e+00   0.0000000e+00   0.0000000e+00   9.9915899e-01  -0.0000000e+00  -0.0000000e+00  -4.1003739e-02
   0.0000000e+00   0.0000000e+00   0.0000000e+00   9.9919440e-01  -0.0000000e+00  -0.0000000e+00  -4.0131793e-02
   0.0000000e+00   0.0000000e+00   0.0000000e+00   9.9922904e-01  -0.0000000e+00  -0.0000000e+00  -3.9259816e-02
   0.0000000e+00   0.0000000e+00   0.0000000e+00   9.9926292e-01  -0.0000000e+00  -0.0000000e+00  -3.8387809e-02
   0.0000000e+00   0.0000000e+00   0.0000000e+00   9.9929604e-01  -0.0000000e+00  -0.0000000e+00  -3.7515773e-02
   0.0000000e+00   0.0000000e+00   0.0000000e+00   9.9932839e-01  -0.0000000e+00  -0.0000000e+00  -3.6643709e-02
   0.0000000e+00   0.0000000e+00   0.0000000e+00   9.9935999e-01  -0.0000000e+00  -0.0000000e+00  -3.5771616e-02
   0.0000000e+00   0.0000000e+00   0.0000000e+00   9.9939083e-01  -0.0000000e+00  -0.0000000e+00  -3.4899497e-02
   0.0000000e+00   0.0000000e+00   0.0000000e+00   9.9942090e-01  -0.0000000e+00  -0.0000000e+00  -3.4027351e-02
   0.0000000e+00   0.0000000e+00   0.0000000e+00   9.9945022e-01  -0.0000000e+00  -0.0000000e+00  -3.3155178e-02
   0.0000000e+00   0.0000000e+00   0.0000000e+00   9.9947877e-01  -0.0000000e+00  -0.0000000e+00  -3.2282981e-02
   0.0000000e+00   0.0000000e+00   0.0000000e+00   9.9950656e-01  -0.0000000e+00  -0.0000000e+00  -3.1410759e-02
   0.0000000e+00   0.0000000e+00   0.0000000e+00   9.9953359e-01  -0.0000000e+00  -0.0000000e+00  -3.0538513e-02
   0.0000000e+00   0.0000000e+00   0.0000000e+00   9.9955986e-01  -0.0000000e+00  -0.0000000e+00  -2.9666244e-02
   0.0000000e+00   0.0000000e+00   0.0000000e+00   9.9958537e-01  -0.0000000e+00  -0.0000000e+00  -2.8793952e-02
   0.0000000e+00   0.0000000e+00   0.0000000e+00   9.9961012e-01  -0.0000000e+00  -0.0000000e+00  -2.7921639e-02
   0.0000000e+00   0.0000000e+00   0.0000000e+00   9.9963410e-01  -0.0000000e+00  -0.0000000e+00  -2.7049304e-02
   0.0000000e+00   0.0000000e+00   0.0000000e+00   9.9965732e-01  -0.0000000e+00  -0.0000000e+00  -2.6176948e-02
   0.0000000e+00   0.0000000e+00   0.0000000e+00   9.9967979e-01  -0.0000000e+00  -0.0000000e+00  -2.5304573e-02
   0.0000000e+00   0.0000000e+00   0.0000000e+00   9.9970149e-01  -0.0000000e+00  -0.0000000e+00  -2.4432178e-02
   0.0000000e+00   0.0000000e+00   0.0000000e+00   9.9972243e-01  -0.0000000e+00  -0.0000000e+00  -2.3559765e-02
   0.0000000e+00   0.0000000e+00   0.0000000e+00   9.9974261e-01  -0.0000000e+00  -0.0000000e+00  -2.2687334e-02
   0.0000000e+00   0.0000000e+00   0.0000000e+00   9.9976203e-01  -0.0000000e+00  -0.0000000e+00  -2.1814885e-02
   0.0000000e+00   0.0000000e+00   0.0000000e+00   9.9978068e-01  -0.0000000e+00  -0.0000000e+00  -2.0942420e-02
   0.0000000e+00   0.0000000e+00   0.0000000e+00   9.9979858e-01  -0.0000000e+00  -0.0000000e+00  -2.0069939e-02
   0.0000000e+00   0.0000000e+00   0.0000000e+00   9.9981571e-01  -0.0000000e+00  -0.0000000e+00  -1.9197442e-02
   0.0000000e+00   0.0000000e+00   0.0000000e+00   9.9983208e-01  -0.0000000e+00  -0.0000000e+00  -1.8324931e-02
   0.0000000e+00   0.0000000e+00   0.0000000e+00   9.9984770e-01  -0.0000000e+00  -0.0000000e+00  -1.7452406e-02
   0.0000000e+00   0.0000000e+00   0.0000000e+00   9.9986254e-01  -0.0000000e+00  -0.0000000e+00  -1.6579868e-02
   0.0000000e+00   0.0000000e+00   0.0000000e+00   9.9987663e-01  -0.0000000e+00  -0.0000000e+00  -1.5707317e-02
   0.0000000e+00   0.0000000e+00   0.0000000e+00   9.9988996e-01  -0.0000000e+00  -0.0000000e+00  -1.4834754e-02
   0.0000000e+00   0.0000000e+00   0.0000000e+00   9.9990252e-01  -0.0000000e+00  -0.0000000e+00  -1.3962180e-02
   0.0000000e+00   0.0000000e+00   0.0000000e+00   9.9991433e-01  -0.0000000e+00  -0.0000000e+00  -1.3089596e-02
   0.0000000e+00   0.0000000e+00   0.0000000e+00   9.9992537e-01  -0.0000000e+00  -0.0000000e+00  -1.2217001e-02
   0.0000000e+00   0.0000000e+00   0.0000000e+00   9.9993565e-01  -0.0000000e+00  -0.0000000e+00  -1.1344397e-02
   0.0000000e+00   0.0000000e+00   0.0000000e+00   9.9994517e-01  -0.0000000e+00  -0.0000000e+00  -1.0471784e-02
   0.0000000e+00   0.0000000e+00   0.0000000e+00   9.9995393e-01  -0.0000000e+00  -0.0000000e+00  -9.5991635e-03
   0.0000000e+00   0.0000000e+00   0.0000000e+00   9.9996192e-01  -0.0000000e+00  -0.0000000e+00  -8.7265355e-03
   0.0000000e+00   0.0000000e+00   0.0000000e+00   9.9996916e-01  -0.0000000e+00  -0.0000000e+00  -7.8539009e-03
   0.0000000e+00   0.0000000e+00   0.0000000e+00   9.9997563e-01  -0.0000000e+00  -0.0000000e+00  -6.9812603e-03
   0.0000000e+00   0.0000000e+00   0.0000000e+00   9.9998134e-01  -0.0000000e+00  -0.0000000e+00  -6.1086144e-03
   0.0000000e+00   0.0000000e+00   0.0000000e+00   9.9998629e-01  -0.0000000e+00  -0.0000000e+00  -5.2359638e-03
   0.0000000e+00   0.0000000e+00   0.0000000e+00   9.9999048e-01  -0.0000000e+00  -0.0000000e+00  -4.3633093e-03
   0.0000000e+00   0.0000000e+00   0.0000000e+00   9.9999391e-01  -0.0000000e+00  -0.0000000e+00  -3.4906514e-03
   0.0000000e+00   0.0000000e+00   0.0000000e+00   9.9999657e-01  -0.0000000e+00  -0.0000000e+00  -2.6179909e-03
   0.0000000e+00   0.0000000e+00   0.0000000e+00   9.9999848e-01  -0.0000000e+00  -0.0000000e+00  -1.7453284e-03
   0.0000000e+00   0.0000000e+00   0.0000000e+00   9.9999962e-01  -0.0000000e+00  -0.0000000e+00  -8.7266452e-04
   0.0000000e+00   0.0000000e+00   0.0000000e+00   1.0000000e+00   0.0000000e+00   0.0000000e+00   0.0000000e+00
   0.0000000e+00   0.0000000e+00   0.0000000e+00   9.9999962e-01   0.0000000e+00   0.0000000e+00   8.7266452e-04
   0.0000000e+00   0.0000000e+00   0.0000000e+00   9.9999848e-01   0.0000000e+00   0.0000000e+00   1.7453284e-03
   0.0000000e+00   0.0000000e+00   0.0000000e+00   9.9999657e-01   0.0000000e+00   0.0000000e+00   2.6179909e-03
   0.0000000e+00   0.0000000e+00   0.0000000e+00   9.9999391e-01   0.0000000e+00   0.0000000e+00   3.4906514e-03
   0.0000000e+00   0.0000000e+00   0.0000000e+00   9.9999048e-01   0.0000000e+00   0.0000000e+00   4.3633093e-03
   0.0000000e+00   0.0000000e+00   0.0000000e+00   9.9998629e-01   0.0000000e+00   0.0000000e+00   5.2359638e-03
   0.0000000e+00   0.0000000e+00   0.0000000e+00   9.9998134e-01   0.0000000e+00   0.0000000e+00   6.1086144e-03
   0.0000000e+00   0.0000000e+00   0.0000000e+00   9.9997563e-01   0.0000000e+00   0.0000000e+00   6.9812603e-03
   0.0000000e+00   0.0000000e+00   0.0000000e+00   9.9996916e-01   0.0000000e+00   0.0000000e+00   7.8539009e-03
   0.0000000e+00   0.0000000e+00   0.0000000e+00   9.9996192e-01   0.0000000e+00   0.0000000e+00   8.7265355e-03
   0.0000000e+00   0.0000000e+00   0.0000000e+00   9.9995393e-01   0.0000000e+00   0.0000000e+00   9.5991635e-03
   0.0000000e+00   0.0000000e+00   0.0000000e+00   9.9994517e-01   0.0000000e+00   0.0000000e+00   1.0471784e-02
   0.0000000e+00   0.0000000e+00   0.0000000e+00   9.9993565e-01   0.0000000e+00   0.0000000e+00   1.1344397e-02
   0.0000000e+00   0.0000000e+00   0.0000000e+00   9.9992537e-01   0.0000000e+00   0.0000000e+00   1.2217001e-02
   0.0000000e+00   0.0000000e+00   0.0000000e+00   9.9991433e-01   0.0000000e+00   0.0000000e+00   1.3089596e-02
   0.0000000e+00   0.0000000e+00   0.0000000e+00   9.9990252e-01   0.0000000e+00   0.0000000e+00   1.3962180e-02
   0.0000000e+00   0.0000000e+00   0.0000000e+00   9.9988996e-01   0.0000000e+00   0.0000000e+00   1.4834754e-02
   0.0000000e+00   0.0000000e+00   0.0000000e+00   9.9987663e-01   0.0000000e+00   0.0000000e+00   1.5707317e-02
   0.0000000e+00   0.0000000e+00   0.0000000e+00   9.9986254e-01   0.0000000e+00   0.0000000e+00   1.6579868e-02
   0.0000000e+00   0.0000000e+00   0.0000000e+00   9.9984770e-01   0.0000000e+00   0.0000000e+00   1.7452406e-02
   0.0000000e+00   0.0000000e+00   0.0000000e+00   9.9983208e-01   0.0000000e+00   0.0000000e+00   1.8324931e-02
   0.0000000e+00   0.0000000e+00   0.0000000e+00   9.9981571e-01   0.0000000e+00   0.0000000e+00   1.9197442e-02
   0.0000000e+00   0.0000000e+00   0.0000000e+00   9.9979858e-01   0.0000000e+00   0.0000000e+00   2.0069939e-02
   0.0000000e+00   0.0000000e+00   0.0000000e+00   9.9978068e-01   0.0000000e+00   0.0000000e+00   2.0942420e-02
   0.0000000e+00   0.0000000e+00   0.0000000e+00   9.9976203e-01   0.0000000e+00   0.0000000e+00   2.1814885e-02
   0.0000000e+00   0.0000000e+00   0.0000000e+00   9.9974261e-01   0.0000000e+00   0.0000000e+00   2.2687334e-02
   0.0000000e+00   0.0000000e+00   0.0000000e+00   9.9972243e-01   0.0000000e+00   0.0000000e+00   2.3559765e-02
   0.0000000e+00   0.0000000e+00   0.0000000e+00   9.9970149e-01   0.0000000e+00   0.0000000e+00   2.4432178e-02
   0.0000000e+00   0.0000000e+00   0.0000000e+00   9.9967979e-01   0.0000000e+00   0.0000000e+00   2.5304573e-02
   0.0000000e+00   0.0000000e+00   0.0000000e+00   9.9965732e-01   0.0000000e+00   0.0000000e+00   2.6176948e-02
   0.0000000e+00   0.0000000e+00   0.0000000e+00   9.9963410e-01   0.0000000e+00   0.0000000e+00   2.7049304e-02
   0.0000000e+00   0.0000000e+00   0.0000000e+00   9.9961012e-01   0.0000000e+00   0.0000000e+00   2.7921639e-02
   0.0000000e+00   0.0000000e+00   0.0000000e+00   9.9958537e-01   0.0000000e+00   0.0000000e+00   2.8793952e-02
   0.0000000e+00   0.0000000e+00   0.0000000e+00   9.9955986e-01   0.0000000e+00   0.0000000e+00   2.9666244e-02
   0.0000000e+00   0.0000000e+00   0.0000000e+00   9.9953359e-01   0.0000000e+00   0.0000000e+00   3.0538513e-02
   0.0000000e+00   0.0000000e+00   0.0000000e+00   9.9950656e-01   0.0000000e+00   0.0000000e+00   3.1410759e-02
   0.0000000e+00   0.0000000e+00   0.0000000e+00   9.9947877e-01   0.0000000e+00   0.0000000e+00   3.2282981e-02
   0.0000000e+00   0.0000000e+00   0.0000000e+00   9.9945022e-01   0.0000000e+00   0.0000000e+00   3.3155178e-02
   0.0000000e+00   0.0000000e+00   0.0000000e+00   9.9942090e-01   0.0000000e+00   0.0000000e+00   3.4027351e-02
   0.0000000e+00   0.0000000e+00   0.0000000e+00   9.9939083e-01   0.0000000e+00   0.0000000e+00   3.4899497e-02
   0.0000000e+00   0.0000000e+00   0.0000000e+00   9.9935999e-01   0.0000000e+00   0.0000000e+00   3.5771616e-02
   0.0000000e+00   0.0000000e+00   0.0000000e+00   9.9932839e-01   0.0000000e+00   0.0000000e+00   3.6643709e-02
   0.0000000e+00   0.0000000e+00   0.0000000e+00   9.9929604e-01   0.0000000e+00   0.0000000e+00   3.7515773e-02
   0.0000000e+00   0.0000000e+00   0.0000000e+00   9.9926292e-01   0.0000000e+00   0.0000000e+00   3.8387809e-02
   0.0000000e+00   0.0000000e+00   0.0000000e+00   9.9922904e-01   0.0000000e+00   0.0000000e+00   3.9259816e-02
   0.0000000e+00   0.0000000e+00   0.0000000e+00   9.9919440e-01   0.0000000e+00   0.0000000e+00   4.0131793e-02
   0.0000000e+00   0.0000000e+00   0.0000000e+00   9.9915899e-01   0.0000000e+00   0.0000000e+00   4.1003739e-02
   0.0000000e+00   0.0000000e+00   0.0000000e+00   9.9912283e-01   0.0000000e+00   0.0000000e+00   4.1875654e-02
   0.0000000e+00   0.0000000e+00   0.0000000e+00   9.9908591e-01   0.0000000e+00   0.0000000e+00   4.2747537e-02
   0.0000000e+00   0.0000000e+00   0.0000000e+00   9.9904822e-01   0.0000000e+00   0.0000000e+00   4.3619387e-02
   0.0000000e+00   0.0000000e+00   0.0000000e+00   9.9900978e-01   0.0000000e+00   0.0000000e+00   4.4491205e-02
   0.0000000e+00   0.0000000e+00   0.0000000e+00   9.9897057e-01   0.0000000e+00   0.0000000e+00   4.5362988e-02
   0.0000000e+00   0.0000000e+00   0.0000000e+00   9.9893060e-01   0.0000000e+00   0.0000000e+00   4.6234737e-02
   0.0000000e+00   0.0000000e+00   0.0000000e+00   9.9888987e-01   0.0000000e+00   0.0000000e+00   4.7106451e-02
   0.0000000e+00   0.0000000e+00   0.0000000e+00   9.9884839e-01   0.0000000e+00   0.0000000e+00   4.7978129e-02
   0.0000000e+00   0.0000000e+00   0.0000000e+00   9.9880614e-01   0.0000000e+00   0.0000000e+00   4.8849770e-02
   0.0000000e+00   0.0000000e+00   0.0000000e+00   9.9876313e-01   0.0000000e+00   0.0000000e+00   4.9721374e-02
   0.0000000e+00   0.0000000e+00   0.0000000e+00   9.9871936e-01   0.0000000e+00   0.0000000e+00   5.0592940e-02
   0.0000000e+00   0.0000000e+00   0.0000000e+00   9.9867483e-01   0.0000000e+00   0.0000000e+00   5.1464468e-02
   0.0000000e+00   0.0000000e+00   0.0000000e+00   9.9862953e-01   0.0000000e+00   0.0000000e+00   5.2335956e-02
